Order ID,Product,Quantity Ordered,Price Each,Order Date,Purchase Address
209921,USB-C Charging Cable,1,11.95,06/23/24 19:34,"950 Walnut St, Portland, ME 04101"
209922,Macbook Pro Laptop,1,1700.0,06/30/24 10:05,"80 4th St, San Francisco, CA 94016"
209923,ThinkPad Laptop,1,999.99,06/24/24 20:18,"402 Jackson St, Los Angeles, CA 90001"
209924,27in FHD Monitor,1,149.99,06/05/24 10:21,"560 10th St, Seattle, WA 98101"
209925,Bose SoundSport Headphones,1,99.99,06/25/24 18:58,"545 2nd St, San Francisco, CA 94016"
209926,Apple Airpods Headphones,1,150.0,06/28/24 20:04,"386 Lake St, Seattle, WA 98101"
209927,Lightning Charging Cable,1,14.95,06/28/24 00:07,"29 Lincoln St, Los Angeles, CA 90001"
209928,Apple Airpods Headphones,1,150.0,06/16/24 21:30,"350 9th St, New York City, NY 10001"
209929,Wired Headphones,1,11.99,06/28/24 10:56,"612 Meadow St, Portland, OR 97035"
209930,27in FHD Monitor,1,149.99,06/02/24 11:22,"625 Ridge St, Los Angeles, CA 90001"
209931,Apple Airpods Headphones,1,150.0,06/24/24 13:55,"761 14th St, New York City, NY 10001"
209932,Flatscreen TV,1,300.0,06/12/24 14:36,"858 8th St, Boston, MA 02215"
209933,AA Batteries (4-pack),1,3.84,06/07/24 15:39,"932 Lakeview St, San Francisco, CA 94016"
209934,AAA Batteries (4-pack),1,2.99,06/13/24 20:53,"387 Dogwood St, Boston, MA 02215"
209935,AAA Batteries (4-pack),1,2.99,06/09/24 11:13,"530 Cedar St, Boston, MA 02215"
209936,34in Ultrawide Monitor,1,379.99,06/15/24 12:21,"769 Dogwood St, Dallas, TX 75001"
209937,AA Batteries (4-pack),1,3.84,06/29/24 18:01,"675 Maple St, Dallas, TX 75001"
209938,iPhone,1,700.0,06/15/24 12:29,"766 Meadow St, Seattle, WA 98101"
209938,Wired Headphones,1,11.99,06/15/24 12:29,"766 Meadow St, Seattle, WA 98101"
209939,Google Phone,1,600.0,06/08/24 16:55,"313 South St, San Francisco, CA 94016"
209940,34in Ultrawide Monitor,1,379.99,06/26/24 15:24,"990 South St, Atlanta, GA 30301"
209941,Wired Headphones,1,11.99,06/27/24 11:18,"486 13th St, Boston, MA 02215"
209942,27in 4K Gaming Monitor,1,389.99,06/19/24 13:52,"874 Wilson St, Austin, TX 73301"
209943,AAA Batteries (4-pack),3,2.99,06/23/24 16:19,"158 Willow St, Los Angeles, CA 90001"
209944,27in FHD Monitor,1,149.99,06/02/24 19:10,"916 Lake St, Austin, TX 73301"
209945,AA Batteries (4-pack),1,3.84,06/28/24 08:53,"211 12th St, San Francisco, CA 94016"
209946,Google Phone,1,600.0,06/28/24 22:13,"66 Cherry St, San Francisco, CA 94016"
209947,Apple Airpods Headphones,1,150.0,06/06/24 22:41,"7 Lakeview St, San Francisco, CA 94016"
209948,Macbook Pro Laptop,1,1700.0,06/09/24 01:48,"101 Spruce St, Atlanta, GA 30301"
209949,Google Phone,1,600.0,06/23/24 07:45,"637 12th St, San Francisco, CA 94016"
209949,USB-C Charging Cable,1,11.95,06/23/24 07:45,"637 12th St, San Francisco, CA 94016"
209950,Wired Headphones,2,11.99,06/01/24 18:03,"689 Walnut St, Los Angeles, CA 90001"
209951,27in 4K Gaming Monitor,1,389.99,06/30/24 13:04,"998 Johnson St, New York City, NY 10001"
209952,20in Monitor,1,109.99,06/26/24 17:48,"314 Willow St, Dallas, TX 75001"
209953,Google Phone,1,600.0,06/16/24 16:59,"753 6th St, Dallas, TX 75001"
209954,iPhone,1,700.0,06/16/24 07:21,"599 2nd St, San Francisco, CA 94016"
209955,AA Batteries (4-pack),1,3.84,06/15/24 21:25,"549 2nd St, Atlanta, GA 30301"
209956,AA Batteries (4-pack),2,3.84,06/26/24 15:23,"910 Jackson St, Seattle, WA 98101"
209957,AA Batteries (4-pack),1,3.84,06/13/24 12:23,"545 Dogwood St, Los Angeles, CA 90001"
209958,Wired Headphones,1,11.99,06/06/24 12:09,"326 Hickory St, Los Angeles, CA 90001"
209959,USB-C Charging Cable,1,11.95,06/01/24 15:48,"88 River St, Atlanta, GA 30301"
209960,USB-C Charging Cable,1,11.95,06/22/24 11:53,"333 Sunset St, Dallas, TX 75001"
209960,AA Batteries (4-pack),1,3.84,06/22/24 11:53,"333 Sunset St, Dallas, TX 75001"
209961,iPhone,1,700.0,06/01/24 23:00,"482 South St, Austin, TX 73301"
209961,Lightning Charging Cable,1,14.95,06/01/24 23:00,"482 South St, Austin, TX 73301"
209962,USB-C Charging Cable,1,11.95,06/23/24 10:58,"441 Cherry St, New York City, NY 10001"
209963,Lightning Charging Cable,1,14.95,06/13/24 18:58,"551 Hill St, Boston, MA 02215"
209964,USB-C Charging Cable,2,11.95,06/11/24 14:30,"822 8th St, Los Angeles, CA 90001"
209965,20in Monitor,1,109.99,06/24/24 14:00,"910 North St, San Francisco, CA 94016"
209966,Lightning Charging Cable,1,14.95,06/20/24 09:46,"743 Adams St, New York City, NY 10001"
209967,AA Batteries (4-pack),2,3.84,06/21/24 21:18,"584 Chestnut St, San Francisco, CA 94016"
209968,Apple Airpods Headphones,1,150.0,06/23/24 13:06,"120 Church St, Dallas, TX 75001"
209969,Apple Airpods Headphones,1,150.0,06/21/24 15:55,"133 Sunset St, Los Angeles, CA 90001"
209970,AAA Batteries (4-pack),1,2.99,06/08/24 20:58,"181 Meadow St, Seattle, WA 98101"
209971,AA Batteries (4-pack),1,3.84,06/22/24 15:11,"440 Maple St, Dallas, TX 75001"
209972,Wired Headphones,1,11.99,06/14/24 17:09,"690 11th St, New York City, NY 10001"
209973,Bose SoundSport Headphones,1,99.99,06/06/24 12:20,"658 Highland St, Austin, TX 73301"
209974,USB-C Charging Cable,1,11.95,06/11/24 10:06,"555 9th St, New York City, NY 10001"
209975,AA Batteries (4-pack),3,3.84,06/05/24 21:25,"152 Johnson St, New York City, NY 10001"
209976,Apple Airpods Headphones,1,150.0,06/26/24 11:52,"966 Washington St, Atlanta, GA 30301"
209977,AA Batteries (4-pack),1,3.84,06/01/24 06:28,"96 14th St, Los Angeles, CA 90001"
209978,Lightning Charging Cable,1,14.95,06/05/24 13:50,"57 1st St, Los Angeles, CA 90001"
209979,USB-C Charging Cable,1,11.95,06/24/24 09:42,"979 2nd St, San Francisco, CA 94016"
209980,Bose SoundSport Headphones,1,99.99,06/28/24 20:28,"875 Forest St, New York City, NY 10001"
209981,iPhone,1,700.0,06/05/24 19:25,"898 14th St, Los Angeles, CA 90001"
209982,27in 4K Gaming Monitor,1,389.99,06/17/24 19:31,"315 Forest St, New York City, NY 10001"
209983,Macbook Pro Laptop,1,1700.0,06/22/24 16:25,"702 Center St, Seattle, WA 98101"
209984,USB-C Charging Cable,1,11.95,06/03/24 06:50,"36 7th St, Seattle, WA 98101"
209985,Apple Airpods Headphones,1,150.0,06/05/24 22:18,"54 12th St, Portland, OR 97035"
209986,20in Monitor,1,109.99,06/23/24 16:49,"11 Wilson St, New York City, NY 10001"
209987,AAA Batteries (4-pack),3,2.99,06/03/24 03:22,"76 River St, Los Angeles, CA 90001"
209988,Wired Headphones,1,11.99,06/27/24 18:04,"403 Main St, San Francisco, CA 94016"
209989,iPhone,1,700.0,06/19/24 23:34,"285 8th St, Los Angeles, CA 90001"
209990,Google Phone,1,600.0,06/16/24 20:31,"557 Wilson St, Austin, TX 73301"
209991,AAA Batteries (4-pack),1,2.99,06/02/24 19:00,"835 Chestnut St, Boston, MA 02215"
209992,Apple Airpods Headphones,1,150.0,06/21/24 07:51,"207 13th St, Boston, MA 02215"
209993,USB-C Charging Cable,1,11.95,06/04/24 18:14,"810 Meadow St, Dallas, TX 75001"
209994,Lightning Charging Cable,1,14.95,06/28/24 21:01,"679 Washington St, Boston, MA 02215"
209995,27in 4K Gaming Monitor,1,389.99,06/13/24 19:16,"890 Washington St, Austin, TX 73301"
209996,Google Phone,1,600.0,06/13/24 08:21,"965 Johnson St, Austin, TX 73301"
209997,AA Batteries (4-pack),1,3.84,06/19/24 11:23,"594 Lake St, New York City, NY 10001"
209998,Bose SoundSport Headphones,1,99.99,06/17/24 23:15,"988 Madison St, San Francisco, CA 94016"
209999,Bose SoundSport Headphones,1,99.99,06/16/24 08:37,"949 10th St, Dallas, TX 75001"
210000,iPhone,1,700.0,06/06/24 19:17,"534 Park St, Los Angeles, CA 90001"
210001,AA Batteries (4-pack),1,3.84,06/22/24 12:47,"171 Madison St, Portland, OR 97035"
210002,AAA Batteries (4-pack),1,2.99,06/26/24 13:28,"124 Park St, San Francisco, CA 94016"
210003,Bose SoundSport Headphones,1,99.99,06/26/24 15:09,"928 West St, Boston, MA 02215"
210004,AAA Batteries (4-pack),1,2.99,06/23/24 14:40,"868 8th St, San Francisco, CA 94016"
210005,AAA Batteries (4-pack),1,2.99,06/12/24 19:53,"532 Willow St, Atlanta, GA 30301"
210006,Lightning Charging Cable,1,14.95,06/21/24 19:02,"186 14th St, Boston, MA 02215"
210007,iPhone,1,700.0,06/30/24 09:06,"133 Highland St, Dallas, TX 75001"
210008,27in FHD Monitor,1,149.99,06/19/24 00:07,"433 14th St, Portland, OR 97035"
210009,Bose SoundSport Headphones,1,99.99,06/29/24 09:24,"35 West St, Los Angeles, CA 90001"
210010,USB-C Charging Cable,1,11.95,06/01/24 10:56,"469 Pine St, Austin, TX 73301"
210011,AA Batteries (4-pack),1,3.84,06/13/24 15:10,"615 Forest St, Atlanta, GA 30301"
210012,34in Ultrawide Monitor,1,379.99,06/04/24 17:21,"507 1st St, San Francisco, CA 94016"
210013,AA Batteries (4-pack),2,3.84,06/17/24 17:27,"820 5th St, New York City, NY 10001"
210014,Wired Headphones,1,11.99,06/28/24 17:08,"465 Meadow St, Portland, OR 97035"
210015,Wired Headphones,1,11.99,06/06/24 18:12,"559 11th St, Atlanta, GA 30301"
210016,AA Batteries (4-pack),2,3.84,06/22/24 22:17,"34 14th St, San Francisco, CA 94016"
210017,AAA Batteries (4-pack),1,2.99,06/18/24 17:03,"624 Adams St, Atlanta, GA 30301"
210018,Lightning Charging Cable,1,14.95,06/14/24 15:01,"684 Maple St, San Francisco, CA 94016"
210019,Lightning Charging Cable,1,14.95,06/27/24 17:10,"505 Maple St, New York City, NY 10001"
210020,Apple Airpods Headphones,1,150.0,06/26/24 15:02,"920 Washington St, Los Angeles, CA 90001"
210021,AAA Batteries (4-pack),1,2.99,06/07/24 23:22,"627 Spruce St, Boston, MA 02215"
210022,Lightning Charging Cable,1,14.95,06/29/24 08:19,"943 9th St, San Francisco, CA 94016"
210023,AA Batteries (4-pack),3,3.84,06/12/24 21:24,"838 Dogwood St, Los Angeles, CA 90001"
210024,AAA Batteries (4-pack),1,2.99,06/19/24 20:21,"649 7th St, Dallas, TX 75001"
210025,20in Monitor,1,109.99,06/02/24 16:59,"940 14th St, New York City, NY 10001"
210026,Bose SoundSport Headphones,1,99.99,06/12/24 13:42,"878 4th St, San Francisco, CA 94016"
210027,Macbook Pro Laptop,1,1700.0,06/05/24 14:35,"763 2nd St, Los Angeles, CA 90001"
210028,27in FHD Monitor,1,149.99,06/15/24 18:24,"297 12th St, Dallas, TX 75001"
210029,Bose SoundSport Headphones,1,99.99,06/05/24 15:21,"509 4th St, Dallas, TX 75001"
210030,Macbook Pro Laptop,1,1700.0,06/03/24 09:11,"479 Willow St, Los Angeles, CA 90001"
210031,AAA Batteries (4-pack),1,2.99,06/08/24 11:01,"641 Lincoln St, Portland, OR 97035"
210032,AA Batteries (4-pack),1,3.84,06/27/24 11:59,"569 4th St, Atlanta, GA 30301"
210033,AA Batteries (4-pack),2,3.84,06/15/24 18:25,"749 North St, New York City, NY 10001"
210034,27in 4K Gaming Monitor,1,389.99,06/14/24 18:07,"476 1st St, Atlanta, GA 30301"
210035,27in FHD Monitor,1,149.99,06/30/24 14:02,"386 1st St, Dallas, TX 75001"
210036,AA Batteries (4-pack),1,3.84,06/08/24 19:05,"598 Meadow St, Boston, MA 02215"
210037,AAA Batteries (4-pack),1,2.99,06/26/24 09:53,"524 6th St, New York City, NY 10001"
210038,ThinkPad Laptop,1,999.99,06/15/24 14:49,"443 Maple St, New York City, NY 10001"
210039,AAA Batteries (4-pack),1,2.99,06/10/24 09:08,"988 Maple St, Dallas, TX 75001"
210040,AA Batteries (4-pack),1,3.84,06/29/24 14:30,"711 1st St, San Francisco, CA 94016"
210041,27in FHD Monitor,1,149.99,06/17/24 21:31,"225 West St, Atlanta, GA 30301"
210042,Flatscreen TV,1,300.0,06/21/24 06:28,"325 Park St, Portland, OR 97035"
210043,Apple Airpods Headphones,1,150.0,06/16/24 23:20,"395 Main St, Seattle, WA 98101"
210044,Apple Airpods Headphones,1,150.0,06/14/24 00:28,"372 Spruce St, Portland, OR 97035"
210045,Bose SoundSport Headphones,1,99.99,06/03/24 19:58,"287 Cedar St, Boston, MA 02215"
210046,Apple Airpods Headphones,1,150.0,06/15/24 11:08,"816 1st St, San Francisco, CA 94016"
210047,34in Ultrawide Monitor,1,379.99,06/06/24 18:53,"973 Lakeview St, San Francisco, CA 94016"
210048,Wired Headphones,1,11.99,06/05/24 07:41,"314 Ridge St, San Francisco, CA 94016"
210049,ThinkPad Laptop,1,999.99,06/20/24 18:20,"993 6th St, San Francisco, CA 94016"
210050,Bose SoundSport Headphones,1,99.99,06/13/24 11:24,"271 13th St, New York City, NY 10001"
210051,iPhone,1,700.0,06/11/24 16:15,"784 Pine St, Austin, TX 73301"
210052,USB-C Charging Cable,1,11.95,06/18/24 14:01,"24 Main St, Seattle, WA 98101"
210053,Lightning Charging Cable,1,14.95,06/04/24 11:55,"68 Lake St, Los Angeles, CA 90001"
210054,Lightning Charging Cable,1,14.95,06/22/24 18:26,"175 6th St, Los Angeles, CA 90001"
210055,Apple Airpods Headphones,1,150.0,06/17/24 20:00,"575 Wilson St, Portland, ME 04101"
210056,Macbook Pro Laptop,1,1700.0,06/09/24 00:13,"171 Lakeview St, Seattle, WA 98101"
210057,AAA Batteries (4-pack),2,2.99,06/19/24 09:23,"82 2nd St, Boston, MA 02215"
210058,Lightning Charging Cable,1,14.95,06/12/24 14:17,"641 1st St, Austin, TX 73301"
210059,27in FHD Monitor,1,149.99,06/06/24 18:50,"902 Hickory St, Los Angeles, CA 90001"
210060,USB-C Charging Cable,1,11.95,06/06/24 20:24,"592 Elm St, Portland, OR 97035"
210061,Flatscreen TV,1,300.0,06/28/24 23:36,"975 Elm St, San Francisco, CA 94016"
210062,AAA Batteries (4-pack),1,2.99,06/04/24 14:37,"709 Church St, New York City, NY 10001"
210063,Lightning Charging Cable,1,14.95,06/19/24 23:19,"77 Highland St, Atlanta, GA 30301"
210064,Lightning Charging Cable,1,14.95,06/16/24 20:39,"101 Lincoln St, Atlanta, GA 30301"
210064,27in FHD Monitor,1,149.99,06/16/24 20:39,"101 Lincoln St, Atlanta, GA 30301"
210065,Lightning Charging Cable,1,14.95,06/20/24 15:11,"490 River St, San Francisco, CA 94016"
210066,iPhone,1,700.0,06/07/24 12:07,"691 Cherry St, Dallas, TX 75001"
210067,Wired Headphones,1,11.99,06/16/24 15:47,"471 Lincoln St, Los Angeles, CA 90001"
210068,AA Batteries (4-pack),1,3.84,06/09/24 16:40,"868 6th St, San Francisco, CA 94016"
210069,Google Phone,1,600.0,06/11/24 06:26,"743 2nd St, New York City, NY 10001"
210070,AAA Batteries (4-pack),1,2.99,06/19/24 17:05,"977 Johnson St, San Francisco, CA 94016"
210071,Lightning Charging Cable,1,14.95,06/10/24 17:31,"988 Pine St, Portland, OR 97035"
210072,AA Batteries (4-pack),2,3.84,06/19/24 16:07,"921 4th St, San Francisco, CA 94016"
210073,Bose SoundSport Headphones,1,99.99,06/14/24 17:21,"400 Johnson St, Dallas, TX 75001"
Order ID,Product,Quantity Ordered,Price Each,Order Date,Purchase Address
210074,AA Batteries (4-pack),2,3.84,06/25/24 10:06,"794 Wilson St, Los Angeles, CA 90001"
210075,USB-C Charging Cable,1,11.95,06/07/24 14:29,"216 Main St, Los Angeles, CA 90001"
210076,AA Batteries (4-pack),1,3.84,06/16/24 22:58,"168 Washington St, New York City, NY 10001"
210077,Wired Headphones,1,11.99,06/15/24 07:33,"357 8th St, San Francisco, CA 94016"
210078,ThinkPad Laptop,1,999.99,06/08/24 17:12,"981 Chestnut St, Portland, OR 97035"
210079,LG Dryer,1,600.0,06/10/24 16:48,"516 Park St, San Francisco, CA 94016"
210080,AAA Batteries (4-pack),1,2.99,06/24/24 21:20,"280 Spruce St, Austin, TX 73301"
210081,Bose SoundSport Headphones,1,99.99,06/01/24 21:29,"354 Dogwood St, Atlanta, GA 30301"
210082,USB-C Charging Cable,1,11.95,06/02/24 15:26,"119 11th St, Los Angeles, CA 90001"
210083,Lightning Charging Cable,1,14.95,06/05/24 09:51,"468 12th St, Boston, MA 02215"
210084,ThinkPad Laptop,1,999.99,06/11/24 18:16,"696 Adams St, Los Angeles, CA 90001"
210085,27in FHD Monitor,1,149.99,06/08/24 19:13,"425 13th St, Austin, TX 73301"
210086,34in Ultrawide Monitor,1,379.99,06/02/24 21:09,"550 Lake St, San Francisco, CA 94016"
210087,Lightning Charging Cable,1,14.95,06/30/24 12:11,"720 Dogwood St, San Francisco, CA 94016"
210088,Wired Headphones,1,11.99,06/18/24 18:37,"619 7th St, Austin, TX 73301"
210089,USB-C Charging Cable,1,11.95,06/24/24 19:10,"177 8th St, Los Angeles, CA 90001"
210090,AAA Batteries (4-pack),3,2.99,06/29/24 15:43,"534 Johnson St, Portland, OR 97035"
210091,Macbook Pro Laptop,1,1700,06/03/24 05:39,"238 5th St, San Francisco, CA 94016"
210092,USB-C Charging Cable,1,11.95,06/02/24 19:52,"359 Jefferson St, San Francisco, CA 94016"
210093,Apple Airpods Headphones,1,150,06/04/24 08:52,"2 Hill St, San Francisco, CA 94016"
210094,AAA Batteries (4-pack),1,2.99,06/06/24 11:55,"968 2nd St, Austin, TX 73301"
210095,AAA Batteries (4-pack),2,2.99,06/27/24 14:01,"930 North St, Atlanta, GA 30301"
210096,27in FHD Monitor,1,149.99,06/10/24 10:17,"126 8th St, Atlanta, GA 30301"
210097,Lightning Charging Cable,1,14.95,06/07/24 12:26,"399 Spruce St, Seattle, WA 98101"
210098,AAA Batteries (4-pack),1,2.99,06/06/24 00:11,"587 Adams St, San Francisco, CA 94016"
210099,Lightning Charging Cable,2,14.95,06/17/24 20:56,"362 Highland St, Seattle, WA 98101"
210100,Apple Airpods Headphones,1,150,06/27/24 09:30,"550 7th St, New York City, NY 10001"
210101,Vareebadd Phone,1,400,06/05/24 13:53,"944 Hickory St, Los Angeles, CA 90001"
210102,Wired Headphones,1,11.99,06/17/24 09:05,"275 Forest St, San Francisco, CA 94016"
210103,Google Phone,1,600,06/01/24 17:58,"626 12th St, Los Angeles, CA 90001"
210104,Bose SoundSport Headphones,1,99.99,06/14/24 16:51,"324 Lake St, Los Angeles, CA 90001"
210105,AA Batteries (4-pack),3,3.84,06/19/24 20:22,"445 11th St, Boston, MA 02215"
210106,Wired Headphones,2,11.99,06/12/24 20:04,"531 Johnson St, Austin, TX 73301"
210107,Lightning Charging Cable,1,14.95,06/13/24 07:19,"325 Jefferson St, Los Angeles, CA 90001"
210108,27in FHD Monitor,1,149.99,06/25/24 12:37,"859 Center St, San Francisco, CA 94016"
210109,Lightning Charging Cable,1,14.95,06/24/24 12:04,"820 West St, Boston, MA 02215"
210110,Apple Airpods Headphones,1,150,06/13/24 18:26,"194 Hill St, Portland, OR 97035"
210111,Lightning Charging Cable,1,14.95,06/12/24 20:58,"792 9th St, Boston, MA 02215"
210112,USB-C Charging Cable,1,11.95,06/05/24 21:44,"838 Center St, San Francisco, CA 94016"
210113,USB-C Charging Cable,1,11.95,06/30/24 18:44,"258 Hickory St, Seattle, WA 98101"
210114,Wired Headphones,1,11.99,06/20/24 07:19,"559 Walnut St, San Francisco, CA 94016"
210115,Apple Airpods Headphones,1,150,06/04/24 19:16,"85 6th St, Boston, MA 02215"
210116,Bose SoundSport Headphones,1,99.99,06/13/24 21:52,"65 Elm St, San Francisco, CA 94016"
210117,Bose SoundSport Headphones,1,99.99,06/25/24 17:23,"371 9th St, New York City, NY 10001"
210118,Bose SoundSport Headphones,1,99.99,06/23/24 12:29,"208 1st St, San Francisco, CA 94016"
210119,Wired Headphones,2,11.99,06/24/24 18:02,"800 River St, Los Angeles, CA 90001"
210120,AA Batteries (4-pack),1,3.84,06/28/24 11:00,"316 Sunset St, Dallas, TX 75001"
210121,Wired Headphones,1,11.99,06/10/24 17:13,"330 Lake St, Boston, MA 02215"
210122,AA Batteries (4-pack),1,3.84,06/27/24 21:23,"448 Jefferson St, Dallas, TX 75001"
210123,AAA Batteries (4-pack),1,2.99,06/01/24 22:36,"194 12th St, San Francisco, CA 94016"
210124,Wired Headphones,1,11.99,06/13/24 10:16,"256 Washington St, Portland, ME 04101"
210125,Apple Airpods Headphones,1,150,06/01/24 11:02,"889 Sunset St, Boston, MA 02215"
210126,20in Monitor,1,109.99,06/21/24 18:51,"803 Pine St, Los Angeles, CA 90001"
210127,AA Batteries (4-pack),1,3.84,06/15/24 11:23,"592 Jackson St, San Francisco, CA 94016"
210128,Lightning Charging Cable,1,14.95,06/08/24 07:20,"880 Jackson St, New York City, NY 10001"
210129,USB-C Charging Cable,1,11.95,06/11/24 12:13,"36 6th St, Atlanta, GA 30301"
210130,AAA Batteries (4-pack),5,2.99,06/11/24 10:26,"714 Lincoln St, San Francisco, CA 94016"
210131,AA Batteries (4-pack),1,3.84,06/29/24 10:16,"653 Maple St, San Francisco, CA 94016"
210132,Apple Airpods Headphones,2,150,06/18/24 21:24,"127 5th St, San Francisco, CA 94016"
210133,AA Batteries (4-pack),2,3.84,06/26/24 19:19,"712 Park St, Seattle, WA 98101"
210134,AA Batteries (4-pack),1,3.84,06/17/24 11:40,"362 Chestnut St, Portland, OR 97035"
210135,Wired Headphones,2,11.99,06/26/24 23:56,"557 Dogwood St, San Francisco, CA 94016"
210136,Wired Headphones,1,11.99,06/12/24 22:13,"554 Dogwood St, Dallas, TX 75001"
210137,AA Batteries (4-pack),1,3.84,06/18/24 20:05,"479 2nd St, Los Angeles, CA 90001"
210138,27in 4K Gaming Monitor,1,389.99,06/25/24 17:58,"445 Wilson St, San Francisco, CA 94016"
210139,AA Batteries (4-pack),1,3.84,06/02/24 20:55,"572 Elm St, Boston, MA 02215"
210140,AA Batteries (4-pack),1,3.84,06/18/24 13:54,"746 Lincoln St, Los Angeles, CA 90001"
210141,Bose SoundSport Headphones,1,99.99,06/15/24 18:45,"6 Lake St, Los Angeles, CA 90001"
210142,Flatscreen TV,1,300,06/24/24 18:26,"669 7th St, San Francisco, CA 94016"
210143,Bose SoundSport Headphones,1,99.99,06/25/24 10:05,"777 Ridge St, Atlanta, GA 30301"
210144,27in 4K Gaming Monitor,1,389.99,06/17/24 15:19,"255 5th St, Portland, OR 97035"
210144,AA Batteries (4-pack),1,3.84,06/17/24 15:19,"255 5th St, Portland, OR 97035"
210145,20in Monitor,1,109.99,06/28/24 22:20,"860 Washington St, Atlanta, GA 30301"
210146,AA Batteries (4-pack),1,3.84,06/25/24 20:20,"199 7th St, San Francisco, CA 94016"
210147,Bose SoundSport Headphones,1,99.99,06/12/24 22:37,"144 Maple St, Austin, TX 73301"
210148,20in Monitor,1,109.99,06/16/24 07:24,"710 Washington St, Atlanta, GA 30301"
210148,Wired Headphones,1,11.99,06/16/24 07:24,"710 Washington St, Atlanta, GA 30301"
210149,USB-C Charging Cable,1,11.95,06/14/24 17:09,"978 Walnut St, Atlanta, GA 30301"
210150,27in FHD Monitor,1,149.99,06/11/24 13:10,"149 Pine St, San Francisco, CA 94016"
210151,USB-C Charging Cable,1,11.95,06/10/24 21:51,"655 1st St, Los Angeles, CA 90001"
210152,AAA Batteries (4-pack),2,2.99,06/20/24 22:11,"937 10th St, Portland, OR 97035"
210153,Lightning Charging Cable,2,14.95,06/09/24 14:58,"305 Cherry St, New York City, NY 10001"
210154,iPhone,1,700,06/02/24 16:07,"273 Madison St, New York City, NY 10001"
210155,AAA Batteries (4-pack),1,2.99,06/08/24 18:33,"636 West St, New York City, NY 10001"
210156,USB-C Charging Cable,1,11.95,06/02/24 11:37,"333 13th St, Los Angeles, CA 90001"
210157,AA Batteries (4-pack),1,3.84,06/20/24 08:46,"697 West St, San Francisco, CA 94016"
210158,27in 4K Gaming Monitor,1,389.99,06/12/24 11:50,"65 Hill St, San Francisco, CA 94016"
210159,Wired Headphones,1,11.99,06/12/24 13:43,"488 Johnson St, Dallas, TX 75001"
210160,Macbook Pro Laptop,1,1700,06/18/24 13:22,"711 Ridge St, New York City, NY 10001"
210161,Apple Airpods Headphones,1,150,06/27/24 19:24,"549 5th St, Boston, MA 02215"
210162,Macbook Pro Laptop,1,1700,06/20/24 21:02,"237 Maple St, Seattle, WA 98101"
210163,USB-C Charging Cable,1,11.95,06/16/24 13:57,"584 Meadow St, San Francisco, CA 94016"
210164,AAA Batteries (4-pack),1,2.99,06/06/24 20:05,"861 Walnut St, Portland, OR 97035"
210165,27in FHD Monitor,1,149.99,06/18/24 16:43,"569 River St, Los Angeles, CA 90001"
210166,Bose SoundSport Headphones,1,99.99,06/21/24 21:33,"883 Church St, Austin, TX 73301"
210167,Apple Airpods Headphones,1,150,06/23/24 14:57,"433 13th St, Dallas, TX 75001"
210168,USB-C Charging Cable,1,11.95,06/09/24 11:28,"690 West St, Seattle, WA 98101"
210169,AA Batteries (4-pack),1,3.84,06/26/24 19:04,"890 7th St, San Francisco, CA 94016"
210170,Vareebadd Phone,1,400,06/05/24 20:00,"405 Pine St, Seattle, WA 98101"
210171,Google Phone,1,600,06/30/24 13:59,"503 Dogwood St, New York City, NY 10001"
210172,USB-C Charging Cable,1,11.95,06/15/24 20:59,"661 Ridge St, New York City, NY 10001"
210173,20in Monitor,1,109.99,06/29/24 02:07,"240 Sunset St, Boston, MA 02215"
210174,27in FHD Monitor,1,149.99,06/05/24 15:22,"971 Madison St, San Francisco, CA 94016"
210175,AAA Batteries (4-pack),1,2.99,06/26/24 13:56,"945 Lincoln St, Austin, TX 73301"
210176,Google Phone,1,600,06/28/24 17:53,"98 Wilson St, Los Angeles, CA 90001"
210177,Wired Headphones,1,11.99,06/26/24 19:23,"831 Madison St, Los Angeles, CA 90001"
210178,34in Ultrawide Monitor,1,379.99,06/14/24 20:06,"2 Lake St, Boston, MA 02215"
210179,Google Phone,1,600,06/07/24 15:42,"143 Willow St, Boston, MA 02215"
210180,27in FHD Monitor,1,149.99,06/18/24 18:59,"227 Forest St, New York City, NY 10001"
210181,iPhone,1,700,06/01/24 10:30,"236 Madison St, Dallas, TX 75001"
210182,AA Batteries (4-pack),1,3.84,06/20/24 17:56,"396 Walnut St, Portland, OR 97035"
210183,AAA Batteries (4-pack),2,2.99,06/09/24 01:53,"201 Lake St, Boston, MA 02215"
210184,Wired Headphones,1,11.99,06/27/24 21:49,"551 Madison St, San Francisco, CA 94016"
210185,iPhone,1,700,06/27/24 08:16,"338 Meadow St, Portland, OR 97035"
210186,USB-C Charging Cable,1,11.95,06/04/24 15:47,"197 11th St, San Francisco, CA 94016"
210187,Lightning Charging Cable,2,14.95,06/28/24 15:36,"444 Lincoln St, Boston, MA 02215"
210188,AAA Batteries (4-pack),1,2.99,06/11/24 14:31,"462 Meadow St, Boston, MA 02215"
210189,iPhone,1,700,06/03/24 17:22,"430 Wilson St, New York City, NY 10001"
210190,34in Ultrawide Monitor,1,379.99,06/14/24 11:28,"475 Sunset St, Los Angeles, CA 90001"
210191,Flatscreen TV,1,300,06/27/24 18:47,"90 Hickory St, Atlanta, GA 30301"
210192,Apple Airpods Headphones,1,150,06/28/24 20:20,"114 Lincoln St, Dallas, TX 75001"
210193,34in Ultrawide Monitor,1,379.99,06/05/24 12:36,"902 Maple St, New York City, NY 10001"
210194,USB-C Charging Cable,1,11.95,06/30/24 15:43,"518 Chestnut St, Los Angeles, CA 90001"
210195,Apple Airpods Headphones,1,150,06/26/24 22:50,"343 Adams St, Dallas, TX 75001"
210196,AAA Batteries (4-pack),1,2.99,06/28/24 19:54,"505 Cherry St, Seattle, WA 98101"
210197,LG Dryer,1,600.0,06/11/24 18:50,"187 8th St, San Francisco, CA 94016"
210198,27in 4K Gaming Monitor,1,389.99,06/20/24 20:33,"437 Lakeview St, Seattle, WA 98101"
210199,Google Phone,1,600,06/10/24 11:14,"682 Madison St, San Francisco, CA 94016"
210200,34in Ultrawide Monitor,1,379.99,06/14/24 20:33,"688 Lincoln St, Dallas, TX 75001"
210201,Bose SoundSport Headphones,2,99.99,06/18/24 07:20,"135 14th St, Austin, TX 73301"
210202,Bose SoundSport Headphones,1,99.99,06/28/24 13:26,"734 Highland St, Los Angeles, CA 90001"
210203,Bose SoundSport Headphones,1,99.99,06/24/24 17:10,"172 Highland St, Atlanta, GA 30301"
210204,Apple Airpods Headphones,1,150,06/29/24 12:20,"72 Lake St, New York City, NY 10001"
210205,Flatscreen TV,1,300,06/08/24 16:00,"28 13th St, San Francisco, CA 94016"
210206,Wired Headphones,1,11.99,06/07/24 17:59,"994 Walnut St, Atlanta, GA 30301"
210207,Google Phone,1,600,06/16/24 09:47,"40 11th St, Portland, OR 97035"
210207,USB-C Charging Cable,1,11.95,06/16/24 09:47,"40 11th St, Portland, OR 97035"
210208,USB-C Charging Cable,2,11.95,06/02/24 19:37,"591 8th St, Dallas, TX 75001"
210209,ThinkPad Laptop,1,999.99,06/09/24 18:18,"322 11th St, San Francisco, CA 94016"
210210,LG Washing Machine,1,600.0,06/26/24 19:07,"948 Maple St, Boston, MA 02215"
210211,AA Batteries (4-pack),1,3.84,06/20/24 12:33,"358 Park St, Austin, TX 73301"
210212,AA Batteries (4-pack),1,3.84,06/29/24 11:22,"715 11th St, Los Angeles, CA 90001"
210213,Bose SoundSport Headphones,1,99.99,06/05/24 11:53,"936 Maple St, Los Angeles, CA 90001"
210214,27in FHD Monitor,1,149.99,06/18/24 20:00,"847 9th St, Los Angeles, CA 90001"
210215,AAA Batteries (4-pack),1,2.99,06/28/24 20:01,"106 North St, Atlanta, GA 30301"
210216,AAA Batteries (4-pack),1,2.99,06/14/24 18:52,"445 Highland St, Atlanta, GA 30301"
210217,20in Monitor,1,109.99,06/16/24 16:58,"735 Church St, Atlanta, GA 30301"
210218,Lightning Charging Cable,1,14.95,06/01/24 12:12,"52 9th St, New York City, NY 10001"
210219,USB-C Charging Cable,1,11.95,06/12/24 13:55,"896 Lakeview St, Los Angeles, CA 90001"
210220,AAA Batteries (4-pack),1,2.99,06/24/24 14:05,"601 Center St, Portland, OR 97035"
210221,20in Monitor,1,109.99,06/11/24 11:27,"285 1st St, Boston, MA 02215"
210222,34in Ultrawide Monitor,1,379.99,06/16/24 10:57,"83 Lincoln St, Los Angeles, CA 90001"
210223,AAA Batteries (4-pack),1,2.99,06/24/24 09:30,"566 South St, New York City, NY 10001"
210224,Apple Airpods Headphones,1,150,06/09/24 20:57,"283 Lakeview St, Atlanta, GA 30301"
210225,USB-C Charging Cable,1,11.95,06/01/24 16:58,"993 Hickory St, Seattle, WA 98101"
210226,Flatscreen TV,1,300,06/05/24 08:34,"295 Sunset St, San Francisco, CA 94016"
210227,USB-C Charging Cable,1,11.95,06/27/24 09:50,"479 4th St, Dallas, TX 75001"
210228,AA Batteries (4-pack),1,3.84,06/11/24 06:23,"178 Dogwood St, Portland, OR 97035"
210229,Lightning Charging Cable,1,14.95,06/07/24 08:00,"252 Johnson St, San Francisco, CA 94016"
210230,USB-C Charging Cable,1,11.95,06/03/24 21:52,"502 Hill St, Los Angeles, CA 90001"
210231,Wired Headphones,1,11.99,06/04/24 11:08,"650 Johnson St, Boston, MA 02215"
210232,Wired Headphones,1,11.99,06/06/24 16:43,"969 Forest St, Dallas, TX 75001"
210233,AA Batteries (4-pack),1,3.84,06/12/24 11:52,"240 Lincoln St, Seattle, WA 98101"
210234,Lightning Charging Cable,1,14.95,06/17/24 19:23,"202 4th St, Atlanta, GA 30301"
210235,34in Ultrawide Monitor,1,379.99,06/18/24 15:14,"922 Ridge St, Boston, MA 02215"
210236,Wired Headphones,1,11.99,06/09/24 11:17,"246 Lake St, San Francisco, CA 94016"
210237,Wired Headphones,1,11.99,06/04/24 08:22,"704 8th St, Atlanta, GA 30301"
210238,AAA Batteries (4-pack),1,2.99,06/05/24 13:35,"517 Adams St, Seattle, WA 98101"
210239,27in 4K Gaming Monitor,1,389.99,06/19/24 18:03,"139 Pine St, San Francisco, CA 94016"
210240,AAA Batteries (4-pack),1,2.99,06/04/24 13:36,"828 Pine St, San Francisco, CA 94016"
210241,Apple Airpods Headphones,1,150,06/04/24 13:49,"737 Jackson St, San Francisco, CA 94016"
210242,USB-C Charging Cable,2,11.95,06/03/24 19:17,"83 Sunset St, Austin, TX 73301"
210243,AA Batteries (4-pack),1,3.84,06/07/24 13:50,"970 Lincoln St, San Francisco, CA 94016"
210244,Lightning Charging Cable,1,14.95,06/20/24 22:51,"229 Sunset St, Austin, TX 73301"
210245,AAA Batteries (4-pack),1,2.99,06/14/24 12:31,"711 1st St, Los Angeles, CA 90001"
210246,Lightning Charging Cable,1,14.95,06/02/24 23:35,"809 Washington St, Portland, OR 97035"
210247,Lightning Charging Cable,1,14.95,06/21/24 16:30,"370 1st St, Los Angeles, CA 90001"
210248,AA Batteries (4-pack),2,3.84,06/16/24 22:58,"165 Highland St, Austin, TX 73301"
210249,Google Phone,1,600,06/10/24 05:05,"869 Johnson St, San Francisco, CA 94016"
210250,Wired Headphones,1,11.99,06/26/24 22:26,"977 Ridge St, Los Angeles, CA 90001"
,,,,,
210251,USB-C Charging Cable,1,11.95,06/03/24 21:02,"110 Dogwood St, New York City, NY 10001"
210252,AA Batteries (4-pack),1,3.84,06/15/24 18:53,"10 Center St, Los Angeles, CA 90001"
210253,Google Phone,1,600,06/11/24 20:40,"963 Lakeview St, Los Angeles, CA 90001"
210253,USB-C Charging Cable,1,11.95,06/11/24 20:40,"963 Lakeview St, Los Angeles, CA 90001"
210254,ThinkPad Laptop,1,999.99,06/14/24 13:24,"464 6th St, San Francisco, CA 94016"
210255,USB-C Charging Cable,1,11.95,06/09/24 21:56,"274 5th St, New York City, NY 10001"
210256,Lightning Charging Cable,1,14.95,06/01/24 18:27,"740 Adams St, San Francisco, CA 94016"
210257,34in Ultrawide Monitor,1,379.99,06/16/24 13:33,"302 Jefferson St, Boston, MA 02215"
210258,34in Ultrawide Monitor,1,379.99,06/01/24 14:03,"82 Cherry St, Austin, TX 73301"
210259,Wired Headphones,1,11.99,06/05/24 15:08,"832 Hill St, San Francisco, CA 94016"
210260,AA Batteries (4-pack),1,3.84,06/22/24 15:59,"916 9th St, San Francisco, CA 94016"
210261,AA Batteries (4-pack),2,3.84,06/30/24 10:08,"466 Ridge St, Atlanta, GA 30301"
210262,AAA Batteries (4-pack),1,2.99,06/22/24 19:50,"912 Meadow St, San Francisco, CA 94016"
210263,USB-C Charging Cable,1,11.95,06/29/24 00:45,"789 Johnson St, Los Angeles, CA 90001"
210264,Lightning Charging Cable,1,14.95,06/25/24 11:42,"780 Lake St, New York City, NY 10001"
210265,27in FHD Monitor,1,149.99,06/12/24 01:22,"620 Highland St, Dallas, TX 75001"
210266,27in FHD Monitor,1,149.99,06/14/24 11:43,"282 Elm St, Los Angeles, CA 90001"
210267,USB-C Charging Cable,1,11.95,06/24/24 10:23,"946 Johnson St, Los Angeles, CA 90001"
210268,AA Batteries (4-pack),1,3.84,06/04/24 18:59,"498 Park St, Dallas, TX 75001"
210269,Bose SoundSport Headphones,1,99.99,06/15/24 21:31,"212 Wilson St, Los Angeles, CA 90001"
210270,Lightning Charging Cable,1,14.95,06/06/24 12:34,"175 Sunset St, Los Angeles, CA 90001"
210271,Vareebadd Phone,1,400,06/15/24 16:00,"318 Church St, San Francisco, CA 94016"
210271,USB-C Charging Cable,1,11.95,06/15/24 16:00,"318 Church St, San Francisco, CA 94016"
210272,USB-C Charging Cable,1,11.95,06/19/24 05:46,"726 Meadow St, San Francisco, CA 94016"
210273,AA Batteries (4-pack),2,3.84,06/19/24 13:42,"391 Highland St, San Francisco, CA 94016"
210274,27in FHD Monitor,1,149.99,06/22/24 21:48,"436 West St, Atlanta, GA 30301"
210274,Apple Airpods Headphones,1,150,06/22/24 21:48,"436 West St, Atlanta, GA 30301"
210275,Apple Airpods Headphones,1,150,06/21/24 09:15,"63 Forest St, Dallas, TX 75001"
210276,ThinkPad Laptop,1,999.99,06/21/24 20:16,"719 Cedar St, San Francisco, CA 94016"
210277,Lightning Charging Cable,1,14.95,06/16/24 14:39,"294 Johnson St, Los Angeles, CA 90001"
210278,Flatscreen TV,1,300,06/20/24 11:22,"897 Walnut St, Austin, TX 73301"
210279,Flatscreen TV,1,300,06/14/24 09:02,"809 Spruce St, San Francisco, CA 94016"
210280,Bose SoundSport Headphones,1,99.99,06/30/24 21:08,"617 8th St, New York City, NY 10001"
210281,34in Ultrawide Monitor,1,379.99,06/02/24 20:09,"230 9th St, Dallas, TX 75001"
210282,ThinkPad Laptop,1,999.99,06/02/24 19:35,"572 Jefferson St, San Francisco, CA 94016"
210283,Wired Headphones,1,11.99,06/24/24 21:15,"774 West St, San Francisco, CA 94016"
210284,USB-C Charging Cable,1,11.95,06/16/24 21:00,"154 Johnson St, Boston, MA 02215"
210285,AAA Batteries (4-pack),3,2.99,06/14/24 18:49,"333 Elm St, Boston, MA 02215"
210285,Apple Airpods Headphones,1,150,06/14/24 18:49,"333 Elm St, Boston, MA 02215"
210286,USB-C Charging Cable,1,11.95,06/30/24 17:11,"300 Elm St, Los Angeles, CA 90001"
210287,Bose SoundSport Headphones,1,99.99,06/17/24 07:28,"244 11th St, San Francisco, CA 94016"
210288,AAA Batteries (4-pack),2,2.99,06/11/24 06:44,"439 Johnson St, San Francisco, CA 94016"
210289,27in 4K Gaming Monitor,1,389.99,06/22/24 23:18,"634 Church St, Los Angeles, CA 90001"
210290,Apple Airpods Headphones,1,150,06/15/24 10:47,"322 Main St, San Francisco, CA 94016"
210291,AA Batteries (4-pack),3,3.84,06/29/24 10:09,"706 Sunset St, New York City, NY 10001"
210292,Macbook Pro Laptop,2,1700,06/08/24 09:00,"953 Ridge St, San Francisco, CA 94016"
210293,AA Batteries (4-pack),2,3.84,06/17/24 13:47,"934 North St, Seattle, WA 98101"
210294,iPhone,1,700,06/06/24 15:00,"771 Chestnut St, Portland, OR 97035"
210295,Apple Airpods Headphones,1,150,06/17/24 18:35,"944 Meadow St, Los Angeles, CA 90001"
210296,27in FHD Monitor,1,149.99,06/19/24 13:41,"74 Lincoln St, Los Angeles, CA 90001"
210297,AAA Batteries (4-pack),2,2.99,06/08/24 19:59,"336 4th St, Los Angeles, CA 90001"
210298,USB-C Charging Cable,1,11.95,06/11/24 20:42,"429 10th St, Dallas, TX 75001"
210299,Apple Airpods Headphones,1,150,06/06/24 14:26,"454 9th St, San Francisco, CA 94016"
210300,27in FHD Monitor,1,149.99,06/12/24 10:12,"145 Hill St, San Francisco, CA 94016"
210301,27in FHD Monitor,1,149.99,06/10/24 16:20,"361 Meadow St, Los Angeles, CA 90001"
210302,Apple Airpods Headphones,1,150,06/24/24 15:52,"800 8th St, Austin, TX 73301"
210303,Vareebadd Phone,1,400,06/02/24 19:38,"578 7th St, Los Angeles, CA 90001"
210304,Apple Airpods Headphones,1,150,06/16/24 19:39,"357 4th St, San Francisco, CA 94016"
210305,Macbook Pro Laptop,1,1700,06/06/24 06:49,"51 Chestnut St, Los Angeles, CA 90001"
210306,20in Monitor,1,109.99,06/19/24 19:09,"785 Forest St, New York City, NY 10001"
210307,27in FHD Monitor,1,149.99,06/03/24 11:54,"866 4th St, Los Angeles, CA 90001"
210308,AAA Batteries (4-pack),1,2.99,06/19/24 17:35,"433 Lake St, Los Angeles, CA 90001"
210309,34in Ultrawide Monitor,1,379.99,06/26/24 10:58,"676 Cedar St, Austin, TX 73301"
210310,USB-C Charging Cable,1,11.95,06/12/24 10:27,"268 Washington St, New York City, NY 10001"
210310,Flatscreen TV,1,300,06/12/24 10:27,"268 Washington St, New York City, NY 10001"
210311,Apple Airpods Headphones,1,150,06/25/24 20:48,"610 Main St, Los Angeles, CA 90001"
210312,Apple Airpods Headphones,1,150,06/19/24 10:42,"788 1st St, Portland, OR 97035"
210313,AA Batteries (4-pack),1,3.84,06/09/24 20:04,"235 1st St, San Francisco, CA 94016"
210314,Wired Headphones,1,11.99,06/06/24 15:31,"345 Spruce St, Los Angeles, CA 90001"
210315,Lightning Charging Cable,1,14.95,06/22/24 18:13,"248 River St, Atlanta, GA 30301"
210316,Flatscreen TV,1,300,06/14/24 00:35,"676 River St, Dallas, TX 75001"
210317,27in FHD Monitor,1,149.99,06/25/24 10:48,"18 Dogwood St, San Francisco, CA 94016"
210318,34in Ultrawide Monitor,1,379.99,06/22/24 23:07,"344 Highland St, Los Angeles, CA 90001"
210319,USB-C Charging Cable,1,11.95,06/20/24 18:18,"228 Forest St, Seattle, WA 98101"
210320,Apple Airpods Headphones,1,150,06/22/24 10:23,"465 Madison St, San Francisco, CA 94016"
210320,AAA Batteries (4-pack),1,2.99,06/22/24 10:23,"465 Madison St, San Francisco, CA 94016"
210321,Google Phone,1,600,06/16/24 10:34,"702 1st St, Atlanta, GA 30301"
210322,Bose SoundSport Headphones,1,99.99,06/06/24 19:01,"855 2nd St, Los Angeles, CA 90001"
210323,AA Batteries (4-pack),2,3.84,06/06/24 15:46,"500 12th St, Portland, ME 04101"
210324,AAA Batteries (4-pack),2,2.99,06/23/24 14:50,"436 Walnut St, San Francisco, CA 94016"
210325,Flatscreen TV,1,300,06/21/24 08:26,"190 West St, Seattle, WA 98101"
210326,AA Batteries (4-pack),1,3.84,06/16/24 12:23,"596 Park St, Atlanta, GA 30301"
210327,USB-C Charging Cable,1,11.95,06/29/24 19:02,"64 1st St, Los Angeles, CA 90001"
210328,Macbook Pro Laptop,1,1700,06/29/24 11:25,"586 Highland St, Austin, TX 73301"
210329,AAA Batteries (4-pack),1,2.99,06/03/24 12:14,"261 West St, Atlanta, GA 30301"
210330,Apple Airpods Headphones,1,150,06/16/24 22:14,"772 Spruce St, Boston, MA 02215"
210331,iPhone,1,700,06/20/24 20:23,"834 Ridge St, New York City, NY 10001"
210332,Wired Headphones,1,11.99,06/01/24 08:25,"285 12th St, Los Angeles, CA 90001"
210333,Bose SoundSport Headphones,1,99.99,06/17/24 12:52,"924 Jefferson St, Portland, OR 97035"
210334,Lightning Charging Cable,1,14.95,06/20/24 20:10,"895 Washington St, Boston, MA 02215"
210335,27in FHD Monitor,1,149.99,06/15/24 19:33,"403 Cedar St, San Francisco, CA 94016"
210336,Wired Headphones,1,11.99,06/17/24 14:43,"159 Washington St, Seattle, WA 98101"
210337,Lightning Charging Cable,2,14.95,06/05/24 18:37,"922 Wilson St, Austin, TX 73301"
210338,AAA Batteries (4-pack),1,2.99,06/13/24 13:07,"595 Jackson St, Boston, MA 02215"
210339,Bose SoundSport Headphones,1,99.99,06/26/24 08:08,"721 2nd St, San Francisco, CA 94016"
210340,AA Batteries (4-pack),1,3.84,06/15/24 20:27,"34 10th St, Boston, MA 02215"
210341,USB-C Charging Cable,1,11.95,06/15/24 09:25,"766 Wilson St, Atlanta, GA 30301"
210342,Wired Headphones,1,11.99,06/14/24 12:17,"846 Hill St, San Francisco, CA 94016"
210343,Wired Headphones,1,11.99,06/03/24 12:04,"879 Hickory St, San Francisco, CA 94016"
210344,Apple Airpods Headphones,1,150,06/24/24 15:59,"289 Cedar St, San Francisco, CA 94016"
210345,AA Batteries (4-pack),1,3.84,06/01/24 09:44,"73 Ridge St, Austin, TX 73301"
210346,Wired Headphones,1,11.99,06/24/24 21:20,"814 Spruce St, Los Angeles, CA 90001"
210347,Wired Headphones,1,11.99,06/19/24 21:45,"243 11th St, Dallas, TX 75001"
210348,Google Phone,1,600,06/01/24 19:52,"891 Lake St, Dallas, TX 75001"
210349,USB-C Charging Cable,1,11.95,06/29/24 22:05,"115 Adams St, Los Angeles, CA 90001"
210349,Macbook Pro Laptop,1,1700,06/29/24 22:05,"115 Adams St, Los Angeles, CA 90001"
210350,AAA Batteries (4-pack),1,2.99,06/03/24 20:11,"530 Lincoln St, San Francisco, CA 94016"
210351,Bose SoundSport Headphones,1,99.99,06/01/24 20:48,"543 Park St, San Francisco, CA 94016"
210351,USB-C Charging Cable,1,11.95,06/01/24 20:48,"543 Park St, San Francisco, CA 94016"
210352,USB-C Charging Cable,1,11.95,06/03/24 14:58,"293 South St, San Francisco, CA 94016"
210353,USB-C Charging Cable,1,11.95,06/17/24 23:13,"874 7th St, Dallas, TX 75001"
210354,ThinkPad Laptop,1,999.99,06/09/24 09:49,"338 Jackson St, New York City, NY 10001"
210355,USB-C Charging Cable,1,11.95,06/10/24 20:48,"307 Highland St, Boston, MA 02215"
210356,Apple Airpods Headphones,1,150,06/14/24 18:29,"697 Johnson St, Austin, TX 73301"
210357,ThinkPad Laptop,1,999.99,06/30/24 12:37,"495 Elm St, San Francisco, CA 94016"
210358,AA Batteries (4-pack),1,3.84,06/10/24 10:35,"744 Adams St, Portland, OR 97035"
210359,iPhone,1,700,06/05/24 11:38,"501 Lakeview St, New York City, NY 10001"
210360,Lightning Charging Cable,1,14.95,06/08/24 09:12,"582 5th St, Boston, MA 02215"
210361,ThinkPad Laptop,1,999.99,06/14/24 07:26,"253 Hill St, Atlanta, GA 30301"
210362,USB-C Charging Cable,1,11.95,06/04/24 22:29,"151 13th St, Los Angeles, CA 90001"
210363,AAA Batteries (4-pack),1,2.99,06/13/24 21:19,"411 Highland St, New York City, NY 10001"
210364,AA Batteries (4-pack),1,3.84,06/14/24 23:09,"766 Jefferson St, San Francisco, CA 94016"
210365,Vareebadd Phone,1,400,06/13/24 18:24,"290 Sunset St, Dallas, TX 75001"
210365,USB-C Charging Cable,2,11.95,06/13/24 18:24,"290 Sunset St, Dallas, TX 75001"
210366,Wired Headphones,1,11.99,06/01/24 12:48,"77 South St, Austin, TX 73301"
210367,Lightning Charging Cable,1,14.95,06/04/24 18:07,"45 4th St, Seattle, WA 98101"
210368,USB-C Charging Cable,1,11.95,06/29/24 23:59,"498 Spruce St, San Francisco, CA 94016"
210369,Wired Headphones,1,11.99,06/17/24 19:34,"827 14th St, Boston, MA 02215"
210370,USB-C Charging Cable,1,11.95,06/03/24 10:22,"603 Hill St, Austin, TX 73301"
210371,Google Phone,1,600,06/08/24 15:51,"900 Cedar St, Seattle, WA 98101"
210371,Wired Headphones,1,11.99,06/08/24 15:51,"900 Cedar St, Seattle, WA 98101"
210372,iPhone,1,700,06/28/24 14:45,"921 Main St, Boston, MA 02215"
210373,Macbook Pro Laptop,1,1700,06/16/24 13:01,"306 Willow St, San Francisco, CA 94016"
210374,iPhone,1,700,06/22/24 19:56,"691 Dogwood St, New York City, NY 10001"
210375,Lightning Charging Cable,1,14.95,06/13/24 10:37,"360 Elm St, Portland, OR 97035"
210376,AAA Batteries (4-pack),1,2.99,06/13/24 22:12,"867 Lakeview St, San Francisco, CA 94016"
210377,Apple Airpods Headphones,1,150,06/03/24 01:11,"785 2nd St, Los Angeles, CA 90001"
210378,Lightning Charging Cable,1,14.95,06/18/24 18:29,"364 Wilson St, Portland, OR 97035"
210379,USB-C Charging Cable,1,11.95,06/30/24 20:17,"186 Ridge St, San Francisco, CA 94016"
210380,AA Batteries (4-pack),1,3.84,06/12/24 22:32,"85 Cherry St, Los Angeles, CA 90001"
210381,AAA Batteries (4-pack),1,2.99,06/27/24 21:19,"295 Highland St, San Francisco, CA 94016"
210382,AAA Batteries (4-pack),1,2.99,06/10/24 21:47,"571 10th St, Los Angeles, CA 90001"
210383,34in Ultrawide Monitor,1,379.99,06/02/24 13:35,"617 Highland St, Los Angeles, CA 90001"
210384,AA Batteries (4-pack),4,3.84,06/26/24 05:50,"592 Forest St, Dallas, TX 75001"
210385,Flatscreen TV,1,300,06/12/24 20:38,"617 Elm St, San Francisco, CA 94016"
210386,Google Phone,1,600,06/14/24 15:10,"998 Chestnut St, Seattle, WA 98101"
210387,AA Batteries (4-pack),3,3.84,06/01/24 22:23,"425 10th St, San Francisco, CA 94016"
210388,AA Batteries (4-pack),2,3.84,06/10/24 21:34,"152 North St, Seattle, WA 98101"
210389,AAA Batteries (4-pack),2,2.99,06/19/24 23:11,"566 10th St, San Francisco, CA 94016"
210390,Lightning Charging Cable,1,14.95,06/16/24 17:09,"609 Spruce St, New York City, NY 10001"
210391,Apple Airpods Headphones,1,150,06/29/24 17:32,"166 Wilson St, New York City, NY 10001"
210392,USB-C Charging Cable,1,11.95,06/28/24 19:20,"965 Hickory St, Dallas, TX 75001"
210393,Apple Airpods Headphones,1,150,06/14/24 12:33,"186 Washington St, San Francisco, CA 94016"
210394,Lightning Charging Cable,1,14.95,06/13/24 16:57,"106 12th St, Seattle, WA 98101"
210395,Bose SoundSport Headphones,1,99.99,06/30/24 17:47,"671 Adams St, New York City, NY 10001"
210396,Flatscreen TV,1,300,06/09/24 19:34,"878 Forest St, Los Angeles, CA 90001"
210397,USB-C Charging Cable,1,11.95,06/13/24 13:19,"399 Hickory St, New York City, NY 10001"
210398,27in 4K Gaming Monitor,1,389.99,06/24/24 20:37,"418 14th St, New York City, NY 10001"
210399,Lightning Charging Cable,1,14.95,06/15/24 22:39,"866 2nd St, Atlanta, GA 30301"
210400,AAA Batteries (4-pack),1,2.99,06/20/24 21:06,"613 Spruce St, Seattle, WA 98101"
210400,Lightning Charging Cable,1,14.95,06/20/24 21:06,"613 Spruce St, Seattle, WA 98101"
210401,Google Phone,1,600,06/25/24 21:14,"713 13th St, San Francisco, CA 94016"
210402,USB-C Charging Cable,1,11.95,06/20/24 22:06,"206 7th St, Los Angeles, CA 90001"
210403,Lightning Charging Cable,1,14.95,06/13/24 21:13,"928 2nd St, Seattle, WA 98101"
210404,AAA Batteries (4-pack),1,2.99,06/16/24 07:18,"785 Washington St, San Francisco, CA 94016"
210405,iPhone,1,700,06/16/24 21:14,"805 6th St, New York City, NY 10001"
210406,Bose SoundSport Headphones,1,99.99,06/11/24 20:12,"107 11th St, New York City, NY 10001"
210407,Apple Airpods Headphones,1,150,06/01/24 17:57,"606 13th St, Atlanta, GA 30301"
210408,Lightning Charging Cable,1,14.95,06/07/24 11:27,"115 Forest St, New York City, NY 10001"
210409,ThinkPad Laptop,1,999.99,06/20/24 17:42,"442 Chestnut St, Atlanta, GA 30301"
210410,USB-C Charging Cable,1,11.95,06/17/24 15:53,"120 Wilson St, Boston, MA 02215"
210411,AAA Batteries (4-pack),1,2.99,06/02/24 11:14,"546 Forest St, San Francisco, CA 94016"
210412,27in 4K Gaming Monitor,1,389.99,06/03/24 10:47,"531 Maple St, Los Angeles, CA 90001"
210413,34in Ultrawide Monitor,1,379.99,06/15/24 13:02,"627 Washington St, San Francisco, CA 94016"
210414,20in Monitor,1,109.99,06/16/24 17:04,"702 Cedar St, New York City, NY 10001"
210415,Google Phone,1,600,06/12/24 10:11,"183 Willow St, New York City, NY 10001"
210416,AA Batteries (4-pack),2,3.84,06/28/24 13:49,"6 Elm St, Boston, MA 02215"
210417,iPhone,1,700,06/28/24 15:20,"213 5th St, Austin, TX 73301"
210418,Wired Headphones,1,11.99,06/24/24 21:53,"124 6th St, Atlanta, GA 30301"
210419,Wired Headphones,1,11.99,06/10/24 09:33,"753 Meadow St, San Francisco, CA 94016"
210420,Lightning Charging Cable,1,14.95,06/29/24 10:36,"904 14th St, Atlanta, GA 30301"
210421,AA Batteries (4-pack),1,3.84,06/17/24 15:34,"31 Dogwood St, San Francisco, CA 94016"
210422,Macbook Pro Laptop,1,1700,06/20/24 22:48,"469 Lake St, New York City, NY 10001"
210423,Wired Headphones,2,11.99,06/15/24 11:59,"513 13th St, Atlanta, GA 30301"
210424,Wired Headphones,1,11.99,06/21/24 00:29,"570 Highland St, Portland, OR 97035"
210425,Wired Headphones,1,11.99,06/09/24 00:33,"732 12th St, Boston, MA 02215"
210426,Macbook Pro Laptop,1,1700,06/17/24 09:08,"357 11th St, San Francisco, CA 94016"
210427,AA Batteries (4-pack),3,3.84,06/29/24 12:10,"987 Pine St, Dallas, TX 75001"
210428,Lightning Charging Cable,1,14.95,06/30/24 23:24,"917 11th St, Portland, OR 97035"
210429,Lightning Charging Cable,1,14.95,06/26/24 10:51,"78 Spruce St, Seattle, WA 98101"
210430,20in Monitor,1,109.99,06/09/24 21:17,"729 Washington St, Seattle, WA 98101"
210431,Bose SoundSport Headphones,1,99.99,06/17/24 15:07,"785 North St, Los Angeles, CA 90001"
210432,AAA Batteries (4-pack),2,2.99,06/21/24 14:46,"394 Maple St, San Francisco, CA 94016"
210433,AA Batteries (4-pack),3,3.84,06/15/24 17:41,"16 6th St, New York City, NY 10001"
210434,Lightning Charging Cable,1,14.95,06/19/24 19:31,"25 9th St, San Francisco, CA 94016"
210435,AA Batteries (4-pack),1,3.84,06/04/24 18:05,"300 North St, Seattle, WA 98101"
210436,34in Ultrawide Monitor,1,379.99,06/14/24 12:35,"632 6th St, Los Angeles, CA 90001"
210437,34in Ultrawide Monitor,1,379.99,06/22/24 22:41,"129 Hickory St, Dallas, TX 75001"
210438,Wired Headphones,1,11.99,06/03/24 12:21,"75 Meadow St, Seattle, WA 98101"
210439,27in 4K Gaming Monitor,1,389.99,06/29/24 19:57,"351 Main St, Atlanta, GA 30301"
210440,AAA Batteries (4-pack),1,2.99,06/20/24 10:27,"557 Elm St, Los Angeles, CA 90001"
210440,Lightning Charging Cable,1,14.95,06/20/24 10:27,"557 Elm St, Los Angeles, CA 90001"
210441,Wired Headphones,1,11.99,06/03/24 20:59,"931 Walnut St, New York City, NY 10001"
210442,Apple Airpods Headphones,1,150,06/21/24 11:13,"158 10th St, San Francisco, CA 94016"
210443,USB-C Charging Cable,1,11.95,06/18/24 10:18,"576 Elm St, Los Angeles, CA 90001"
210443,27in 4K Gaming Monitor,1,389.99,06/18/24 10:18,"576 Elm St, Los Angeles, CA 90001"
210444,Google Phone,1,600,06/08/24 19:16,"246 Ridge St, Boston, MA 02215"
210445,AA Batteries (4-pack),2,3.84,06/26/24 21:26,"804 Forest St, Los Angeles, CA 90001"
210446,iPhone,1,700,06/26/24 20:00,"913 8th St, Seattle, WA 98101"
210447,Macbook Pro Laptop,1,1700,06/21/24 17:17,"350 Dogwood St, New York City, NY 10001"
210448,20in Monitor,1,109.99,06/05/24 19:27,"248 Elm St, San Francisco, CA 94016"
210449,AAA Batteries (4-pack),1,2.99,06/08/24 12:05,"6 13th St, Seattle, WA 98101"
210450,27in 4K Gaming Monitor,1,389.99,06/14/24 20:07,"210 13th St, Los Angeles, CA 90001"
210451,USB-C Charging Cable,1,11.95,06/09/24 07:05,"12 Jackson St, Atlanta, GA 30301"
210452,34in Ultrawide Monitor,1,379.99,06/13/24 12:03,"243 Center St, New York City, NY 10001"
210453,AAA Batteries (4-pack),1,2.99,06/13/24 12:08,"668 Jefferson St, San Francisco, CA 94016"
210454,Vareebadd Phone,1,400,06/03/24 18:05,"922 Highland St, Dallas, TX 75001"
210455,Bose SoundSport Headphones,1,99.99,06/18/24 17:51,"652 9th St, Seattle, WA 98101"
210456,Lightning Charging Cable,1,14.95,06/08/24 15:24,"390 Park St, Los Angeles, CA 90001"
210456,Wired Headphones,1,11.99,06/08/24 15:24,"390 Park St, Los Angeles, CA 90001"
210457,Bose SoundSport Headphones,1,99.99,06/05/24 20:44,"181 Madison St, New York City, NY 10001"
210458,AAA Batteries (4-pack),1,2.99,06/05/24 14:36,"522 1st St, New York City, NY 10001"
210459,Wired Headphones,1,11.99,06/10/24 12:39,"506 Pine St, Los Angeles, CA 90001"
210460,27in FHD Monitor,1,149.99,06/12/24 11:35,"372 1st St, Portland, OR 97035"
210461,AAA Batteries (4-pack),1,2.99,06/16/24 21:52,"53 Jefferson St, San Francisco, CA 94016"
210462,Bose SoundSport Headphones,1,99.99,06/25/24 21:00,"601 10th St, Los Angeles, CA 90001"
210463,Lightning Charging Cable,1,14.95,06/08/24 17:43,"458 Main St, Austin, TX 73301"
210464,Wired Headphones,1,11.99,06/26/24 12:36,"473 Hickory St, San Francisco, CA 94016"
210465,Flatscreen TV,1,300,06/01/24 13:04,"345 Main St, San Francisco, CA 94016"
210466,AAA Batteries (4-pack),1,2.99,06/21/24 18:52,"989 9th St, Atlanta, GA 30301"
210467,AA Batteries (4-pack),1,3.84,06/01/24 21:17,"286 Jefferson St, San Francisco, CA 94016"
210468,27in 4K Gaming Monitor,1,389.99,06/05/24 12:49,"35 West St, San Francisco, CA 94016"
210469,27in FHD Monitor,1,149.99,06/30/24 18:19,"862 Spruce St, San Francisco, CA 94016"
210470,Wired Headphones,2,11.99,06/19/24 19:32,"864 West St, Atlanta, GA 30301"
210471,AA Batteries (4-pack),3,3.84,06/09/24 17:01,"638 Center St, New York City, NY 10001"
210472,Wired Headphones,1,11.99,06/16/24 01:42,"1 Park St, Boston, MA 02215"
210473,Lightning Charging Cable,1,14.95,06/06/24 11:10,"609 8th St, Dallas, TX 75001"
210474,AA Batteries (4-pack),2,3.84,06/15/24 12:39,"277 Pine St, San Francisco, CA 94016"
210475,Wired Headphones,1,11.99,06/28/24 15:57,"595 11th St, Portland, OR 97035"
210476,Google Phone,1,600,06/24/24 10:53,"101 12th St, Atlanta, GA 30301"
210477,Lightning Charging Cable,1,14.95,06/05/24 17:15,"446 6th St, Atlanta, GA 30301"
210478,ThinkPad Laptop,1,999.99,06/08/24 12:03,"529 North St, Boston, MA 02215"
210479,AAA Batteries (4-pack),1,2.99,06/29/24 08:34,"301 Pine St, San Francisco, CA 94016"
210480,AAA Batteries (4-pack),1,2.99,06/02/24 20:54,"112 Hickory St, Los Angeles, CA 90001"
210481,AAA Batteries (4-pack),1,2.99,06/07/24 18:47,"235 11th St, Seattle, WA 98101"
210482,Apple Airpods Headphones,1,150,06/29/24 18:14,"764 Center St, Seattle, WA 98101"
210483,Macbook Pro Laptop,1,1700,06/22/24 21:51,"38 Pine St, Boston, MA 02215"
210484,Lightning Charging Cable,1,14.95,06/14/24 09:31,"677 2nd St, San Francisco, CA 94016"
210485,USB-C Charging Cable,1,11.95,06/30/24 14:17,"649 Forest St, Austin, TX 73301"
210486,iPhone,1,700,06/19/24 19:49,"86 1st St, Austin, TX 73301"
210487,USB-C Charging Cable,1,11.95,06/28/24 15:35,"169 Sunset St, New York City, NY 10001"
210488,34in Ultrawide Monitor,1,379.99,06/08/24 22:36,"835 Madison St, New York City, NY 10001"
210489,USB-C Charging Cable,1,11.95,06/06/24 14:24,"706 6th St, Atlanta, GA 30301"
210490,AA Batteries (4-pack),1,3.84,06/04/24 09:46,"429 Dogwood St, Portland, ME 04101"
210491,27in FHD Monitor,1,149.99,06/04/24 18:21,"558 Ridge St, Seattle, WA 98101"
210492,Lightning Charging Cable,1,14.95,06/24/24 15:31,"762 Madison St, Los Angeles, CA 90001"
210493,Lightning Charging Cable,1,14.95,06/25/24 23:13,"126 6th St, Portland, ME 04101"
210494,AAA Batteries (4-pack),1,2.99,06/28/24 23:36,"939 Dogwood St, Portland, ME 04101"
210495,iPhone,1,700,06/21/24 14:37,"986 10th St, Dallas, TX 75001"
210495,Lightning Charging Cable,1,14.95,06/21/24 14:37,"986 10th St, Dallas, TX 75001"
210496,ThinkPad Laptop,1,999.99,06/13/24 00:30,"438 Dogwood St, Seattle, WA 98101"
210497,AA Batteries (4-pack),1,3.84,06/29/24 11:50,"618 Maple St, Portland, OR 97035"
210498,AA Batteries (4-pack),1,3.84,06/26/24 20:06,"547 1st St, New York City, NY 10001"
210499,USB-C Charging Cable,1,11.95,06/16/24 17:34,"347 Center St, San Francisco, CA 94016"
210500,Flatscreen TV,1,300,06/08/24 16:00,"706 Main St, San Francisco, CA 94016"
210501,USB-C Charging Cable,1,11.95,06/04/24 17:58,"226 12th St, Los Angeles, CA 90001"
210502,Apple Airpods Headphones,1,150,06/29/24 06:20,"546 5th St, New York City, NY 10001"
210503,34in Ultrawide Monitor,1,379.99,06/20/24 14:20,"897 Cedar St, Los Angeles, CA 90001"
210504,AAA Batteries (4-pack),1,2.99,06/30/24 11:47,"271 Adams St, Los Angeles, CA 90001"
210505,Google Phone,1,600,06/04/24 16:45,"97 Walnut St, Los Angeles, CA 90001"
210506,Lightning Charging Cable,2,14.95,06/11/24 13:44,"719 Pine St, San Francisco, CA 94016"
210507,AAA Batteries (4-pack),1,2.99,06/21/24 12:40,"594 13th St, Seattle, WA 98101"
210508,Apple Airpods Headphones,1,150,06/28/24 19:58,"790 Lincoln St, Portland, OR 97035"
210509,Lightning Charging Cable,1,14.95,06/11/24 21:59,"658 Washington St, Portland, OR 97035"
210510,iPhone,1,700,06/12/24 12:01,"543 Willow St, Dallas, TX 75001"
210511,Apple Airpods Headphones,1,150,06/25/24 18:38,"93 Forest St, San Francisco, CA 94016"
210512,Apple Airpods Headphones,1,150,06/14/24 14:19,"172 Meadow St, New York City, NY 10001"
210513,AA Batteries (4-pack),2,3.84,06/10/24 17:07,"27 Chestnut St, San Francisco, CA 94016"
210514,AA Batteries (4-pack),1,3.84,06/11/24 20:07,"91 7th St, New York City, NY 10001"
210515,Apple Airpods Headphones,1,150,06/23/24 23:50,"425 Hickory St, San Francisco, CA 94016"
210516,Apple Airpods Headphones,1,150,06/04/24 18:36,"318 Lake St, Boston, MA 02215"
210517,Wired Headphones,1,11.99,06/19/24 18:54,"668 13th St, San Francisco, CA 94016"
210518,Apple Airpods Headphones,1,150,06/29/24 21:34,"772 Meadow St, Atlanta, GA 30301"
210519,27in FHD Monitor,1,149.99,06/20/24 11:51,"413 7th St, San Francisco, CA 94016"
210520,LG Washing Machine,1,600.0,06/19/24 18:47,"908 Lincoln St, Portland, ME 04101"
210521,Macbook Pro Laptop,1,1700,06/03/24 13:28,"239 8th St, San Francisco, CA 94016"
210522,AAA Batteries (4-pack),1,2.99,06/07/24 16:58,"25 Cherry St, Dallas, TX 75001"
210523,Bose SoundSport Headphones,1,99.99,06/18/24 22:58,"131 5th St, New York City, NY 10001"
210524,USB-C Charging Cable,1,11.95,06/11/24 18:24,"294 Hill St, Los Angeles, CA 90001"
210525,27in FHD Monitor,1,149.99,06/08/24 07:37,"173 Lakeview St, New York City, NY 10001"
,,,,,
210526,USB-C Charging Cable,1,11.95,06/05/24 15:17,"535 Cherry St, Atlanta, GA 30301"
210527,AA Batteries (4-pack),1,3.84,06/14/24 19:57,"594 North St, Boston, MA 02215"
210528,USB-C Charging Cable,1,11.95,06/29/24 16:32,"632 Spruce St, Dallas, TX 75001"
210529,USB-C Charging Cable,1,11.95,06/25/24 22:08,"228 Church St, San Francisco, CA 94016"
210530,Lightning Charging Cable,1,14.95,06/23/24 18:29,"878 4th St, Austin, TX 73301"
210531,Lightning Charging Cable,1,14.95,06/09/24 09:40,"210 Elm St, Seattle, WA 98101"
210532,Macbook Pro Laptop,1,1700,06/13/24 20:53,"802 Lake St, Atlanta, GA 30301"
210533,AA Batteries (4-pack),2,3.84,06/06/24 01:20,"38 6th St, New York City, NY 10001"
210534,Apple Airpods Headphones,1,150,06/25/24 09:47,"696 2nd St, Los Angeles, CA 90001"
210535,Google Phone,1,600,06/19/24 19:14,"847 2nd St, San Francisco, CA 94016"
210536,Bose SoundSport Headphones,1,99.99,06/27/24 09:13,"286 4th St, Atlanta, GA 30301"
210537,Flatscreen TV,1,300,06/12/24 19:00,"43 Wilson St, Seattle, WA 98101"
210538,Apple Airpods Headphones,1,150,06/28/24 14:22,"878 Church St, New York City, NY 10001"
210539,Macbook Pro Laptop,1,1700,06/29/24 18:05,"614 Wilson St, Portland, OR 97035"
210540,Bose SoundSport Headphones,1,99.99,06/30/24 19:23,"136 Ridge St, Atlanta, GA 30301"
210541,Apple Airpods Headphones,1,150,06/15/24 15:17,"724 Johnson St, Austin, TX 73301"
210542,AA Batteries (4-pack),2,3.84,06/14/24 16:50,"622 Hill St, Portland, OR 97035"
210543,34in Ultrawide Monitor,1,379.99,06/09/24 20:03,"929 Chestnut St, Dallas, TX 75001"
210544,USB-C Charging Cable,1,11.95,06/08/24 15:36,"300 8th St, Austin, TX 73301"
210545,USB-C Charging Cable,2,11.95,06/07/24 21:59,"440 Park St, Los Angeles, CA 90001"
210546,Google Phone,1,600,06/30/24 13:24,"888 Ridge St, New York City, NY 10001"
210547,Wired Headphones,1,11.99,06/23/24 20:21,"435 Cedar St, Seattle, WA 98101"
210548,iPhone,1,700,06/09/24 10:45,"698 Lincoln St, New York City, NY 10001"
210549,USB-C Charging Cable,1,11.95,06/25/24 18:19,"918 Johnson St, San Francisco, CA 94016"
210550,Lightning Charging Cable,1,14.95,06/11/24 19:41,"226 Madison St, Atlanta, GA 30301"
210550,Lightning Charging Cable,1,14.95,06/11/24 19:41,"226 Madison St, Atlanta, GA 30301"
210551,USB-C Charging Cable,1,11.95,06/30/24 06:20,"523 Lake St, Boston, MA 02215"
210552,AA Batteries (4-pack),1,3.84,06/12/24 19:41,"772 Johnson St, Seattle, WA 98101"
210553,Bose SoundSport Headphones,1,99.99,06/25/24 17:54,"634 Wilson St, San Francisco, CA 94016"
210554,Lightning Charging Cable,2,14.95,06/08/24 16:10,"321 Forest St, San Francisco, CA 94016"
210555,AAA Batteries (4-pack),2,2.99,06/12/24 10:42,"314 7th St, San Francisco, CA 94016"
210556,AAA Batteries (4-pack),2,2.99,06/07/24 13:43,"688 Cedar St, Boston, MA 02215"
210557,Macbook Pro Laptop,1,1700,06/13/24 13:29,"239 Maple St, San Francisco, CA 94016"
210558,Lightning Charging Cable,1,14.95,06/12/24 17:05,"749 8th St, Atlanta, GA 30301"
210559,AAA Batteries (4-pack),1,2.99,06/14/24 12:52,"805 Jefferson St, New York City, NY 10001"
210560,27in FHD Monitor,1,149.99,06/09/24 08:43,"105 Adams St, San Francisco, CA 94016"
210561,Google Phone,1,600,06/16/24 08:52,"345 4th St, Boston, MA 02215"
210562,Lightning Charging Cable,1,14.95,06/30/24 23:19,"807 Washington St, Boston, MA 02215"
210563,AAA Batteries (4-pack),1,2.99,06/15/24 09:52,"498 Sunset St, San Francisco, CA 94016"
210564,Bose SoundSport Headphones,1,99.99,06/11/24 20:38,"573 Sunset St, Los Angeles, CA 90001"
210565,USB-C Charging Cable,1,11.95,06/17/24 11:57,"945 Lake St, San Francisco, CA 94016"
210566,Bose SoundSport Headphones,1,99.99,06/23/24 22:37,"756 Lakeview St, San Francisco, CA 94016"
210567,Wired Headphones,1,11.99,06/09/24 07:33,"604 Cedar St, Los Angeles, CA 90001"
210568,AA Batteries (4-pack),1,3.84,06/21/24 09:45,"872 Willow St, Portland, OR 97035"
210569,20in Monitor,1,109.99,06/30/24 19:22,"908 Lakeview St, Portland, OR 97035"
210570,Apple Airpods Headphones,1,150,06/20/24 10:56,"468 Maple St, Boston, MA 02215"
210571,AAA Batteries (4-pack),2,2.99,06/17/24 14:15,"234 Cherry St, Boston, MA 02215"
210572,27in 4K Gaming Monitor,1,389.99,06/19/24 14:59,"181 Madison St, San Francisco, CA 94016"
210573,iPhone,1,700,06/21/24 10:03,"4 Madison St, Los Angeles, CA 90001"
210574,USB-C Charging Cable,2,11.95,06/26/24 14:18,"156 2nd St, San Francisco, CA 94016"
210575,27in 4K Gaming Monitor,1,389.99,06/01/24 20:25,"537 Meadow St, New York City, NY 10001"
210576,Wired Headphones,1,11.99,06/06/24 14:26,"126 Adams St, New York City, NY 10001"
210577,Google Phone,1,600,06/03/24 21:52,"252 2nd St, Austin, TX 73301"
210577,USB-C Charging Cable,1,11.95,06/03/24 21:52,"252 2nd St, Austin, TX 73301"
210578,Macbook Pro Laptop,1,1700,06/30/24 19:03,"332 Dogwood St, San Francisco, CA 94016"
210579,USB-C Charging Cable,1,11.95,06/10/24 10:29,"187 Highland St, Seattle, WA 98101"
210580,AA Batteries (4-pack),1,3.84,06/24/24 18:07,"312 10th St, Dallas, TX 75001"
210581,USB-C Charging Cable,1,11.95,06/27/24 14:45,"218 Spruce St, San Francisco, CA 94016"
210582,AA Batteries (4-pack),1,3.84,06/13/24 14:18,"586 Forest St, Los Angeles, CA 90001"
210583,AA Batteries (4-pack),1,3.84,06/16/24 11:59,"775 Washington St, San Francisco, CA 94016"
210584,Apple Airpods Headphones,1,150,06/30/24 21:38,"562 Jackson St, New York City, NY 10001"
210585,ThinkPad Laptop,1,999.99,06/21/24 00:28,"324 Spruce St, Los Angeles, CA 90001"
210586,Bose SoundSport Headphones,1,99.99,06/19/24 17:06,"548 South St, Los Angeles, CA 90001"
210587,Macbook Pro Laptop,1,1700,06/05/24 11:39,"509 River St, San Francisco, CA 94016"
210588,Flatscreen TV,1,300,06/27/24 18:17,"345 5th St, New York City, NY 10001"
210589,Apple Airpods Headphones,1,150,06/21/24 15:56,"62 7th St, San Francisco, CA 94016"
210590,20in Monitor,1,109.99,06/23/24 10:56,"991 4th St, Seattle, WA 98101"
210591,34in Ultrawide Monitor,1,379.99,06/07/24 10:28,"394 Wilson St, Austin, TX 73301"
210592,Vareebadd Phone,1,400,06/25/24 21:38,"207 Sunset St, San Francisco, CA 94016"
210592,USB-C Charging Cable,1,11.95,06/25/24 21:38,"207 Sunset St, San Francisco, CA 94016"
210593,AA Batteries (4-pack),1,3.84,06/23/24 13:22,"937 Park St, Atlanta, GA 30301"
210594,AAA Batteries (4-pack),1,2.99,06/18/24 22:06,"944 Chestnut St, New York City, NY 10001"
210595,AAA Batteries (4-pack),1,2.99,06/02/24 10:11,"177 Ridge St, San Francisco, CA 94016"
210596,USB-C Charging Cable,1,11.95,06/07/24 07:33,"709 Pine St, Seattle, WA 98101"
210597,Wired Headphones,1,11.99,06/27/24 19:08,"675 Elm St, New York City, NY 10001"
210598,Bose SoundSport Headphones,1,99.99,06/25/24 12:34,"94 Hill St, Boston, MA 02215"
210599,AAA Batteries (4-pack),1,2.99,06/28/24 20:19,"539 9th St, Portland, OR 97035"
210600,Apple Airpods Headphones,1,150,06/01/24 11:58,"971 Jefferson St, New York City, NY 10001"
210601,AAA Batteries (4-pack),1,2.99,06/19/24 10:10,"28 Spruce St, New York City, NY 10001"
210602,AA Batteries (4-pack),2,3.84,06/08/24 07:18,"167 Lakeview St, New York City, NY 10001"
210603,Wired Headphones,1,11.99,06/06/24 14:46,"700 Washington St, San Francisco, CA 94016"
210604,Bose SoundSport Headphones,1,99.99,06/22/24 14:09,"663 North St, Dallas, TX 75001"
210605,iPhone,1,700,06/12/24 11:56,"590 Johnson St, Atlanta, GA 30301"
210605,Wired Headphones,1,11.99,06/12/24 11:56,"590 Johnson St, Atlanta, GA 30301"
210606,Lightning Charging Cable,1,14.95,06/30/24 16:47,"6 River St, San Francisco, CA 94016"
210607,27in FHD Monitor,1,149.99,06/11/24 10:43,"810 Lincoln St, San Francisco, CA 94016"
210608,USB-C Charging Cable,1,11.95,06/10/24 19:26,"507 5th St, Los Angeles, CA 90001"
210609,AA Batteries (4-pack),1,3.84,06/26/24 16:37,"254 13th St, New York City, NY 10001"
210609,Lightning Charging Cable,1,14.95,06/26/24 16:37,"254 13th St, New York City, NY 10001"
210610,USB-C Charging Cable,2,11.95,06/08/24 11:36,"734 Chestnut St, San Francisco, CA 94016"
210611,Lightning Charging Cable,1,14.95,06/10/24 21:15,"137 West St, Dallas, TX 75001"
210612,USB-C Charging Cable,1,11.95,06/05/24 06:47,"162 River St, Boston, MA 02215"
210613,Apple Airpods Headphones,1,150,06/24/24 13:24,"643 Lakeview St, New York City, NY 10001"
210614,27in 4K Gaming Monitor,1,389.99,06/06/24 20:34,"736 Chestnut St, San Francisco, CA 94016"
210615,27in FHD Monitor,1,149.99,06/30/24 13:58,"928 Meadow St, New York City, NY 10001"
210616,Macbook Pro Laptop,1,1700,06/20/24 14:54,"913 Ridge St, Los Angeles, CA 90001"
210617,27in 4K Gaming Monitor,1,389.99,06/15/24 16:36,"348 Main St, Dallas, TX 75001"
210618,AAA Batteries (4-pack),1,2.99,06/27/24 14:01,"117 Cedar St, Portland, OR 97035"
210619,AA Batteries (4-pack),2,3.84,06/07/24 12:56,"309 Church St, San Francisco, CA 94016"
210620,Google Phone,1,600,06/05/24 12:25,"718 Pine St, San Francisco, CA 94016"
210621,AA Batteries (4-pack),2,3.84,06/26/24 16:51,"172 Walnut St, Los Angeles, CA 90001"
210622,Flatscreen TV,1,300,06/23/24 22:44,"615 Cherry St, San Francisco, CA 94016"
210623,27in FHD Monitor,1,149.99,06/17/24 19:35,"606 6th St, Portland, OR 97035"
210624,USB-C Charging Cable,1,11.95,06/06/24 12:19,"708 Church St, Dallas, TX 75001"
,,,,,
210625,AA Batteries (4-pack),1,3.84,06/01/24 19:09,"307 9th St, Seattle, WA 98101"
210626,Wired Headphones,1,11.99,06/08/24 13:10,"166 1st St, San Francisco, CA 94016"
210627,27in 4K Gaming Monitor,1,389.99,06/12/24 23:57,"887 Lakeview St, Portland, ME 04101"
210628,USB-C Charging Cable,1,11.95,06/25/24 18:09,"62 Church St, Los Angeles, CA 90001"
210629,27in FHD Monitor,1,149.99,06/27/24 09:55,"71 Center St, Austin, TX 73301"
210630,AA Batteries (4-pack),1,3.84,06/10/24 14:46,"495 River St, New York City, NY 10001"
210631,USB-C Charging Cable,1,11.95,06/29/24 16:04,"37 Chestnut St, Dallas, TX 75001"
210632,Apple Airpods Headphones,1,150,06/19/24 11:19,"619 Washington St, Seattle, WA 98101"
210633,USB-C Charging Cable,1,11.95,06/10/24 22:31,"634 7th St, Atlanta, GA 30301"
210634,AA Batteries (4-pack),1,3.84,06/02/24 11:48,"986 Highland St, Portland, OR 97035"
210635,ThinkPad Laptop,1,999.99,06/23/24 00:42,"705 12th St, Seattle, WA 98101"
210636,Wired Headphones,1,11.99,06/20/24 17:00,"196 11th St, Dallas, TX 75001"
210637,iPhone,1,700,06/23/24 18:02,"935 Lakeview St, Seattle, WA 98101"
210638,Lightning Charging Cable,1,14.95,06/23/24 09:33,"180 Hickory St, San Francisco, CA 94016"
210639,Apple Airpods Headphones,1,150,06/07/24 23:00,"576 Spruce St, Boston, MA 02215"
210640,Macbook Pro Laptop,1,1700,06/28/24 17:46,"600 1st St, Seattle, WA 98101"
210641,Apple Airpods Headphones,1,150,06/03/24 09:14,"82 Hickory St, Los Angeles, CA 90001"
210642,Wired Headphones,1,11.99,06/09/24 10:47,"465 Pine St, San Francisco, CA 94016"
210643,27in FHD Monitor,1,149.99,06/16/24 15:04,"699 13th St, Boston, MA 02215"
210644,Macbook Pro Laptop,1,1700,06/23/24 00:34,"448 Washington St, New York City, NY 10001"
210645,USB-C Charging Cable,2,11.95,06/12/24 08:31,"39 10th St, Portland, OR 97035"
210646,AA Batteries (4-pack),1,3.84,06/30/24 12:32,"665 Elm St, Austin, TX 73301"
210647,27in 4K Gaming Monitor,1,389.99,06/18/24 13:35,"800 Forest St, Atlanta, GA 30301"
210648,27in FHD Monitor,1,149.99,06/28/24 16:52,"161 West St, Los Angeles, CA 90001"
210649,Macbook Pro Laptop,1,1700,06/01/24 20:54,"548 Center St, San Francisco, CA 94016"
210650,AA Batteries (4-pack),1,3.84,06/22/24 17:21,"49 12th St, Portland, ME 04101"
210651,AAA Batteries (4-pack),1,2.99,06/02/24 23:46,"835 Lakeview St, San Francisco, CA 94016"
210652,AAA Batteries (4-pack),1,2.99,06/01/24 14:25,"562 Meadow St, San Francisco, CA 94016"
210653,AA Batteries (4-pack),2,3.84,06/01/24 17:13,"139 West St, San Francisco, CA 94016"
210654,Apple Airpods Headphones,1,150,06/02/24 09:06,"736 Spruce St, Atlanta, GA 30301"
210655,USB-C Charging Cable,1,11.95,06/13/24 19:47,"508 Adams St, Dallas, TX 75001"
210656,AA Batteries (4-pack),1,3.84,06/29/24 18:10,"84 1st St, Atlanta, GA 30301"
210657,Flatscreen TV,1,300,06/22/24 11:13,"989 Elm St, Atlanta, GA 30301"
210658,Apple Airpods Headphones,1,150,06/28/24 11:25,"981 14th St, San Francisco, CA 94016"
210659,Lightning Charging Cable,1,14.95,06/16/24 17:23,"876 Main St, Boston, MA 02215"
210660,Bose SoundSport Headphones,1,99.99,06/14/24 11:58,"816 Sunset St, Los Angeles, CA 90001"
210660,Wired Headphones,1,11.99,06/14/24 11:58,"816 Sunset St, Los Angeles, CA 90001"
210661,AA Batteries (4-pack),2,3.84,06/18/24 22:29,"249 Johnson St, San Francisco, CA 94016"
210662,AAA Batteries (4-pack),1,2.99,06/04/24 10:50,"695 Adams St, Boston, MA 02215"
210663,USB-C Charging Cable,1,11.95,06/05/24 20:00,"715 South St, New York City, NY 10001"
210664,Flatscreen TV,1,300,06/24/24 17:45,"222 Hickory St, Boston, MA 02215"
210665,AA Batteries (4-pack),1,3.84,06/19/24 16:11,"39 13th St, New York City, NY 10001"
210666,AA Batteries (4-pack),2,3.84,06/19/24 08:51,"346 Madison St, San Francisco, CA 94016"
210667,Vareebadd Phone,1,400,06/24/24 14:35,"903 Hickory St, Boston, MA 02215"
210668,Apple Airpods Headphones,1,150,06/04/24 12:26,"424 Lake St, Boston, MA 02215"
210669,AA Batteries (4-pack),1,3.84,06/17/24 13:11,"916 Dogwood St, San Francisco, CA 94016"
210670,Macbook Pro Laptop,1,1700,06/26/24 18:45,"276 Meadow St, Portland, OR 97035"
210671,AAA Batteries (4-pack),1,2.99,06/27/24 09:39,"763 Adams St, Los Angeles, CA 90001"
210672,AA Batteries (4-pack),1,3.84,06/21/24 10:15,"944 1st St, New York City, NY 10001"
210673,Macbook Pro Laptop,1,1700,06/05/24 16:57,"63 Hickory St, Los Angeles, CA 90001"
210674,ThinkPad Laptop,1,999.99,06/12/24 02:31,"558 Spruce St, Seattle, WA 98101"
210675,20in Monitor,1,109.99,06/02/24 18:49,"862 South St, Boston, MA 02215"
210676,iPhone,1,700,06/30/24 20:27,"270 Chestnut St, Los Angeles, CA 90001"
210677,AAA Batteries (4-pack),1,2.99,06/08/24 18:25,"266 Ridge St, Atlanta, GA 30301"
210678,27in FHD Monitor,1,149.99,06/11/24 14:12,"41 Center St, San Francisco, CA 94016"
210679,iPhone,1,700,06/22/24 14:58,"830 Park St, Los Angeles, CA 90001"
210679,Lightning Charging Cable,1,14.95,06/22/24 14:58,"830 Park St, Los Angeles, CA 90001"
210680,Wired Headphones,1,11.99,06/25/24 17:57,"914 7th St, Portland, OR 97035"
210681,USB-C Charging Cable,1,11.95,06/06/24 19:45,"533 Madison St, Portland, OR 97035"
210682,Apple Airpods Headphones,1,150,06/21/24 19:12,"569 Ridge St, Boston, MA 02215"
210683,iPhone,1,700,06/16/24 11:41,"306 Lincoln St, San Francisco, CA 94016"
210683,Lightning Charging Cable,1,14.95,06/16/24 11:41,"306 Lincoln St, San Francisco, CA 94016"
210684,Bose SoundSport Headphones,1,99.99,06/13/24 07:51,"661 Wilson St, Seattle, WA 98101"
210685,Wired Headphones,1,11.99,06/17/24 11:59,"450 Washington St, Seattle, WA 98101"
210686,USB-C Charging Cable,1,11.95,06/29/24 16:21,"833 2nd St, Los Angeles, CA 90001"
210687,Apple Airpods Headphones,1,150,06/24/24 01:12,"502 2nd St, Atlanta, GA 30301"
210688,ThinkPad Laptop,1,999.99,06/13/24 16:01,"29 4th St, Boston, MA 02215"
210689,34in Ultrawide Monitor,1,379.99,06/29/24 14:56,"920 Lincoln St, Dallas, TX 75001"
210690,27in FHD Monitor,1,149.99,06/13/24 17:36,"300 Church St, Boston, MA 02215"
210691,Flatscreen TV,1,300,06/08/24 22:54,"42 Church St, Seattle, WA 98101"
210692,AAA Batteries (4-pack),2,2.99,06/12/24 10:06,"224 Madison St, Atlanta, GA 30301"
210693,Apple Airpods Headphones,1,150,06/24/24 14:43,"912 4th St, Atlanta, GA 30301"
210694,AAA Batteries (4-pack),1,2.99,06/12/24 19:12,"97 Highland St, Boston, MA 02215"
210695,Macbook Pro Laptop,1,1700,06/18/24 07:48,"983 River St, Los Angeles, CA 90001"
210696,Bose SoundSport Headphones,1,99.99,06/21/24 14:10,"575 2nd St, Atlanta, GA 30301"
210697,AAA Batteries (4-pack),3,2.99,06/20/24 11:08,"572 Elm St, Dallas, TX 75001"
210698,USB-C Charging Cable,1,11.95,06/17/24 16:42,"442 Cherry St, Atlanta, GA 30301"
210699,Macbook Pro Laptop,1,1700,06/09/24 08:18,"108 6th St, Boston, MA 02215"
210700,AA Batteries (4-pack),1,3.84,06/18/24 14:11,"120 North St, Los Angeles, CA 90001"
210701,27in 4K Gaming Monitor,1,389.99,06/12/24 05:35,"814 Sunset St, Dallas, TX 75001"
210702,20in Monitor,1,109.99,06/18/24 20:14,"46 Washington St, San Francisco, CA 94016"
210703,Wired Headphones,1,11.99,06/09/24 10:03,"905 Lake St, San Francisco, CA 94016"
210704,Wired Headphones,1,11.99,06/17/24 08:45,"267 North St, Los Angeles, CA 90001"
210705,ThinkPad Laptop,1,999.99,06/17/24 11:52,"610 14th St, Los Angeles, CA 90001"
210706,AA Batteries (4-pack),1,3.84,06/30/24 10:56,"408 Forest St, Los Angeles, CA 90001"
210707,Wired Headphones,1,11.99,06/15/24 00:53,"442 Lake St, New York City, NY 10001"
210708,USB-C Charging Cable,1,11.95,06/06/24 22:11,"576 Sunset St, Boston, MA 02215"
210709,AA Batteries (4-pack),2,3.84,06/10/24 09:10,"420 7th St, San Francisco, CA 94016"
210710,Google Phone,1,600,06/20/24 18:13,"202 Lincoln St, Portland, ME 04101"
210710,USB-C Charging Cable,1,11.95,06/20/24 18:13,"202 Lincoln St, Portland, ME 04101"
210711,iPhone,1,700,06/22/24 12:47,"92 Lakeview St, San Francisco, CA 94016"
210711,Wired Headphones,1,11.99,06/22/24 12:47,"92 Lakeview St, San Francisco, CA 94016"
210712,Wired Headphones,2,11.99,06/24/24 05:00,"392 Lake St, Austin, TX 73301"
210712,USB-C Charging Cable,1,11.95,06/24/24 05:00,"392 Lake St, Austin, TX 73301"
210713,Apple Airpods Headphones,1,150,06/29/24 11:31,"864 Willow St, San Francisco, CA 94016"
210714,20in Monitor,1,109.99,06/28/24 12:59,"35 5th St, Dallas, TX 75001"
210715,AA Batteries (4-pack),1,3.84,06/10/24 16:29,"663 13th St, New York City, NY 10001"
210716,Macbook Pro Laptop,1,1700,06/28/24 12:24,"482 Adams St, San Francisco, CA 94016"
210716,USB-C Charging Cable,1,11.95,06/28/24 12:24,"482 Adams St, San Francisco, CA 94016"
210717,27in 4K Gaming Monitor,1,389.99,06/26/24 13:00,"214 Lakeview St, San Francisco, CA 94016"
210718,Apple Airpods Headphones,1,150,06/10/24 12:43,"55 10th St, San Francisco, CA 94016"
210719,27in 4K Gaming Monitor,1,389.99,06/09/24 20:00,"962 Forest St, Portland, OR 97035"
210720,iPhone,1,700,06/29/24 08:11,"190 Dogwood St, Los Angeles, CA 90001"
210721,Wired Headphones,1,11.99,06/21/24 17:27,"620 13th St, Boston, MA 02215"
210722,Lightning Charging Cable,1,14.95,06/17/24 15:09,"243 14th St, New York City, NY 10001"
210723,20in Monitor,1,109.99,06/26/24 08:28,"216 Adams St, Atlanta, GA 30301"
210724,27in 4K Gaming Monitor,1,389.99,06/06/24 18:25,"660 River St, San Francisco, CA 94016"
210725,Bose SoundSport Headphones,1,99.99,06/20/24 14:52,"306 5th St, San Francisco, CA 94016"
210726,Apple Airpods Headphones,1,150,06/08/24 13:19,"700 Ridge St, Dallas, TX 75001"
210727,AAA Batteries (4-pack),2,2.99,06/30/24 19:33,"408 Dogwood St, New York City, NY 10001"
210728,AAA Batteries (4-pack),1,2.99,06/12/24 17:05,"929 Johnson St, San Francisco, CA 94016"
210729,Apple Airpods Headphones,1,150,06/15/24 12:58,"546 5th St, Portland, OR 97035"
210730,20in Monitor,1,109.99,06/16/24 12:52,"185 Jackson St, Los Angeles, CA 90001"
210731,34in Ultrawide Monitor,1,379.99,06/26/24 19:53,"894 Sunset St, San Francisco, CA 94016"
210732,iPhone,1,700,06/08/24 10:24,"484 Forest St, Dallas, TX 75001"
210733,USB-C Charging Cable,1,11.95,06/10/24 00:14,"81 Hickory St, New York City, NY 10001"
210734,AAA Batteries (4-pack),1,2.99,06/13/24 20:57,"902 Washington St, Atlanta, GA 30301"
210735,AAA Batteries (4-pack),1,2.99,06/14/24 20:57,"245 Main St, New York City, NY 10001"
210736,iPhone,1,700,06/25/24 19:49,"211 13th St, Boston, MA 02215"
210737,Bose SoundSport Headphones,1,99.99,06/30/24 16:05,"597 Jackson St, New York City, NY 10001"
210738,Wired Headphones,1,11.99,06/30/24 13:54,"319 Park St, Austin, TX 73301"
210739,AA Batteries (4-pack),1,3.84,06/25/24 20:36,"159 Chestnut St, Seattle, WA 98101"
210740,Bose SoundSport Headphones,1,99.99,06/18/24 11:52,"28 Forest St, Boston, MA 02215"
210741,Bose SoundSport Headphones,1,99.99,06/29/24 16:01,"122 5th St, Los Angeles, CA 90001"
210742,AAA Batteries (4-pack),1,2.99,06/10/24 18:03,"13 Forest St, Los Angeles, CA 90001"
210743,27in FHD Monitor,1,149.99,06/21/24 18:52,"17 Ridge St, Atlanta, GA 30301"
210744,Flatscreen TV,1,300,06/26/24 11:33,"733 Jackson St, New York City, NY 10001"
210745,AAA Batteries (4-pack),2,2.99,06/17/24 10:57,"663 14th St, Boston, MA 02215"
210746,AAA Batteries (4-pack),1,2.99,06/18/24 16:39,"221 Spruce St, San Francisco, CA 94016"
210747,Flatscreen TV,1,300,06/22/24 23:54,"785 14th St, Seattle, WA 98101"
210748,iPhone,1,700,06/29/24 20:03,"936 Hickory St, San Francisco, CA 94016"
210748,Lightning Charging Cable,1,14.95,06/29/24 20:03,"936 Hickory St, San Francisco, CA 94016"
210749,Wired Headphones,1,11.99,06/05/24 16:34,"361 10th St, Portland, OR 97035"
210750,AAA Batteries (4-pack),1,2.99,06/24/24 12:44,"861 Lake St, New York City, NY 10001"
210751,Apple Airpods Headphones,1,150,06/28/24 13:16,"653 7th St, Los Angeles, CA 90001"
210752,AA Batteries (4-pack),2,3.84,06/08/24 09:24,"294 7th St, Los Angeles, CA 90001"
210753,20in Monitor,1,109.99,06/27/24 22:01,"177 Willow St, Los Angeles, CA 90001"
210754,34in Ultrawide Monitor,1,379.99,06/15/24 18:15,"409 Lake St, Atlanta, GA 30301"
210755,iPhone,1,700,06/24/24 14:32,"708 Pine St, New York City, NY 10001"
210755,Wired Headphones,1,11.99,06/24/24 14:32,"708 Pine St, New York City, NY 10001"
210756,AA Batteries (4-pack),1,3.84,06/27/24 12:23,"53 Jackson St, Los Angeles, CA 90001"
210757,LG Dryer,1,600.0,06/04/24 14:17,"720 West St, Atlanta, GA 30301"
210758,Bose SoundSport Headphones,1,99.99,06/04/24 14:39,"92 Madison St, Austin, TX 73301"
210759,27in FHD Monitor,1,149.99,06/05/24 11:54,"760 7th St, Boston, MA 02215"
210760,USB-C Charging Cable,1,11.95,06/02/24 17:13,"115 Johnson St, Atlanta, GA 30301"
210761,iPhone,1,700,06/01/24 15:41,"494 Center St, Los Angeles, CA 90001"
210762,USB-C Charging Cable,1,11.95,06/01/24 13:58,"290 Highland St, Dallas, TX 75001"
210763,USB-C Charging Cable,1,11.95,06/23/24 13:28,"683 Spruce St, Austin, TX 73301"
210764,AA Batteries (4-pack),1,3.84,06/29/24 21:13,"234 South St, Atlanta, GA 30301"
210765,USB-C Charging Cable,1,11.95,06/13/24 10:47,"520 Elm St, New York City, NY 10001"
210766,USB-C Charging Cable,1,11.95,06/20/24 10:54,"436 Hickory St, Boston, MA 02215"
210767,Vareebadd Phone,1,400,06/05/24 11:15,"325 Meadow St, Atlanta, GA 30301"
210768,USB-C Charging Cable,1,11.95,06/28/24 14:40,"996 13th St, Los Angeles, CA 90001"
210769,AAA Batteries (4-pack),1,2.99,06/08/24 09:29,"307 10th St, San Francisco, CA 94016"
210769,Lightning Charging Cable,2,14.95,06/08/24 09:29,"307 10th St, San Francisco, CA 94016"
210770,27in 4K Gaming Monitor,1,389.99,06/18/24 15:20,"433 13th St, San Francisco, CA 94016"
210771,34in Ultrawide Monitor,1,379.99,06/24/24 09:37,"47 Lake St, San Francisco, CA 94016"
210772,AA Batteries (4-pack),1,3.84,06/06/24 06:55,"716 5th St, San Francisco, CA 94016"
210773,ThinkPad Laptop,1,999.99,06/26/24 09:17,"665 Church St, Seattle, WA 98101"
210774,Lightning Charging Cable,1,14.95,06/21/24 09:59,"357 Park St, Seattle, WA 98101"
210775,Apple Airpods Headphones,1,150,06/04/24 17:00,"289 Spruce St, New York City, NY 10001"
210776,AAA Batteries (4-pack),1,2.99,06/29/24 15:54,"537 Adams St, San Francisco, CA 94016"
210777,iPhone,1,700,06/29/24 20:32,"394 9th St, Seattle, WA 98101"
210778,Lightning Charging Cable,1,14.95,06/08/24 21:54,"969 Main St, Los Angeles, CA 90001"
210779,27in FHD Monitor,1,149.99,06/16/24 00:42,"788 2nd St, Portland, ME 04101"
210780,Wired Headphones,1,11.99,06/06/24 20:04,"654 Hill St, San Francisco, CA 94016"
210781,Macbook Pro Laptop,1,1700,06/12/24 18:34,"519 Dogwood St, Los Angeles, CA 90001"
210782,AAA Batteries (4-pack),1,2.99,06/09/24 17:08,"163 7th St, Los Angeles, CA 90001"
210783,AA Batteries (4-pack),1,3.84,06/21/24 01:27,"529 14th St, New York City, NY 10001"
210784,Vareebadd Phone,1,400,06/24/24 15:39,"248 Cherry St, Portland, OR 97035"
210785,Lightning Charging Cable,1,14.95,06/26/24 22:10,"178 5th St, Seattle, WA 98101"
210786,USB-C Charging Cable,1,11.95,06/20/24 09:25,"590 Church St, New York City, NY 10001"
210787,AAA Batteries (4-pack),1,2.99,06/09/24 09:52,"622 6th St, San Francisco, CA 94016"
210788,AA Batteries (4-pack),1,3.84,06/20/24 21:25,"214 Sunset St, Portland, OR 97035"
210789,AA Batteries (4-pack),1,3.84,06/08/24 01:03,"958 Washington St, Atlanta, GA 30301"
210790,LG Washing Machine,1,600.0,06/10/24 09:30,"820 Center St, Boston, MA 02215"
210791,Apple Airpods Headphones,1,150,06/23/24 08:50,"738 Sunset St, Austin, TX 73301"
210792,Google Phone,1,600,06/07/24 14:51,"472 6th St, New York City, NY 10001"
210792,AAA Batteries (4-pack),1,2.99,06/07/24 14:51,"472 6th St, New York City, NY 10001"
210793,Apple Airpods Headphones,1,150,06/30/24 17:51,"456 2nd St, San Francisco, CA 94016"
210794,AAA Batteries (4-pack),3,2.99,06/01/24 10:12,"538 River St, Los Angeles, CA 90001"
210795,AAA Batteries (4-pack),1,2.99,06/08/24 11:43,"547 11th St, New York City, NY 10001"
210796,Vareebadd Phone,1,400,06/05/24 11:50,"955 West St, Boston, MA 02215"
210797,Lightning Charging Cable,1,14.95,06/04/24 18:09,"547 Jackson St, Los Angeles, CA 90001"
210798,Lightning Charging Cable,1,14.95,06/24/24 17:20,"645 South St, Dallas, TX 75001"
210799,ThinkPad Laptop,1,999.99,06/25/24 21:52,"59 Sunset St, San Francisco, CA 94016"
210800,USB-C Charging Cable,1,11.95,06/28/24 10:08,"421 Lake St, San Francisco, CA 94016"
210801,Lightning Charging Cable,1,14.95,06/24/24 09:37,"922 6th St, San Francisco, CA 94016"
210802,Apple Airpods Headphones,1,150,06/26/24 23:59,"202 Hickory St, Seattle, WA 98101"
210803,AAA Batteries (4-pack),1,2.99,06/21/24 17:02,"174 5th St, San Francisco, CA 94016"
210804,USB-C Charging Cable,2,11.95,06/07/24 22:05,"462 Cedar St, San Francisco, CA 94016"
210805,USB-C Charging Cable,1,11.95,06/24/24 14:58,"841 Meadow St, San Francisco, CA 94016"
210806,27in 4K Gaming Monitor,1,389.99,06/30/24 14:49,"919 River St, Dallas, TX 75001"
210807,Apple Airpods Headphones,1,150,06/09/24 14:21,"357 River St, Portland, OR 97035"
210808,27in FHD Monitor,1,149.99,06/23/24 04:20,"137 Center St, San Francisco, CA 94016"
210809,AA Batteries (4-pack),1,3.84,06/21/24 16:05,"108 West St, Seattle, WA 98101"
210810,AA Batteries (4-pack),1,3.84,06/22/24 18:56,"449 Walnut St, Boston, MA 02215"
210811,AA Batteries (4-pack),1,3.84,06/14/24 18:19,"838 Meadow St, San Francisco, CA 94016"
210812,Bose SoundSport Headphones,1,99.99,06/30/24 19:37,"376 Jackson St, Los Angeles, CA 90001"
210813,USB-C Charging Cable,1,11.95,06/13/24 09:20,"638 Ridge St, Seattle, WA 98101"
210814,27in FHD Monitor,1,149.99,06/17/24 23:15,"399 14th St, Atlanta, GA 30301"
210815,AAA Batteries (4-pack),1,2.99,06/05/24 20:12,"254 Ridge St, Atlanta, GA 30301"
210816,Wired Headphones,1,11.99,06/16/24 12:14,"188 Cherry St, Atlanta, GA 30301"
210817,Apple Airpods Headphones,1,150,06/27/24 14:16,"926 Adams St, San Francisco, CA 94016"
210818,AAA Batteries (4-pack),1,2.99,06/05/24 13:24,"205 Walnut St, Atlanta, GA 30301"
210819,AAA Batteries (4-pack),4,2.99,06/07/24 20:49,"574 Lake St, San Francisco, CA 94016"
210820,34in Ultrawide Monitor,1,379.99,06/23/24 21:21,"932 12th St, New York City, NY 10001"
210821,Wired Headphones,1,11.99,06/16/24 10:36,"160 Maple St, Atlanta, GA 30301"
210822,Google Phone,1,600,06/10/24 09:36,"654 Wilson St, San Francisco, CA 94016"
210823,USB-C Charging Cable,1,11.95,06/06/24 08:59,"727 Elm St, New York City, NY 10001"
210824,AA Batteries (4-pack),1,3.84,06/26/24 13:18,"865 Highland St, Los Angeles, CA 90001"
210825,Lightning Charging Cable,1,14.95,06/12/24 20:08,"885 Spruce St, Boston, MA 02215"
210826,Lightning Charging Cable,1,14.95,06/17/24 12:56,"216 Walnut St, San Francisco, CA 94016"
210827,iPhone,1,700,06/04/24 09:43,"408 7th St, San Francisco, CA 94016"
210827,Apple Airpods Headphones,1,150,06/04/24 09:43,"408 7th St, San Francisco, CA 94016"
210828,AAA Batteries (4-pack),1,2.99,06/12/24 13:44,"10 Dogwood St, San Francisco, CA 94016"
210829,AAA Batteries (4-pack),2,2.99,06/11/24 00:52,"692 Wilson St, San Francisco, CA 94016"
210830,AA Batteries (4-pack),1,3.84,06/27/24 21:05,"681 Elm St, San Francisco, CA 94016"
210831,AA Batteries (4-pack),2,3.84,06/11/24 00:07,"646 West St, Dallas, TX 75001"
210832,Lightning Charging Cable,1,14.95,06/09/24 18:03,"515 Walnut St, Boston, MA 02215"
210833,AAA Batteries (4-pack),1,2.99,06/26/24 16:22,"45 5th St, Los Angeles, CA 90001"
210834,Wired Headphones,1,11.99,06/10/24 14:25,"887 Walnut St, San Francisco, CA 94016"
210835,AAA Batteries (4-pack),4,2.99,06/14/24 22:48,"316 12th St, New York City, NY 10001"
210836,Wired Headphones,1,11.99,06/29/24 22:52,"379 Willow St, New York City, NY 10001"
210837,Vareebadd Phone,1,400,06/22/24 14:27,"968 Cedar St, New York City, NY 10001"
210837,USB-C Charging Cable,1,11.95,06/22/24 14:27,"968 Cedar St, New York City, NY 10001"
210838,Apple Airpods Headphones,1,150,06/27/24 17:44,"286 Washington St, Portland, OR 97035"
210839,USB-C Charging Cable,1,11.95,06/11/24 13:26,"86 Hickory St, Los Angeles, CA 90001"
210840,AA Batteries (4-pack),1,3.84,06/25/24 23:11,"963 9th St, New York City, NY 10001"
210841,Lightning Charging Cable,1,14.95,06/14/24 09:09,"141 Jackson St, Portland, OR 97035"
210842,AAA Batteries (4-pack),3,2.99,06/05/24 15:55,"838 Maple St, Dallas, TX 75001"
210843,Google Phone,1,600,06/03/24 12:08,"804 Jefferson St, New York City, NY 10001"
210844,34in Ultrawide Monitor,1,379.99,06/12/24 11:12,"724 Lakeview St, Boston, MA 02215"
210845,Lightning Charging Cable,1,14.95,06/26/24 11:40,"261 2nd St, San Francisco, CA 94016"
210846,USB-C Charging Cable,1,11.95,06/16/24 09:09,"90 Adams St, Atlanta, GA 30301"
210847,Lightning Charging Cable,1,14.95,06/08/24 06:49,"745 5th St, San Francisco, CA 94016"
210848,AAA Batteries (4-pack),3,2.99,06/29/24 12:58,"317 12th St, Atlanta, GA 30301"
210849,AA Batteries (4-pack),1,3.84,06/30/24 15:34,"189 Adams St, Dallas, TX 75001"
210850,AA Batteries (4-pack),2,3.84,06/25/24 10:30,"625 Center St, Atlanta, GA 30301"
210851,Wired Headphones,1,11.99,06/16/24 13:45,"561 Ridge St, Boston, MA 02215"
210852,AAA Batteries (4-pack),2,2.99,06/04/24 10:25,"444 Highland St, Seattle, WA 98101"
210853,Macbook Pro Laptop,1,1700,06/11/24 08:56,"684 South St, Boston, MA 02215"
210854,LG Washing Machine,1,600.0,06/04/24 18:10,"671 Spruce St, San Francisco, CA 94016"
210855,Wired Headphones,1,11.99,06/25/24 21:00,"527 Washington St, Boston, MA 02215"
210856,Wired Headphones,1,11.99,06/03/24 06:46,"504 Cedar St, San Francisco, CA 94016"
210857,AA Batteries (4-pack),1,3.84,06/15/24 10:59,"166 Adams St, San Francisco, CA 94016"
210858,AA Batteries (4-pack),3,3.84,06/02/24 10:48,"632 Lakeview St, New York City, NY 10001"
210859,27in FHD Monitor,1,149.99,06/16/24 08:20,"123 Meadow St, Atlanta, GA 30301"
210860,AAA Batteries (4-pack),2,2.99,06/19/24 20:29,"294 Adams St, San Francisco, CA 94016"
210861,Flatscreen TV,1,300,06/13/24 12:52,"240 Willow St, Los Angeles, CA 90001"
210862,ThinkPad Laptop,1,999.99,06/09/24 14:56,"393 9th St, Los Angeles, CA 90001"
210863,Wired Headphones,1,11.99,06/24/24 19:21,"294 Forest St, Portland, ME 04101"
210864,Bose SoundSport Headphones,1,99.99,06/06/24 10:50,"169 Ridge St, San Francisco, CA 94016"
210865,27in 4K Gaming Monitor,1,389.99,06/06/24 17:50,"298 Church St, Los Angeles, CA 90001"
Order ID,Product,Quantity Ordered,Price Each,Order Date,Purchase Address
210866,27in 4K Gaming Monitor,1,389.99,06/11/24 23:37,"989 Forest St, Atlanta, GA 30301"
210867,AA Batteries (4-pack),1,3.84,06/02/24 06:37,"920 Dogwood St, San Francisco, CA 94016"
210867,Lightning Charging Cable,1,14.95,06/02/24 06:37,"920 Dogwood St, San Francisco, CA 94016"
210868,Bose SoundSport Headphones,1,99.99,06/29/24 12:12,"620 Hickory St, Seattle, WA 98101"
210869,27in FHD Monitor,1,149.99,06/08/24 14:49,"855 Jackson St, Portland, OR 97035"
210870,AA Batteries (4-pack),1,3.84,06/20/24 22:10,"548 Highland St, Boston, MA 02215"
210871,Wired Headphones,1,11.99,06/06/24 16:21,"3 Madison St, New York City, NY 10001"
210872,Vareebadd Phone,1,400,06/09/24 17:24,"166 Church St, New York City, NY 10001"
210873,Apple Airpods Headphones,1,150,06/10/24 09:34,"935 4th St, Los Angeles, CA 90001"
210874,Bose SoundSport Headphones,1,99.99,06/20/24 13:59,"423 Madison St, New York City, NY 10001"
210875,Wired Headphones,2,11.99,06/13/24 16:19,"264 Pine St, Los Angeles, CA 90001"
210876,Lightning Charging Cable,1,14.95,06/19/24 15:18,"248 Spruce St, Austin, TX 73301"
210877,Lightning Charging Cable,1,14.95,06/21/24 11:05,"26 Johnson St, Los Angeles, CA 90001"
210878,Lightning Charging Cable,1,14.95,06/06/24 14:49,"619 Spruce St, Dallas, TX 75001"
210879,USB-C Charging Cable,1,11.95,06/06/24 16:38,"600 Lake St, San Francisco, CA 94016"
210880,Lightning Charging Cable,1,14.95,06/03/24 19:19,"887 Center St, Los Angeles, CA 90001"
210881,AA Batteries (4-pack),1,3.84,06/16/24 12:50,"648 Adams St, Boston, MA 02215"
210882,Wired Headphones,1,11.99,06/01/24 15:02,"281 Ridge St, Seattle, WA 98101"
210883,iPhone,1,700,06/17/24 20:59,"351 Madison St, New York City, NY 10001"
210883,Lightning Charging Cable,1,14.95,06/17/24 20:59,"351 Madison St, New York City, NY 10001"
210884,AA Batteries (4-pack),1,3.84,06/30/24 01:58,"601 6th St, Atlanta, GA 30301"
210885,USB-C Charging Cable,1,11.95,06/03/24 12:32,"377 Meadow St, Los Angeles, CA 90001"
210886,ThinkPad Laptop,1,999.99,06/20/24 15:25,"357 2nd St, San Francisco, CA 94016"
210887,iPhone,1,700,06/15/24 12:59,"511 Meadow St, Atlanta, GA 30301"
210888,Google Phone,1,600,06/12/24 08:12,"630 Church St, Seattle, WA 98101"
210889,Wired Headphones,1,11.99,06/14/24 22:46,"629 South St, Seattle, WA 98101"
210890,Lightning Charging Cable,1,14.95,06/24/24 18:28,"428 Cherry St, Portland, OR 97035"
210891,AAA Batteries (4-pack),1,2.99,06/04/24 19:16,"55 Ridge St, Los Angeles, CA 90001"
210892,34in Ultrawide Monitor,1,379.99,06/01/24 18:48,"38 Cedar St, Seattle, WA 98101"
210893,USB-C Charging Cable,1,11.95,06/19/24 15:58,"18 Chestnut St, Dallas, TX 75001"
210894,AA Batteries (4-pack),1,3.84,06/27/24 20:41,"530 Cedar St, Seattle, WA 98101"
210895,Bose SoundSport Headphones,1,99.99,06/28/24 21:49,"66 North St, San Francisco, CA 94016"
210896,Macbook Pro Laptop,1,1700,06/06/24 09:13,"111 Pine St, Dallas, TX 75001"
210897,20in Monitor,1,109.99,06/01/24 19:12,"705 7th St, New York City, NY 10001"
210898,Bose SoundSport Headphones,1,99.99,06/27/24 10:50,"439 6th St, Portland, OR 97035"
210899,Lightning Charging Cable,1,14.95,06/12/24 13:22,"385 11th St, Los Angeles, CA 90001"
210900,Apple Airpods Headphones,1,150,06/07/24 08:40,"889 Jackson St, Seattle, WA 98101"
210901,USB-C Charging Cable,1,11.95,06/13/24 20:05,"703 6th St, Los Angeles, CA 90001"
210902,Lightning Charging Cable,1,14.95,06/18/24 20:56,"113 11th St, Portland, OR 97035"
210903,Macbook Pro Laptop,1,1700,06/07/24 17:59,"938 Chestnut St, New York City, NY 10001"
210904,27in 4K Gaming Monitor,1,389.99,06/11/24 19:31,"709 Meadow St, New York City, NY 10001"
210905,20in Monitor,1,109.99,06/03/24 11:33,"662 North St, Los Angeles, CA 90001"
210906,Wired Headphones,1,11.99,06/21/24 11:52,"431 4th St, New York City, NY 10001"
210907,Lightning Charging Cable,1,14.95,06/28/24 17:21,"732 13th St, Dallas, TX 75001"
210908,iPhone,1,700,06/10/24 16:34,"293 Spruce St, San Francisco, CA 94016"
210909,iPhone,1,700,06/03/24 10:22,"68 Lincoln St, San Francisco, CA 94016"
210910,34in Ultrawide Monitor,1,379.99,06/03/24 15:58,"32 Wilson St, Los Angeles, CA 90001"
210911,Macbook Pro Laptop,1,1700,06/27/24 13:06,"648 Main St, Los Angeles, CA 90001"
210912,USB-C Charging Cable,1,11.95,06/23/24 15:50,"602 Ridge St, New York City, NY 10001"
210913,Bose SoundSport Headphones,1,99.99,06/14/24 08:21,"127 Meadow St, Dallas, TX 75001"
210914,Apple Airpods Headphones,1,150,06/27/24 10:34,"112 River St, Los Angeles, CA 90001"
210915,Wired Headphones,1,11.99,06/14/24 17:39,"730 1st St, Boston, MA 02215"
210916,USB-C Charging Cable,1,11.95,06/29/24 14:08,"897 14th St, New York City, NY 10001"
210917,USB-C Charging Cable,1,11.95,06/30/24 09:03,"619 Dogwood St, San Francisco, CA 94016"
210918,iPhone,1,700,06/08/24 15:49,"898 7th St, New York City, NY 10001"
210919,AA Batteries (4-pack),1,3.84,06/10/24 11:52,"591 Cedar St, New York City, NY 10001"
210920,AAA Batteries (4-pack),1,2.99,06/16/24 10:43,"551 Wilson St, Portland, ME 04101"
210920,Apple Airpods Headphones,1,150,06/16/24 10:43,"551 Wilson St, Portland, ME 04101"
210921,Lightning Charging Cable,1,14.95,06/17/24 16:19,"530 South St, San Francisco, CA 94016"
210922,27in FHD Monitor,1,149.99,06/17/24 13:57,"696 Center St, Boston, MA 02215"
210923,USB-C Charging Cable,1,11.95,06/08/24 18:51,"258 2nd St, Boston, MA 02215"
210923,Bose SoundSport Headphones,1,99.99,06/08/24 18:51,"258 2nd St, Boston, MA 02215"
210924,Wired Headphones,1,11.99,06/08/24 13:46,"35 11th St, Los Angeles, CA 90001"
210925,Flatscreen TV,1,300,06/09/24 10:14,"584 Highland St, Los Angeles, CA 90001"
210926,iPhone,1,700,06/25/24 22:23,"105 4th St, Atlanta, GA 30301"
210927,AA Batteries (4-pack),1,3.84,06/19/24 21:37,"596 Johnson St, Portland, OR 97035"
210928,USB-C Charging Cable,1,11.95,06/26/24 07:46,"187 4th St, New York City, NY 10001"
210929,Bose SoundSport Headphones,1,99.99,06/27/24 13:28,"985 Lakeview St, Atlanta, GA 30301"
210930,Apple Airpods Headphones,1,150,06/16/24 12:41,"354 Lincoln St, Los Angeles, CA 90001"
210931,AA Batteries (4-pack),1,3.84,06/12/24 17:04,"953 10th St, Atlanta, GA 30301"
210932,Wired Headphones,1,11.99,06/19/24 10:38,"66 Ridge St, Dallas, TX 75001"
210933,AAA Batteries (4-pack),2,2.99,06/04/24 11:14,"432 4th St, Dallas, TX 75001"
210934,Bose SoundSport Headphones,1,99.99,06/01/24 20:51,"347 11th St, New York City, NY 10001"
210935,Lightning Charging Cable,1,14.95,06/04/24 12:44,"305 Ridge St, Los Angeles, CA 90001"
210936,Lightning Charging Cable,1,14.95,06/17/24 20:18,"8 11th St, Portland, OR 97035"
210937,USB-C Charging Cable,1,11.95,06/22/24 11:31,"160 1st St, San Francisco, CA 94016"
210938,Bose SoundSport Headphones,1,99.99,06/17/24 19:23,"598 Maple St, Los Angeles, CA 90001"
210939,Bose SoundSport Headphones,1,99.99,06/16/24 09:18,"76 Jefferson St, New York City, NY 10001"
210940,AAA Batteries (4-pack),4,2.99,06/25/24 18:16,"470 Center St, San Francisco, CA 94016"
210941,Wired Headphones,1,11.99,06/14/24 17:06,"553 Sunset St, Atlanta, GA 30301"
210942,Google Phone,1,600,06/09/24 12:49,"837 Center St, Boston, MA 02215"
210943,USB-C Charging Cable,1,11.95,06/30/24 22:59,"251 12th St, Atlanta, GA 30301"
210944,27in FHD Monitor,1,149.99,06/21/24 16:28,"773 Cedar St, Seattle, WA 98101"
210945,Flatscreen TV,1,300,06/07/24 19:38,"636 West St, Atlanta, GA 30301"
210946,Macbook Pro Laptop,1,1700,06/30/24 12:20,"991 Lincoln St, Boston, MA 02215"
210947,AA Batteries (4-pack),2,3.84,06/13/24 06:35,"55 Walnut St, Atlanta, GA 30301"
210948,Vareebadd Phone,1,400,06/24/24 17:58,"318 Chestnut St, New York City, NY 10001"
210949,Lightning Charging Cable,1,14.95,06/25/24 01:19,"273 Hill St, Austin, TX 73301"
210950,Apple Airpods Headphones,1,150,06/22/24 20:00,"479 Hickory St, New York City, NY 10001"
210950,Apple Airpods Headphones,1,150,06/22/24 20:00,"479 Hickory St, New York City, NY 10001"
210951,AAA Batteries (4-pack),5,2.99,06/02/24 14:26,"696 8th St, Seattle, WA 98101"
210952,iPhone,1,700,06/16/24 05:09,"327 Johnson St, Boston, MA 02215"
210953,iPhone,1,700,06/10/24 16:28,"402 Cherry St, San Francisco, CA 94016"
210954,AA Batteries (4-pack),1,3.84,06/13/24 13:34,"626 6th St, San Francisco, CA 94016"
210955,20in Monitor,1,109.99,06/30/24 21:50,"908 7th St, San Francisco, CA 94016"
210956,AA Batteries (4-pack),1,3.84,06/02/24 03:39,"553 River St, San Francisco, CA 94016"
210957,Bose SoundSport Headphones,1,99.99,06/25/24 17:14,"238 1st St, Atlanta, GA 30301"
210958,USB-C Charging Cable,1,11.95,06/02/24 19:04,"778 Dogwood St, Atlanta, GA 30301"
210959,AAA Batteries (4-pack),1,2.99,06/24/24 04:56,"476 Willow St, San Francisco, CA 94016"
210960,Apple Airpods Headphones,1,150,06/30/24 16:25,"496 Cherry St, Boston, MA 02215"
210961,Wired Headphones,1,11.99,06/12/24 10:25,"173 River St, New York City, NY 10001"
210962,Flatscreen TV,1,300,06/25/24 09:20,"89 Cedar St, New York City, NY 10001"
210963,Bose SoundSport Headphones,1,99.99,06/13/24 23:45,"35 9th St, New York City, NY 10001"
210964,Vareebadd Phone,1,400,06/24/24 06:25,"643 Lakeview St, San Francisco, CA 94016"
210964,USB-C Charging Cable,1,11.95,06/24/24 06:25,"643 Lakeview St, San Francisco, CA 94016"
210964,Wired Headphones,1,11.99,06/24/24 06:25,"643 Lakeview St, San Francisco, CA 94016"
210965,Wired Headphones,1,11.99,06/20/24 06:38,"476 Spruce St, Los Angeles, CA 90001"
210966,Vareebadd Phone,1,400,06/18/24 11:46,"457 Main St, Atlanta, GA 30301"
210967,Wired Headphones,1,11.99,06/13/24 08:10,"99 Wilson St, Austin, TX 73301"
210968,AA Batteries (4-pack),1,3.84,06/01/24 14:34,"652 13th St, Atlanta, GA 30301"
210969,Wired Headphones,1,11.99,06/28/24 06:08,"707 4th St, San Francisco, CA 94016"
210970,Bose SoundSport Headphones,1,99.99,06/15/24 19:32,"103 Cedar St, Portland, OR 97035"
210971,AAA Batteries (4-pack),1,2.99,06/28/24 12:52,"353 Center St, San Francisco, CA 94016"
210972,USB-C Charging Cable,1,11.95,06/27/24 01:37,"106 2nd St, Atlanta, GA 30301"
210973,AAA Batteries (4-pack),2,2.99,06/02/24 11:45,"236 Lincoln St, Austin, TX 73301"
210974,34in Ultrawide Monitor,1,379.99,06/02/24 12:19,"560 Meadow St, New York City, NY 10001"
210975,ThinkPad Laptop,1,999.99,06/07/24 18:03,"711 Hickory St, Atlanta, GA 30301"
210976,USB-C Charging Cable,1,11.95,06/11/24 13:10,"980 6th St, Portland, OR 97035"
210977,USB-C Charging Cable,2,11.95,06/05/24 11:16,"561 Spruce St, Los Angeles, CA 90001"
210978,Lightning Charging Cable,1,14.95,06/06/24 20:37,"859 Cedar St, Boston, MA 02215"
210979,AA Batteries (4-pack),1,3.84,06/27/24 19:41,"634 Sunset St, San Francisco, CA 94016"
210980,AAA Batteries (4-pack),2,2.99,06/22/24 09:02,"482 Spruce St, San Francisco, CA 94016"
210981,ThinkPad Laptop,1,999.99,06/07/24 17:47,"664 Elm St, San Francisco, CA 94016"
210982,27in FHD Monitor,1,149.99,06/16/24 20:48,"740 Madison St, Los Angeles, CA 90001"
210983,AAA Batteries (4-pack),3,2.99,06/04/24 17:24,"768 Madison St, Los Angeles, CA 90001"
210984,Flatscreen TV,1,300,06/17/24 22:58,"474 Chestnut St, Atlanta, GA 30301"
210985,Macbook Pro Laptop,1,1700,06/12/24 10:13,"829 Main St, Dallas, TX 75001"
210986,USB-C Charging Cable,1,11.95,06/19/24 12:35,"399 11th St, San Francisco, CA 94016"
210987,AA Batteries (4-pack),1,3.84,06/27/24 13:45,"795 West St, San Francisco, CA 94016"
210988,AA Batteries (4-pack),1,3.84,06/29/24 01:04,"747 West St, Dallas, TX 75001"
210989,USB-C Charging Cable,3,11.95,06/14/24 07:32,"458 Cedar St, San Francisco, CA 94016"
210990,20in Monitor,1,109.99,06/03/24 21:46,"602 10th St, Los Angeles, CA 90001"
210991,Wired Headphones,1,11.99,06/17/24 14:53,"144 Johnson St, San Francisco, CA 94016"
210992,Wired Headphones,1,11.99,06/03/24 21:35,"122 Ridge St, New York City, NY 10001"
210993,Google Phone,1,600,06/25/24 09:50,"615 13th St, Seattle, WA 98101"
210994,AA Batteries (4-pack),1,3.84,06/28/24 20:32,"826 Church St, New York City, NY 10001"
210995,Vareebadd Phone,1,400,06/26/24 14:37,"619 Ridge St, Atlanta, GA 30301"
210995,Wired Headphones,1,11.99,06/26/24 14:37,"619 Ridge St, Atlanta, GA 30301"
210996,Lightning Charging Cable,1,14.95,06/17/24 14:22,"568 5th St, Portland, ME 04101"
210996,Apple Airpods Headphones,1,150,06/17/24 14:22,"568 5th St, Portland, ME 04101"
210997,Wired Headphones,2,11.99,06/01/24 08:19,"438 Sunset St, Dallas, TX 75001"
210998,AAA Batteries (4-pack),1,2.99,06/09/24 10:30,"166 10th St, Austin, TX 73301"
210999,AAA Batteries (4-pack),1,2.99,06/10/24 15:23,"762 West St, Atlanta, GA 30301"
211000,AA Batteries (4-pack),1,3.84,06/09/24 12:41,"735 Maple St, Atlanta, GA 30301"
211001,Bose SoundSport Headphones,1,99.99,06/05/24 12:14,"702 Wilson St, San Francisco, CA 94016"
,,,,,
211002,AA Batteries (4-pack),1,3.84,06/12/24 15:34,"187 14th St, Seattle, WA 98101"
211003,Bose SoundSport Headphones,1,99.99,06/14/24 11:12,"489 Lakeview St, Los Angeles, CA 90001"
211004,20in Monitor,1,109.99,06/26/24 19:07,"4 Cherry St, Boston, MA 02215"
211005,Google Phone,1,600,06/10/24 20:41,"856 Wilson St, Dallas, TX 75001"
211006,AAA Batteries (4-pack),1,2.99,06/18/24 10:55,"942 River St, Boston, MA 02215"
211007,Apple Airpods Headphones,1,150,06/10/24 10:19,"913 Elm St, San Francisco, CA 94016"
211008,USB-C Charging Cable,1,11.95,06/07/24 10:53,"589 Jefferson St, New York City, NY 10001"
211009,AAA Batteries (4-pack),2,2.99,06/20/24 17:11,"208 Lincoln St, Dallas, TX 75001"
211010,Wired Headphones,1,11.99,06/04/24 21:36,"207 Lake St, Dallas, TX 75001"
211011,LG Washing Machine,1,600.0,06/16/24 13:47,"175 Highland St, Los Angeles, CA 90001"
211012,Lightning Charging Cable,1,14.95,06/07/24 16:26,"121 Lake St, Dallas, TX 75001"
211013,AA Batteries (4-pack),1,3.84,06/10/24 20:29,"79 Wilson St, Boston, MA 02215"
211014,Wired Headphones,1,11.99,06/18/24 11:01,"100 12th St, Los Angeles, CA 90001"
211015,Lightning Charging Cable,1,14.95,06/23/24 16:18,"344 Lake St, Atlanta, GA 30301"
211016,AA Batteries (4-pack),4,3.84,06/18/24 09:51,"309 Maple St, Austin, TX 73301"
211017,Bose SoundSport Headphones,1,99.99,06/14/24 20:51,"342 5th St, San Francisco, CA 94016"
211017,AA Batteries (4-pack),1,3.84,06/14/24 20:51,"342 5th St, San Francisco, CA 94016"
211018,34in Ultrawide Monitor,1,379.99,06/24/24 18:21,"743 Main St, Seattle, WA 98101"
211019,Apple Airpods Headphones,1,150,06/25/24 06:47,"74 Main St, San Francisco, CA 94016"
211020,Wired Headphones,3,11.99,06/26/24 19:39,"648 Maple St, New York City, NY 10001"
211021,USB-C Charging Cable,1,11.95,06/06/24 11:33,"88 Chestnut St, Seattle, WA 98101"
211022,27in 4K Gaming Monitor,1,389.99,06/05/24 22:34,"820 Lincoln St, New York City, NY 10001"
211023,AAA Batteries (4-pack),2,2.99,06/19/24 19:41,"889 4th St, Seattle, WA 98101"
211024,Bose SoundSport Headphones,1,99.99,06/01/24 08:49,"455 9th St, Seattle, WA 98101"
211025,AAA Batteries (4-pack),1,2.99,06/08/24 11:59,"434 10th St, San Francisco, CA 94016"
211026,Lightning Charging Cable,1,14.95,06/27/24 09:37,"898 12th St, Seattle, WA 98101"
211027,Vareebadd Phone,1,400,06/13/24 12:10,"890 Adams St, New York City, NY 10001"
211028,20in Monitor,1,109.99,06/25/24 23:19,"975 Lakeview St, Dallas, TX 75001"
211029,Flatscreen TV,1,300,06/24/24 09:24,"587 Hill St, Portland, OR 97035"
211030,AAA Batteries (4-pack),1,2.99,06/20/24 08:54,"969 8th St, Seattle, WA 98101"
211031,USB-C Charging Cable,1,11.95,06/06/24 22:05,"296 Ridge St, Los Angeles, CA 90001"
211032,AAA Batteries (4-pack),4,2.99,06/08/24 13:06,"372 Wilson St, San Francisco, CA 94016"
211033,27in 4K Gaming Monitor,1,389.99,06/23/24 15:50,"806 Hickory St, Boston, MA 02215"
211034,AA Batteries (4-pack),1,3.84,06/25/24 22:12,"835 Spruce St, Boston, MA 02215"
211035,34in Ultrawide Monitor,1,379.99,06/23/24 14:03,"933 Hill St, San Francisco, CA 94016"
211036,Wired Headphones,1,11.99,06/14/24 18:45,"76 Cherry St, San Francisco, CA 94016"
211037,ThinkPad Laptop,1,999.99,06/19/24 23:27,"245 Johnson St, Atlanta, GA 30301"
211038,27in FHD Monitor,1,149.99,06/23/24 13:16,"25 Meadow St, San Francisco, CA 94016"
211039,Lightning Charging Cable,1,14.95,06/04/24 12:55,"199 Hickory St, Portland, OR 97035"
211040,Bose SoundSport Headphones,1,99.99,06/19/24 17:51,"779 6th St, Seattle, WA 98101"
211041,AA Batteries (4-pack),1,3.84,06/15/24 14:12,"172 Lincoln St, Los Angeles, CA 90001"
211042,Lightning Charging Cable,1,14.95,06/22/24 14:46,"643 8th St, Atlanta, GA 30301"
211043,AAA Batteries (4-pack),2,2.99,06/30/24 11:44,"478 Lake St, San Francisco, CA 94016"
211044,iPhone,1,700,06/02/24 09:17,"71 Wilson St, Boston, MA 02215"
211045,AA Batteries (4-pack),1,3.84,06/05/24 02:09,"513 Hill St, San Francisco, CA 94016"
211046,Lightning Charging Cable,1,14.95,06/12/24 12:18,"543 Spruce St, San Francisco, CA 94016"
211047,USB-C Charging Cable,1,11.95,06/09/24 13:15,"891 Jackson St, New York City, NY 10001"
211048,Lightning Charging Cable,1,14.95,06/30/24 20:50,"68 Chestnut St, Austin, TX 73301"
211049,27in 4K Gaming Monitor,1,389.99,06/05/24 21:29,"44 5th St, Seattle, WA 98101"
211050,AAA Batteries (4-pack),1,2.99,06/15/24 08:32,"160 6th St, Boston, MA 02215"
211051,20in Monitor,1,109.99,06/06/24 10:38,"567 Dogwood St, Atlanta, GA 30301"
211052,Bose SoundSport Headphones,1,99.99,06/16/24 12:48,"507 Walnut St, Seattle, WA 98101"
211053,Wired Headphones,1,11.99,06/09/24 15:25,"381 1st St, Seattle, WA 98101"
211054,USB-C Charging Cable,1,11.95,06/12/24 14:56,"482 Jefferson St, Seattle, WA 98101"
211055,AAA Batteries (4-pack),1,2.99,06/13/24 11:44,"631 Adams St, Atlanta, GA 30301"
211056,Bose SoundSport Headphones,1,99.99,06/03/24 07:48,"811 Main St, Austin, TX 73301"
211057,AAA Batteries (4-pack),1,2.99,06/28/24 13:59,"334 Madison St, San Francisco, CA 94016"
211058,Apple Airpods Headphones,1,150,06/22/24 15:55,"438 13th St, Austin, TX 73301"
211058,Macbook Pro Laptop,1,1700,06/22/24 15:55,"438 13th St, Austin, TX 73301"
211059,Lightning Charging Cable,1,14.95,06/05/24 13:42,"775 West St, Los Angeles, CA 90001"
211060,AA Batteries (4-pack),4,3.84,06/18/24 14:21,"449 Lake St, Los Angeles, CA 90001"
211061,Wired Headphones,2,11.99,06/15/24 13:58,"127 Highland St, Boston, MA 02215"
211062,AA Batteries (4-pack),1,3.84,06/08/24 10:41,"28 Cedar St, Los Angeles, CA 90001"
211063,27in FHD Monitor,1,149.99,06/03/24 20:20,"717 Church St, Portland, OR 97035"
211064,USB-C Charging Cable,1,11.95,06/15/24 18:47,"978 Park St, Seattle, WA 98101"
211065,34in Ultrawide Monitor,1,379.99,06/11/24 15:42,"556 Sunset St, San Francisco, CA 94016"
211066,34in Ultrawide Monitor,1,379.99,06/24/24 21:28,"788 South St, Boston, MA 02215"
211067,Macbook Pro Laptop,1,1700,06/13/24 05:00,"124 Hill St, Seattle, WA 98101"
211068,Macbook Pro Laptop,1,1700,06/13/24 10:18,"697 Church St, San Francisco, CA 94016"
211069,AA Batteries (4-pack),1,3.84,06/12/24 19:55,"246 11th St, Atlanta, GA 30301"
211070,Google Phone,1,600,06/04/24 14:49,"806 River St, New York City, NY 10001"
211071,Bose SoundSport Headphones,1,99.99,06/12/24 10:51,"474 North St, Atlanta, GA 30301"
211072,USB-C Charging Cable,2,11.95,06/25/24 08:48,"534 7th St, Seattle, WA 98101"
211073,AAA Batteries (4-pack),1,2.99,06/11/24 18:56,"433 Center St, New York City, NY 10001"
211074,Vareebadd Phone,1,400,06/22/24 13:27,"513 Walnut St, Portland, OR 97035"
211074,Bose SoundSport Headphones,1,99.99,06/22/24 13:27,"513 Walnut St, Portland, OR 97035"
211075,AA Batteries (4-pack),1,3.84,06/16/24 16:19,"209 Center St, New York City, NY 10001"
211076,Bose SoundSport Headphones,1,99.99,06/09/24 13:21,"33 Madison St, San Francisco, CA 94016"
211077,Lightning Charging Cable,1,14.95,06/30/24 18:45,"694 Highland St, New York City, NY 10001"
211078,AA Batteries (4-pack),1,3.84,06/23/24 18:19,"692 2nd St, Seattle, WA 98101"
211079,AA Batteries (4-pack),1,3.84,06/21/24 19:26,"460 Highland St, Seattle, WA 98101"
211080,Apple Airpods Headphones,1,150,06/14/24 21:23,"776 4th St, Boston, MA 02215"
211081,Apple Airpods Headphones,1,150,06/03/24 14:13,"116 Madison St, Los Angeles, CA 90001"
211082,AA Batteries (4-pack),1,3.84,06/16/24 17:51,"152 5th St, San Francisco, CA 94016"
211083,USB-C Charging Cable,1,11.95,06/11/24 20:18,"425 Johnson St, Atlanta, GA 30301"
211084,Lightning Charging Cable,1,14.95,06/09/24 11:16,"831 Jefferson St, Atlanta, GA 30301"
211085,USB-C Charging Cable,1,11.95,06/10/24 00:37,"760 13th St, New York City, NY 10001"
211086,Wired Headphones,1,11.99,06/24/24 08:40,"461 Adams St, Boston, MA 02215"
211087,Google Phone,1,600,06/06/24 12:58,"510 2nd St, San Francisco, CA 94016"
211088,iPhone,1,700,06/13/24 22:14,"731 Lakeview St, Seattle, WA 98101"
211089,iPhone,1,700,06/15/24 11:11,"102 Elm St, New York City, NY 10001"
211090,27in 4K Gaming Monitor,1,389.99,06/09/24 21:10,"245 Hickory St, Seattle, WA 98101"
211091,27in FHD Monitor,1,149.99,06/18/24 07:27,"325 Meadow St, New York City, NY 10001"
211092,USB-C Charging Cable,1,11.95,06/17/24 19:13,"633 8th St, Boston, MA 02215"
211093,Flatscreen TV,1,300,06/20/24 16:02,"420 10th St, Los Angeles, CA 90001"
211094,AAA Batteries (4-pack),1,2.99,06/18/24 11:31,"942 Highland St, Austin, TX 73301"
211094,AA Batteries (4-pack),2,3.84,06/18/24 11:31,"942 Highland St, Austin, TX 73301"
211095,Lightning Charging Cable,1,14.95,06/20/24 20:30,"952 Johnson St, San Francisco, CA 94016"
211096,Lightning Charging Cable,1,14.95,06/07/24 10:09,"969 Jefferson St, New York City, NY 10001"
211097,AAA Batteries (4-pack),9,2.99,06/23/24 08:29,"338 Hickory St, Los Angeles, CA 90001"
211098,34in Ultrawide Monitor,1,379.99,06/02/24 16:17,"668 Dogwood St, Boston, MA 02215"
211099,Wired Headphones,1,11.99,06/23/24 01:11,"696 Walnut St, New York City, NY 10001"
211100,Vareebadd Phone,1,400,06/25/24 16:47,"342 Main St, Los Angeles, CA 90001"
211101,Apple Airpods Headphones,1,150,06/18/24 18:02,"935 North St, San Francisco, CA 94016"
211101,USB-C Charging Cable,1,11.95,06/18/24 18:02,"935 North St, San Francisco, CA 94016"
211102,34in Ultrawide Monitor,1,379.99,06/09/24 21:52,"826 Jefferson St, San Francisco, CA 94016"
211103,AAA Batteries (4-pack),1,2.99,06/08/24 20:21,"896 Hill St, San Francisco, CA 94016"
211104,AA Batteries (4-pack),3,3.84,06/19/24 16:46,"166 4th St, Austin, TX 73301"
211105,Google Phone,1,600,06/09/24 14:13,"217 Washington St, Seattle, WA 98101"
211105,USB-C Charging Cable,1,11.95,06/09/24 14:13,"217 Washington St, Seattle, WA 98101"
211106,Google Phone,1,600,06/15/24 18:22,"958 Main St, Austin, TX 73301"
211107,Apple Airpods Headphones,1,150,06/16/24 22:31,"147 11th St, Los Angeles, CA 90001"
211108,USB-C Charging Cable,1,11.95,06/29/24 19:33,"904 10th St, San Francisco, CA 94016"
211109,Bose SoundSport Headphones,1,99.99,06/04/24 10:13,"24 Jefferson St, Los Angeles, CA 90001"
211110,ThinkPad Laptop,1,999.99,06/30/24 13:08,"35 Cedar St, San Francisco, CA 94016"
211111,Bose SoundSport Headphones,1,99.99,06/27/24 15:44,"541 Chestnut St, Boston, MA 02215"
211112,Flatscreen TV,1,300,06/11/24 14:44,"58 12th St, San Francisco, CA 94016"
211113,AAA Batteries (4-pack),2,2.99,06/19/24 16:51,"637 1st St, Portland, OR 97035"
211114,Wired Headphones,1,11.99,06/30/24 20:15,"310 Spruce St, Seattle, WA 98101"
211115,27in 4K Gaming Monitor,1,389.99,06/05/24 12:09,"515 Spruce St, Portland, ME 04101"
211116,Lightning Charging Cable,1,14.95,06/19/24 01:27,"734 14th St, San Francisco, CA 94016"
211117,AA Batteries (4-pack),2,3.84,06/30/24 22:05,"31 Chestnut St, Seattle, WA 98101"
211118,Bose SoundSport Headphones,1,99.99,06/25/24 16:47,"869 Adams St, San Francisco, CA 94016"
211119,Lightning Charging Cable,1,14.95,06/03/24 16:38,"936 Chestnut St, San Francisco, CA 94016"
211120,20in Monitor,1,109.99,06/30/24 18:31,"110 Madison St, Atlanta, GA 30301"
211121,34in Ultrawide Monitor,1,379.99,06/14/24 21:53,"800 8th St, Seattle, WA 98101"
211122,Apple Airpods Headphones,1,150,06/07/24 14:48,"711 12th St, Atlanta, GA 30301"
211123,AAA Batteries (4-pack),1,2.99,06/30/24 06:26,"406 10th St, New York City, NY 10001"
211124,iPhone,1,700,06/30/24 18:41,"814 5th St, San Francisco, CA 94016"
211124,Lightning Charging Cable,1,14.95,06/30/24 18:41,"814 5th St, San Francisco, CA 94016"
211125,AA Batteries (4-pack),1,3.84,06/24/24 13:44,"69 Chestnut St, San Francisco, CA 94016"
211126,AA Batteries (4-pack),1,3.84,06/08/24 11:34,"767 Park St, New York City, NY 10001"
211127,34in Ultrawide Monitor,1,379.99,06/20/24 18:59,"431 Hickory St, Seattle, WA 98101"
211128,Wired Headphones,1,11.99,06/10/24 16:25,"317 10th St, New York City, NY 10001"
211129,Apple Airpods Headphones,1,150,06/22/24 18:39,"407 Center St, Portland, OR 97035"
211130,AA Batteries (4-pack),1,3.84,06/01/24 17:57,"168 Adams St, Dallas, TX 75001"
211131,AA Batteries (4-pack),2,3.84,06/10/24 18:05,"406 Chestnut St, New York City, NY 10001"
211132,USB-C Charging Cable,1,11.95,06/29/24 20:40,"572 Ridge St, Los Angeles, CA 90001"
211133,27in FHD Monitor,1,149.99,06/04/24 00:33,"572 13th St, Atlanta, GA 30301"
211134,Google Phone,1,600,06/18/24 18:42,"660 Center St, San Francisco, CA 94016"
211134,USB-C Charging Cable,1,11.95,06/18/24 18:42,"660 Center St, San Francisco, CA 94016"
211135,iPhone,1,700,06/03/24 01:36,"753 Cedar St, Los Angeles, CA 90001"
211136,Lightning Charging Cable,1,14.95,06/14/24 20:43,"586 Forest St, Austin, TX 73301"
211137,USB-C Charging Cable,1,11.95,06/13/24 20:43,"203 2nd St, San Francisco, CA 94016"
211138,27in FHD Monitor,1,149.99,06/20/24 06:46,"234 1st St, Dallas, TX 75001"
211139,34in Ultrawide Monitor,1,379.99,06/12/24 15:18,"742 Spruce St, New York City, NY 10001"
211140,Wired Headphones,1,11.99,06/24/24 10:47,"825 Center St, Atlanta, GA 30301"
211141,Lightning Charging Cable,1,14.95,06/21/24 20:17,"151 Forest St, Austin, TX 73301"
211142,27in FHD Monitor,1,149.99,06/20/24 23:36,"205 1st St, Portland, ME 04101"
211143,Wired Headphones,1,11.99,06/30/24 14:11,"679 Pine St, New York City, NY 10001"
211144,Wired Headphones,1,11.99,06/07/24 19:12,"202 12th St, Dallas, TX 75001"
211145,27in 4K Gaming Monitor,1,389.99,06/10/24 20:06,"757 4th St, San Francisco, CA 94016"
211146,Wired Headphones,1,11.99,06/22/24 01:06,"900 10th St, San Francisco, CA 94016"
211147,Lightning Charging Cable,1,14.95,06/17/24 18:07,"935 9th St, Seattle, WA 98101"
211148,AA Batteries (4-pack),1,3.84,06/10/24 14:36,"766 Center St, San Francisco, CA 94016"
211149,AAA Batteries (4-pack),1,2.99,06/29/24 12:52,"809 Center St, Los Angeles, CA 90001"
211150,AA Batteries (4-pack),1,3.84,06/13/24 15:20,"60 13th St, San Francisco, CA 94016"
211151,Bose SoundSport Headphones,1,99.99,06/26/24 13:07,"104 Washington St, Portland, OR 97035"
211152,Lightning Charging Cable,1,14.95,06/20/24 11:12,"619 Jefferson St, San Francisco, CA 94016"
211153,Bose SoundSport Headphones,1,99.99,06/10/24 15:08,"556 1st St, New York City, NY 10001"
211154,Apple Airpods Headphones,1,150,06/03/24 21:45,"989 4th St, New York City, NY 10001"
211155,AAA Batteries (4-pack),2,2.99,06/29/24 10:09,"67 Forest St, San Francisco, CA 94016"
211156,ThinkPad Laptop,1,999.99,06/09/24 12:21,"533 Ridge St, San Francisco, CA 94016"
211157,AAA Batteries (4-pack),2,2.99,06/22/24 20:27,"947 11th St, Boston, MA 02215"
211158,Apple Airpods Headphones,1,150,06/23/24 13:09,"465 Walnut St, New York City, NY 10001"
211159,AAA Batteries (4-pack),1,2.99,06/21/24 13:08,"34 Johnson St, San Francisco, CA 94016"
211160,27in 4K Gaming Monitor,1,389.99,06/12/24 23:33,"347 Washington St, Atlanta, GA 30301"
211161,AAA Batteries (4-pack),2,2.99,06/25/24 21:29,"20 Spruce St, San Francisco, CA 94016"
211162,AA Batteries (4-pack),1,3.84,06/21/24 14:31,"843 Lake St, Atlanta, GA 30301"
211163,AA Batteries (4-pack),1,3.84,06/12/24 15:48,"832 Pine St, Los Angeles, CA 90001"
211164,iPhone,1,700,06/20/24 11:29,"815 West St, Los Angeles, CA 90001"
211165,AAA Batteries (4-pack),2,2.99,06/27/24 11:02,"130 Highland St, San Francisco, CA 94016"
211166,AA Batteries (4-pack),1,3.84,06/16/24 08:34,"614 Madison St, Los Angeles, CA 90001"
211167,Apple Airpods Headphones,1,150,06/28/24 07:54,"42 9th St, San Francisco, CA 94016"
211168,AAA Batteries (4-pack),1,2.99,06/20/24 17:39,"34 7th St, Dallas, TX 75001"
211169,LG Washing Machine,1,600.0,06/15/24 10:52,"297 2nd St, Boston, MA 02215"
211170,Lightning Charging Cable,1,14.95,06/20/24 15:58,"238 Main St, San Francisco, CA 94016"
211171,20in Monitor,1,109.99,06/11/24 06:11,"408 14th St, Boston, MA 02215"
211172,27in 4K Gaming Monitor,1,389.99,06/03/24 20:35,"405 Wilson St, Boston, MA 02215"
211173,Lightning Charging Cable,1,14.95,06/20/24 17:52,"102 West St, Boston, MA 02215"
211174,USB-C Charging Cable,1,11.95,06/13/24 22:36,"53 Washington St, Los Angeles, CA 90001"
211175,AAA Batteries (4-pack),2,2.99,06/11/24 15:26,"955 Pine St, Boston, MA 02215"
211176,Lightning Charging Cable,1,14.95,06/22/24 09:23,"849 9th St, New York City, NY 10001"
211177,USB-C Charging Cable,1,11.95,06/10/24 11:39,"236 8th St, New York City, NY 10001"
211178,27in 4K Gaming Monitor,1,389.99,06/10/24 10:34,"446 West St, Los Angeles, CA 90001"
211179,Wired Headphones,1,11.99,06/05/24 14:59,"986 Forest St, Seattle, WA 98101"
211180,Apple Airpods Headphones,1,150,06/27/24 12:45,"60 10th St, New York City, NY 10001"
211181,Flatscreen TV,1,300,06/29/24 08:48,"151 Washington St, Austin, TX 73301"
211182,Lightning Charging Cable,1,14.95,06/30/24 11:05,"265 12th St, Dallas, TX 75001"
211183,Wired Headphones,1,11.99,06/16/24 01:03,"892 11th St, Dallas, TX 75001"
211184,Wired Headphones,1,11.99,06/22/24 12:41,"462 9th St, Portland, ME 04101"
211185,34in Ultrawide Monitor,1,379.99,06/02/24 07:17,"643 Cherry St, New York City, NY 10001"
211186,Wired Headphones,1,11.99,06/13/24 16:07,"30 Main St, New York City, NY 10001"
211186,34in Ultrawide Monitor,1,379.99,06/13/24 16:07,"30 Main St, New York City, NY 10001"
211187,20in Monitor,1,109.99,06/29/24 19:15,"306 Jefferson St, Los Angeles, CA 90001"
211188,Google Phone,1,600,06/22/24 14:56,"842 9th St, San Francisco, CA 94016"
211188,USB-C Charging Cable,1,11.95,06/22/24 14:56,"842 9th St, San Francisco, CA 94016"
211189,Apple Airpods Headphones,1,150,06/10/24 12:33,"723 Center St, New York City, NY 10001"
211190,20in Monitor,1,109.99,06/17/24 17:50,"620 10th St, San Francisco, CA 94016"
211191,AAA Batteries (4-pack),1,2.99,06/29/24 00:17,"482 5th St, San Francisco, CA 94016"
211192,Apple Airpods Headphones,1,150,06/06/24 19:33,"585 Lake St, Portland, ME 04101"
211193,AA Batteries (4-pack),1,3.84,06/08/24 12:30,"900 Madison St, New York City, NY 10001"
211193,USB-C Charging Cable,1,11.95,06/08/24 12:30,"900 Madison St, New York City, NY 10001"
211194,Bose SoundSport Headphones,1,99.99,06/19/24 22:29,"533 Meadow St, San Francisco, CA 94016"
211195,Lightning Charging Cable,1,14.95,06/22/24 22:30,"554 Highland St, New York City, NY 10001"
211196,Flatscreen TV,1,300,06/22/24 11:24,"11 Center St, Austin, TX 73301"
211197,Apple Airpods Headphones,1,150,06/27/24 13:28,"379 Lakeview St, New York City, NY 10001"
211198,Wired Headphones,1,11.99,06/30/24 23:54,"350 Hill St, Los Angeles, CA 90001"
211199,AAA Batteries (4-pack),1,2.99,06/24/24 17:53,"15 Dogwood St, Los Angeles, CA 90001"
211200,Wired Headphones,1,11.99,06/20/24 14:56,"230 Adams St, Boston, MA 02215"
211201,Lightning Charging Cable,1,14.95,06/20/24 16:16,"42 Lakeview St, Atlanta, GA 30301"
211202,AAA Batteries (4-pack),3,2.99,06/02/24 18:38,"750 7th St, Boston, MA 02215"
,,,,,
211203,Macbook Pro Laptop,1,1700,06/27/24 11:56,"358 8th St, Atlanta, GA 30301"
211204,Wired Headphones,1,11.99,06/18/24 21:03,"551 8th St, Atlanta, GA 30301"
211205,20in Monitor,1,109.99,06/14/24 14:32,"599 Jefferson St, Boston, MA 02215"
211206,AAA Batteries (4-pack),2,2.99,06/26/24 22:39,"458 Main St, San Francisco, CA 94016"
211207,LG Washing Machine,1,600.0,06/07/24 15:14,"65 Pine St, Seattle, WA 98101"
211208,AAA Batteries (4-pack),1,2.99,06/23/24 15:48,"253 Park St, Boston, MA 02215"
211209,Lightning Charging Cable,1,14.95,06/18/24 23:36,"70 Church St, Dallas, TX 75001"
211210,Lightning Charging Cable,1,14.95,06/10/24 00:32,"530 Madison St, San Francisco, CA 94016"
211211,AAA Batteries (4-pack),1,2.99,06/08/24 23:16,"117 West St, Los Angeles, CA 90001"
211212,Lightning Charging Cable,1,14.95,06/16/24 20:02,"884 11th St, Portland, OR 97035"
211213,Lightning Charging Cable,1,14.95,06/30/24 11:55,"860 Meadow St, Austin, TX 73301"
211214,Bose SoundSport Headphones,1,99.99,06/26/24 16:51,"157 4th St, Seattle, WA 98101"
211215,Wired Headphones,2,11.99,06/08/24 23:04,"69 2nd St, New York City, NY 10001"
211216,AA Batteries (4-pack),3,3.84,06/04/24 06:01,"529 West St, Portland, OR 97035"
211217,Bose SoundSport Headphones,1,99.99,06/10/24 07:12,"263 Highland St, Portland, ME 04101"
211218,Bose SoundSport Headphones,1,99.99,06/16/24 22:38,"448 Church St, Portland, ME 04101"
211219,27in FHD Monitor,1,149.99,06/08/24 21:25,"285 Forest St, San Francisco, CA 94016"
211220,20in Monitor,1,109.99,06/24/24 14:15,"346 Spruce St, Atlanta, GA 30301"
211221,AA Batteries (4-pack),2,3.84,06/10/24 23:28,"146 Johnson St, San Francisco, CA 94016"
211222,USB-C Charging Cable,1,11.95,06/23/24 16:01,"512 Johnson St, Atlanta, GA 30301"
211223,AA Batteries (4-pack),1,3.84,06/29/24 15:12,"422 West St, Los Angeles, CA 90001"
211224,34in Ultrawide Monitor,1,379.99,06/10/24 14:58,"27 8th St, Dallas, TX 75001"
211225,27in FHD Monitor,1,149.99,06/07/24 14:55,"838 Ridge St, Boston, MA 02215"
211226,USB-C Charging Cable,1,11.95,06/25/24 13:01,"201 4th St, Boston, MA 02215"
211227,20in Monitor,1,109.99,06/01/24 13:18,"476 Ridge St, Portland, OR 97035"
211228,USB-C Charging Cable,1,11.95,06/18/24 15:50,"621 Pine St, Dallas, TX 75001"
211229,USB-C Charging Cable,1,11.95,06/10/24 21:19,"610 Church St, Los Angeles, CA 90001"
211230,27in FHD Monitor,1,149.99,06/23/24 14:02,"859 Main St, San Francisco, CA 94016"
211231,AA Batteries (4-pack),1,3.84,06/05/24 10:24,"444 Cedar St, Portland, OR 97035"
211231,Wired Headphones,1,11.99,06/05/24 10:24,"444 Cedar St, Portland, OR 97035"
211232,Bose SoundSport Headphones,1,99.99,06/06/24 11:07,"75 Hickory St, San Francisco, CA 94016"
211233,27in FHD Monitor,1,149.99,06/14/24 07:41,"715 7th St, Portland, OR 97035"
211234,Bose SoundSport Headphones,1,99.99,06/05/24 19:49,"607 Hickory St, Dallas, TX 75001"
211235,AA Batteries (4-pack),1,3.84,06/04/24 16:48,"482 Church St, Los Angeles, CA 90001"
211235,AA Batteries (4-pack),1,3.84,06/04/24 16:48,"482 Church St, Los Angeles, CA 90001"
211236,AAA Batteries (4-pack),1,2.99,06/10/24 10:24,"274 Jefferson St, Austin, TX 73301"
211237,USB-C Charging Cable,1,11.95,06/17/24 23:48,"67 Madison St, Seattle, WA 98101"
211238,Apple Airpods Headphones,1,150,06/03/24 13:46,"5 Elm St, New York City, NY 10001"
211239,34in Ultrawide Monitor,1,379.99,06/22/24 08:00,"116 13th St, Seattle, WA 98101"
211240,Flatscreen TV,1,300,06/28/24 18:38,"875 13th St, New York City, NY 10001"
211241,AA Batteries (4-pack),2,3.84,06/11/24 20:52,"575 Jefferson St, Los Angeles, CA 90001"
211242,AAA Batteries (4-pack),1,2.99,06/10/24 19:57,"709 Walnut St, San Francisco, CA 94016"
211243,27in 4K Gaming Monitor,1,389.99,06/16/24 18:22,"274 Lake St, Los Angeles, CA 90001"
211244,USB-C Charging Cable,1,11.95,06/14/24 07:06,"640 5th St, Los Angeles, CA 90001"
211245,Wired Headphones,1,11.99,06/12/24 14:33,"125 Cherry St, Boston, MA 02215"
211246,34in Ultrawide Monitor,1,379.99,06/27/24 14:24,"766 Hill St, Los Angeles, CA 90001"
211247,USB-C Charging Cable,1,11.95,06/30/24 20:40,"815 13th St, San Francisco, CA 94016"
211248,Bose SoundSport Headphones,1,99.99,06/13/24 19:36,"384 8th St, New York City, NY 10001"
211249,AAA Batteries (4-pack),1,2.99,06/19/24 14:55,"357 Dogwood St, Los Angeles, CA 90001"
211250,Apple Airpods Headphones,1,150,06/10/24 19:44,"169 Main St, Dallas, TX 75001"
211251,AAA Batteries (4-pack),1,2.99,06/18/24 17:26,"54 Chestnut St, Los Angeles, CA 90001"
211252,AA Batteries (4-pack),1,3.84,06/12/24 20:27,"90 Forest St, Atlanta, GA 30301"
211253,27in FHD Monitor,1,149.99,06/16/24 22:53,"315 Center St, New York City, NY 10001"
211254,Wired Headphones,1,11.99,06/28/24 16:40,"900 Dogwood St, San Francisco, CA 94016"
211255,34in Ultrawide Monitor,1,379.99,06/30/24 17:25,"457 12th St, San Francisco, CA 94016"
211255,AAA Batteries (4-pack),1,2.99,06/30/24 17:25,"457 12th St, San Francisco, CA 94016"
211256,Vareebadd Phone,1,400,06/30/24 05:17,"769 Dogwood St, Los Angeles, CA 90001"
211257,Wired Headphones,1,11.99,06/19/24 18:01,"10 6th St, San Francisco, CA 94016"
211258,Lightning Charging Cable,1,14.95,06/17/24 21:17,"100 Church St, Portland, OR 97035"
211259,Apple Airpods Headphones,1,150,06/12/24 09:12,"538 West St, Atlanta, GA 30301"
211260,AAA Batteries (4-pack),1,2.99,06/22/24 13:26,"734 Johnson St, San Francisco, CA 94016"
211261,Bose SoundSport Headphones,1,99.99,06/03/24 15:35,"234 Lakeview St, Atlanta, GA 30301"
211262,ThinkPad Laptop,1,999.99,06/19/24 13:36,"305 10th St, San Francisco, CA 94016"
211263,ThinkPad Laptop,1,999.99,06/04/24 22:51,"823 Willow St, San Francisco, CA 94016"
211264,USB-C Charging Cable,2,11.95,06/07/24 16:50,"654 Lakeview St, Dallas, TX 75001"
,,,,,
211265,Wired Headphones,1,11.99,06/28/24 15:32,"74 Maple St, Dallas, TX 75001"
211266,Lightning Charging Cable,1,14.95,06/22/24 22:17,"279 1st St, Los Angeles, CA 90001"
211267,Wired Headphones,1,11.99,06/21/24 18:29,"255 Center St, New York City, NY 10001"
211268,Lightning Charging Cable,1,14.95,06/13/24 20:31,"906 Center St, Boston, MA 02215"
211269,Wired Headphones,1,11.99,06/12/24 16:15,"948 10th St, San Francisco, CA 94016"
211270,USB-C Charging Cable,2,11.95,06/08/24 10:03,"314 Willow St, Los Angeles, CA 90001"
211271,AAA Batteries (4-pack),3,2.99,06/05/24 00:41,"578 Johnson St, Atlanta, GA 30301"
211272,34in Ultrawide Monitor,1,379.99,06/18/24 15:16,"531 Spruce St, San Francisco, CA 94016"
211273,Bose SoundSport Headphones,1,99.99,06/24/24 17:35,"320 6th St, Dallas, TX 75001"
211274,AAA Batteries (4-pack),1,2.99,06/27/24 00:01,"942 Washington St, New York City, NY 10001"
211275,Apple Airpods Headphones,1,150,06/21/24 09:53,"807 Walnut St, New York City, NY 10001"
211276,20in Monitor,1,109.99,06/20/24 08:50,"144 Hill St, New York City, NY 10001"
211277,AAA Batteries (4-pack),1,2.99,06/15/24 11:20,"916 Cedar St, Dallas, TX 75001"
211278,AAA Batteries (4-pack),2,2.99,06/16/24 20:02,"310 Lakeview St, San Francisco, CA 94016"
211279,Google Phone,1,600,06/22/24 21:33,"869 North St, Atlanta, GA 30301"
211280,Bose SoundSport Headphones,1,99.99,06/29/24 09:51,"168 11th St, Portland, OR 97035"
211281,Wired Headphones,1,11.99,06/17/24 08:30,"418 Forest St, New York City, NY 10001"
211282,ThinkPad Laptop,1,999.99,06/01/24 11:16,"396 Hill St, Los Angeles, CA 90001"
211283,Wired Headphones,1,11.99,06/09/24 11:02,"711 Cherry St, San Francisco, CA 94016"
211284,Apple Airpods Headphones,1,150,06/18/24 00:30,"984 13th St, Portland, OR 97035"
211285,AA Batteries (4-pack),1,3.84,06/08/24 11:54,"860 Pine St, Los Angeles, CA 90001"
211286,Bose SoundSport Headphones,1,99.99,06/12/24 19:13,"481 12th St, San Francisco, CA 94016"
211287,Lightning Charging Cable,1,14.95,06/10/24 07:34,"110 Wilson St, Dallas, TX 75001"
211288,27in FHD Monitor,1,149.99,06/20/24 19:53,"182 Highland St, San Francisco, CA 94016"
211289,Wired Headphones,1,11.99,06/13/24 00:05,"803 6th St, Los Angeles, CA 90001"
211290,Apple Airpods Headphones,1,150,06/15/24 09:15,"473 Ridge St, Seattle, WA 98101"
211291,USB-C Charging Cable,1,11.95,06/12/24 13:59,"469 Highland St, Seattle, WA 98101"
211292,20in Monitor,1,109.99,06/21/24 11:36,"865 12th St, Dallas, TX 75001"
211293,Bose SoundSport Headphones,1,99.99,06/11/24 20:52,"935 West St, New York City, NY 10001"
211294,iPhone,1,700,06/11/24 18:31,"112 Sunset St, Atlanta, GA 30301"
211295,Flatscreen TV,1,300,06/29/24 18:04,"523 Highland St, San Francisco, CA 94016"
211296,USB-C Charging Cable,1,11.95,06/22/24 21:15,"306 South St, Boston, MA 02215"
211297,AAA Batteries (4-pack),1,2.99,06/15/24 16:25,"342 Dogwood St, San Francisco, CA 94016"
211298,Apple Airpods Headphones,1,150,06/18/24 13:05,"921 11th St, Los Angeles, CA 90001"
211299,iPhone,1,700,06/03/24 15:54,"203 8th St, Atlanta, GA 30301"
211300,AA Batteries (4-pack),2,3.84,06/10/24 10:09,"115 10th St, Dallas, TX 75001"
211301,Wired Headphones,1,11.99,06/26/24 18:37,"111 Cherry St, Los Angeles, CA 90001"
211302,AAA Batteries (4-pack),2,2.99,06/07/24 13:48,"278 Wilson St, Portland, OR 97035"
211303,AA Batteries (4-pack),1,3.84,06/24/24 09:49,"956 Park St, San Francisco, CA 94016"
211304,ThinkPad Laptop,1,999.99,06/14/24 12:42,"298 West St, Seattle, WA 98101"
211305,Wired Headphones,1,11.99,06/13/24 18:47,"955 12th St, San Francisco, CA 94016"
211306,Flatscreen TV,1,300,06/01/24 11:53,"895 Park St, New York City, NY 10001"
211307,Lightning Charging Cable,1,14.95,06/11/24 12:19,"654 1st St, Los Angeles, CA 90001"
211308,USB-C Charging Cable,1,11.95,06/10/24 21:39,"712 Madison St, Seattle, WA 98101"
211309,AAA Batteries (4-pack),4,2.99,06/19/24 18:14,"151 Chestnut St, New York City, NY 10001"
211310,Apple Airpods Headphones,1,150,06/01/24 07:17,"486 13th St, San Francisco, CA 94016"
211311,USB-C Charging Cable,1,11.95,06/04/24 17:16,"613 Lincoln St, Portland, OR 97035"
211312,AA Batteries (4-pack),3,3.84,06/19/24 20:45,"473 Lincoln St, San Francisco, CA 94016"
211313,20in Monitor,2,109.99,06/08/24 20:25,"322 Maple St, Austin, TX 73301"
211314,Apple Airpods Headphones,1,150,06/25/24 11:09,"787 Lakeview St, Los Angeles, CA 90001"
211315,Wired Headphones,1,11.99,06/04/24 10:49,"619 7th St, Austin, TX 73301"
211316,Bose SoundSport Headphones,1,99.99,06/02/24 18:10,"706 6th St, Seattle, WA 98101"
211317,Bose SoundSport Headphones,2,99.99,06/30/24 15:40,"588 Jackson St, Boston, MA 02215"
211318,Lightning Charging Cable,1,14.95,06/11/24 07:08,"351 Chestnut St, San Francisco, CA 94016"
211319,Lightning Charging Cable,1,14.95,06/27/24 10:37,"718 Park St, Los Angeles, CA 90001"
211320,USB-C Charging Cable,1,11.95,06/24/24 15:36,"222 Cedar St, New York City, NY 10001"
211321,Macbook Pro Laptop,1,1700,06/17/24 07:58,"15 12th St, Portland, OR 97035"
211322,USB-C Charging Cable,1,11.95,06/20/24 00:57,"923 Lake St, New York City, NY 10001"
211323,Google Phone,1,600,06/23/24 15:11,"651 Church St, Seattle, WA 98101"
211324,Macbook Pro Laptop,1,1700,06/17/24 17:29,"532 11th St, Boston, MA 02215"
211325,Wired Headphones,2,11.99,06/19/24 20:06,"442 Elm St, Portland, OR 97035"
211326,iPhone,1,700,06/28/24 13:26,"425 Main St, Seattle, WA 98101"
211327,ThinkPad Laptop,1,999.99,06/06/24 21:05,"930 Ridge St, Los Angeles, CA 90001"
211328,Bose SoundSport Headphones,1,99.99,06/09/24 21:01,"829 1st St, San Francisco, CA 94016"
211329,Apple Airpods Headphones,1,150,06/25/24 07:30,"942 Lincoln St, Atlanta, GA 30301"
211329,27in FHD Monitor,1,149.99,06/25/24 07:30,"942 Lincoln St, Atlanta, GA 30301"
211330,Macbook Pro Laptop,1,1700,06/28/24 11:29,"477 Ridge St, Portland, ME 04101"
211331,AAA Batteries (4-pack),1,2.99,06/07/24 00:04,"785 10th St, Dallas, TX 75001"
211332,Apple Airpods Headphones,1,150,06/11/24 23:51,"830 Church St, Boston, MA 02215"
211333,USB-C Charging Cable,1,11.95,06/28/24 17:05,"90 Hill St, Los Angeles, CA 90001"
211334,Apple Airpods Headphones,1,150,06/04/24 10:57,"545 Lincoln St, Boston, MA 02215"
211335,34in Ultrawide Monitor,1,379.99,06/11/24 13:11,"506 2nd St, San Francisco, CA 94016"
,,,,,
211336,Bose SoundSport Headphones,1,99.99,06/11/24 10:16,"600 Park St, San Francisco, CA 94016"
211337,USB-C Charging Cable,1,11.95,06/15/24 17:39,"434 Hill St, Atlanta, GA 30301"
211338,LG Washing Machine,1,600.0,06/27/24 10:45,"4 Adams St, San Francisco, CA 94016"
211339,USB-C Charging Cable,1,11.95,06/24/24 20:07,"125 Forest St, Los Angeles, CA 90001"
211340,27in FHD Monitor,1,149.99,06/29/24 20:11,"73 Adams St, Dallas, TX 75001"
211341,AAA Batteries (4-pack),1,2.99,06/27/24 17:48,"586 Hickory St, Los Angeles, CA 90001"
211342,AA Batteries (4-pack),1,3.84,06/16/24 18:18,"211 Wilson St, San Francisco, CA 94016"
211343,34in Ultrawide Monitor,1,379.99,06/17/24 19:33,"314 Johnson St, Boston, MA 02215"
211344,USB-C Charging Cable,1,11.95,06/17/24 03:50,"104 Meadow St, New York City, NY 10001"
211345,iPhone,1,700,06/18/24 19:57,"903 Sunset St, Portland, OR 97035"
211346,AAA Batteries (4-pack),1,2.99,06/09/24 17:00,"82 West St, San Francisco, CA 94016"
211347,Vareebadd Phone,1,400,06/15/24 22:11,"22 Cherry St, San Francisco, CA 94016"
211347,USB-C Charging Cable,1,11.95,06/15/24 22:11,"22 Cherry St, San Francisco, CA 94016"
211348,Google Phone,1,600,06/06/24 08:55,"571 Jackson St, San Francisco, CA 94016"
211348,Bose SoundSport Headphones,1,99.99,06/06/24 08:55,"571 Jackson St, San Francisco, CA 94016"
211349,AA Batteries (4-pack),2,3.84,06/10/24 19:58,"873 Sunset St, Atlanta, GA 30301"
211350,AA Batteries (4-pack),1,3.84,06/26/24 09:05,"415 Jackson St, Portland, OR 97035"
211351,ThinkPad Laptop,1,999.99,06/23/24 22:46,"291 Johnson St, Los Angeles, CA 90001"
211352,27in 4K Gaming Monitor,1,389.99,06/20/24 18:04,"302 Park St, Boston, MA 02215"
211353,Wired Headphones,1,11.99,06/11/24 10:55,"100 Meadow St, Austin, TX 73301"
211354,ThinkPad Laptop,1,999.99,06/09/24 12:57,"854 Dogwood St, San Francisco, CA 94016"
211355,iPhone,1,700,06/14/24 10:20,"117 North St, San Francisco, CA 94016"
211355,Apple Airpods Headphones,1,150,06/14/24 10:20,"117 North St, San Francisco, CA 94016"
211356,AAA Batteries (4-pack),1,2.99,06/17/24 15:52,"718 Sunset St, San Francisco, CA 94016"
211357,Lightning Charging Cable,1,14.95,06/08/24 14:07,"847 South St, Atlanta, GA 30301"
211358,USB-C Charging Cable,1,11.95,06/07/24 13:33,"850 River St, Portland, OR 97035"
211359,27in 4K Gaming Monitor,1,389.99,06/01/24 16:40,"608 Lake St, Los Angeles, CA 90001"
211359,AA Batteries (4-pack),1,3.84,06/01/24 16:40,"608 Lake St, Los Angeles, CA 90001"
211360,Apple Airpods Headphones,1,150,06/15/24 09:30,"944 Ridge St, Atlanta, GA 30301"
211361,27in 4K Gaming Monitor,1,389.99,06/10/24 19:42,"593 Wilson St, Portland, OR 97035"
211362,Wired Headphones,1,11.99,06/21/24 09:41,"13 Chestnut St, Portland, OR 97035"
211363,Lightning Charging Cable,1,14.95,06/22/24 15:07,"592 West St, San Francisco, CA 94016"
211364,Bose SoundSport Headphones,1,99.99,06/28/24 06:46,"955 2nd St, Los Angeles, CA 90001"
211365,Wired Headphones,1,11.99,06/29/24 17:56,"580 11th St, Los Angeles, CA 90001"
211366,20in Monitor,1,109.99,06/02/24 14:35,"575 Lincoln St, Seattle, WA 98101"
211367,USB-C Charging Cable,1,11.95,06/08/24 19:47,"541 Hickory St, Portland, OR 97035"
211368,USB-C Charging Cable,1,11.95,06/24/24 10:45,"669 Elm St, New York City, NY 10001"
211369,AA Batteries (4-pack),2,3.84,06/02/24 16:34,"368 Johnson St, San Francisco, CA 94016"
211370,27in 4K Gaming Monitor,1,389.99,06/13/24 18:18,"779 Highland St, Portland, OR 97035"
211371,iPhone,1,700,06/11/24 18:18,"991 11th St, San Francisco, CA 94016"
211372,Wired Headphones,1,11.99,06/01/24 21:01,"154 8th St, Los Angeles, CA 90001"
211373,Apple Airpods Headphones,1,150,06/13/24 23:14,"526 7th St, Austin, TX 73301"
211374,Bose SoundSport Headphones,1,99.99,06/06/24 22:07,"181 8th St, San Francisco, CA 94016"
211375,Apple Airpods Headphones,1,150,06/05/24 18:52,"436 Maple St, Portland, OR 97035"
211376,USB-C Charging Cable,1,11.95,06/06/24 13:43,"573 Cherry St, Dallas, TX 75001"
211377,Flatscreen TV,1,300,06/06/24 19:24,"481 Maple St, Portland, OR 97035"
211377,AA Batteries (4-pack),1,3.84,06/06/24 19:24,"481 Maple St, Portland, OR 97035"
211378,Google Phone,1,600,06/30/24 15:41,"405 Meadow St, New York City, NY 10001"
211379,iPhone,1,700,06/19/24 19:20,"961 Highland St, New York City, NY 10001"
211380,Wired Headphones,1,11.99,06/02/24 22:04,"358 Dogwood St, San Francisco, CA 94016"
211381,AA Batteries (4-pack),1,3.84,06/21/24 21:16,"556 Madison St, San Francisco, CA 94016"
211382,ThinkPad Laptop,1,999.99,06/09/24 23:34,"332 South St, Boston, MA 02215"
211383,27in FHD Monitor,1,149.99,06/25/24 11:41,"413 Jackson St, Los Angeles, CA 90001"
211384,Lightning Charging Cable,1,14.95,06/24/24 12:51,"87 9th St, Dallas, TX 75001"
211385,AAA Batteries (4-pack),1,2.99,06/08/24 18:40,"532 South St, Portland, OR 97035"
211386,27in 4K Gaming Monitor,1,389.99,06/16/24 21:03,"220 7th St, Dallas, TX 75001"
211387,Apple Airpods Headphones,1,150,06/16/24 12:34,"968 Elm St, Los Angeles, CA 90001"
211388,34in Ultrawide Monitor,1,379.99,06/15/24 07:16,"223 11th St, Boston, MA 02215"
211389,Macbook Pro Laptop,1,1700,06/27/24 18:07,"104 Willow St, Portland, OR 97035"
211390,Apple Airpods Headphones,1,150,06/02/24 08:39,"161 River St, Dallas, TX 75001"
211391,27in FHD Monitor,1,149.99,06/04/24 14:16,"613 5th St, New York City, NY 10001"
211392,Macbook Pro Laptop,1,1700,06/18/24 11:50,"782 1st St, San Francisco, CA 94016"
211393,34in Ultrawide Monitor,1,379.99,06/08/24 21:59,"499 9th St, Austin, TX 73301"
211394,27in 4K Gaming Monitor,1,389.99,06/03/24 00:00,"902 Jefferson St, Seattle, WA 98101"
211395,AAA Batteries (4-pack),1,2.99,06/18/24 19:50,"174 Park St, Austin, TX 73301"
211396,AAA Batteries (4-pack),2,2.99,06/11/24 08:52,"324 13th St, Boston, MA 02215"
211397,27in FHD Monitor,1,149.99,06/17/24 14:25,"464 Main St, San Francisco, CA 94016"
211398,Wired Headphones,1,11.99,06/26/24 08:15,"115 Washington St, Boston, MA 02215"
211399,AA Batteries (4-pack),1,3.84,06/14/24 05:46,"204 Walnut St, San Francisco, CA 94016"
211400,27in FHD Monitor,1,149.99,06/25/24 11:04,"723 Jefferson St, San Francisco, CA 94016"
211401,Wired Headphones,1,11.99,06/25/24 21:00,"691 Hill St, Los Angeles, CA 90001"
211402,AA Batteries (4-pack),2,3.84,06/22/24 22:56,"934 Lincoln St, San Francisco, CA 94016"
211403,AAA Batteries (4-pack),2,2.99,06/03/24 19:14,"584 North St, Los Angeles, CA 90001"
211404,27in 4K Gaming Monitor,1,389.99,06/10/24 23:25,"500 9th St, Boston, MA 02215"
211405,USB-C Charging Cable,1,11.95,06/11/24 16:22,"605 2nd St, San Francisco, CA 94016"
211406,ThinkPad Laptop,1,999.99,06/28/24 08:33,"895 Madison St, Atlanta, GA 30301"
211407,USB-C Charging Cable,1,11.95,06/03/24 17:39,"582 Cedar St, New York City, NY 10001"
211408,Wired Headphones,1,11.99,06/05/24 15:46,"791 Wilson St, San Francisco, CA 94016"
211409,34in Ultrawide Monitor,1,379.99,06/23/24 17:10,"778 River St, Portland, OR 97035"
211410,Macbook Pro Laptop,1,1700,06/23/24 11:43,"161 Church St, San Francisco, CA 94016"
211411,Vareebadd Phone,1,400,06/07/24 14:01,"292 Main St, Los Angeles, CA 90001"
211412,AA Batteries (4-pack),2,3.84,06/25/24 07:56,"837 Lake St, Dallas, TX 75001"
211413,iPhone,1,700,06/29/24 15:10,"794 River St, Los Angeles, CA 90001"
211414,Flatscreen TV,1,300,06/04/24 03:19,"808 South St, Los Angeles, CA 90001"
211415,34in Ultrawide Monitor,1,379.99,06/24/24 13:03,"693 Church St, Los Angeles, CA 90001"
211416,Wired Headphones,1,11.99,06/07/24 14:45,"223 Dogwood St, Seattle, WA 98101"
211417,USB-C Charging Cable,1,11.95,06/01/24 19:10,"724 Ridge St, Atlanta, GA 30301"
211418,AA Batteries (4-pack),2,3.84,06/17/24 13:37,"318 7th St, Portland, OR 97035"
211419,Apple Airpods Headphones,1,150,06/02/24 10:46,"731 8th St, San Francisco, CA 94016"
211420,AAA Batteries (4-pack),1,2.99,06/19/24 17:59,"150 Lincoln St, Seattle, WA 98101"
211421,USB-C Charging Cable,1,11.95,06/15/24 14:01,"842 Center St, San Francisco, CA 94016"
211422,Apple Airpods Headphones,1,150,06/12/24 00:32,"303 Forest St, Portland, ME 04101"
211423,Google Phone,1,600,06/22/24 13:15,"568 Wilson St, Portland, OR 97035"
211424,AA Batteries (4-pack),1,3.84,06/02/24 22:31,"483 13th St, Seattle, WA 98101"
211425,AAA Batteries (4-pack),1,2.99,06/04/24 13:40,"23 Center St, Boston, MA 02215"
211426,AA Batteries (4-pack),2,3.84,06/25/24 13:29,"263 Wilson St, San Francisco, CA 94016"
211427,27in 4K Gaming Monitor,1,389.99,06/03/24 00:14,"779 Madison St, Portland, ME 04101"
211428,Lightning Charging Cable,1,14.95,06/08/24 18:21,"717 Dogwood St, San Francisco, CA 94016"
211429,USB-C Charging Cable,1,11.95,06/06/24 22:24,"279 12th St, Atlanta, GA 30301"
211430,27in FHD Monitor,1,149.99,06/03/24 10:57,"534 Main St, Seattle, WA 98101"
211431,Flatscreen TV,1,300,06/15/24 08:09,"641 Maple St, Seattle, WA 98101"
211432,Wired Headphones,1,11.99,06/20/24 19:42,"456 Adams St, Atlanta, GA 30301"
211433,AA Batteries (4-pack),1,3.84,06/29/24 18:19,"271 5th St, Dallas, TX 75001"
211434,27in FHD Monitor,1,149.99,06/26/24 09:24,"446 Hickory St, Los Angeles, CA 90001"
211435,AA Batteries (4-pack),2,3.84,06/25/24 19:12,"186 Wilson St, Atlanta, GA 30301"
211436,LG Dryer,1,600.0,06/15/24 20:49,"1 West St, Los Angeles, CA 90001"
211437,Lightning Charging Cable,1,14.95,06/13/24 10:43,"335 Maple St, San Francisco, CA 94016"
211438,Lightning Charging Cable,1,14.95,06/20/24 11:34,"438 Lincoln St, Los Angeles, CA 90001"
211439,AA Batteries (4-pack),3,3.84,06/28/24 08:17,"976 Elm St, New York City, NY 10001"
211440,AA Batteries (4-pack),3,3.84,06/19/24 09:20,"16 Forest St, New York City, NY 10001"
211441,USB-C Charging Cable,1,11.95,06/06/24 11:01,"677 Highland St, Boston, MA 02215"
211442,AAA Batteries (4-pack),1,2.99,06/05/24 14:46,"340 Jefferson St, San Francisco, CA 94016"
211443,Lightning Charging Cable,1,14.95,06/19/24 16:45,"826 Washington St, Los Angeles, CA 90001"
211444,Apple Airpods Headphones,1,150,06/26/24 05:45,"474 1st St, Dallas, TX 75001"
211445,27in FHD Monitor,1,149.99,06/15/24 16:41,"761 Ridge St, New York City, NY 10001"
211446,Wired Headphones,2,11.99,06/06/24 12:58,"324 Chestnut St, New York City, NY 10001"
211447,USB-C Charging Cable,1,11.95,06/29/24 18:44,"884 West St, San Francisco, CA 94016"
211448,AA Batteries (4-pack),2,3.84,06/14/24 19:27,"676 North St, Dallas, TX 75001"
211449,Apple Airpods Headphones,1,150,06/15/24 20:45,"456 Spruce St, New York City, NY 10001"
211450,AA Batteries (4-pack),1,3.84,06/19/24 21:17,"32 Chestnut St, Dallas, TX 75001"
211451,Lightning Charging Cable,1,14.95,06/02/24 13:24,"537 Walnut St, Atlanta, GA 30301"
211452,Bose SoundSport Headphones,1,99.99,06/20/24 16:42,"1 Forest St, Boston, MA 02215"
211453,iPhone,1,700,06/12/24 07:20,"989 Sunset St, Boston, MA 02215"
211454,USB-C Charging Cable,1,11.95,06/13/24 18:39,"665 Lakeview St, Los Angeles, CA 90001"
211455,AA Batteries (4-pack),3,3.84,06/13/24 12:15,"204 12th St, Los Angeles, CA 90001"
211456,Lightning Charging Cable,2,14.95,06/29/24 19:13,"468 Park St, Dallas, TX 75001"
211457,Apple Airpods Headphones,1,150,06/11/24 12:51,"963 Highland St, New York City, NY 10001"
211458,20in Monitor,1,109.99,06/25/24 12:42,"396 13th St, Seattle, WA 98101"
211459,AAA Batteries (4-pack),1,2.99,06/02/24 11:49,"432 8th St, New York City, NY 10001"
211460,Lightning Charging Cable,1,14.95,06/25/24 13:10,"328 Chestnut St, Seattle, WA 98101"
211461,Wired Headphones,1,11.99,06/25/24 21:24,"153 Willow St, Los Angeles, CA 90001"
211462,Bose SoundSport Headphones,1,99.99,06/12/24 19:16,"708 Hickory St, Dallas, TX 75001"
211463,AAA Batteries (4-pack),1,2.99,06/15/24 13:35,"827 West St, New York City, NY 10001"
211464,20in Monitor,1,109.99,06/09/24 02:05,"937 West St, Dallas, TX 75001"
211465,ThinkPad Laptop,1,999.99,06/25/24 19:21,"351 5th St, New York City, NY 10001"
211466,USB-C Charging Cable,1,11.95,06/16/24 18:20,"634 Forest St, Los Angeles, CA 90001"
211467,iPhone,1,700,06/29/24 23:45,"172 14th St, San Francisco, CA 94016"
211467,Lightning Charging Cable,1,14.95,06/29/24 23:45,"172 14th St, San Francisco, CA 94016"
211468,AAA Batteries (4-pack),1,2.99,06/12/24 15:55,"290 Dogwood St, New York City, NY 10001"
211469,Wired Headphones,2,11.99,06/06/24 18:46,"711 Park St, Austin, TX 73301"
211470,AAA Batteries (4-pack),1,2.99,06/27/24 13:17,"731 Main St, Atlanta, GA 30301"
211471,AAA Batteries (4-pack),1,2.99,06/05/24 21:37,"699 Main St, Portland, ME 04101"
211472,iPhone,1,700,06/11/24 21:37,"826 Jackson St, New York City, NY 10001"
211472,Lightning Charging Cable,1,14.95,06/11/24 21:37,"826 Jackson St, New York City, NY 10001"
211473,AA Batteries (4-pack),1,3.84,06/07/24 17:53,"752 Walnut St, New York City, NY 10001"
211474,27in 4K Gaming Monitor,1,389.99,06/28/24 23:10,"844 Elm St, Atlanta, GA 30301"
211475,Flatscreen TV,1,300,06/10/24 12:56,"232 Park St, San Francisco, CA 94016"
211476,Wired Headphones,1,11.99,06/17/24 04:09,"269 2nd St, Los Angeles, CA 90001"
211477,AA Batteries (4-pack),1,3.84,06/26/24 00:34,"383 Highland St, Seattle, WA 98101"
211478,AAA Batteries (4-pack),1,2.99,06/01/24 13:27,"793 Lake St, New York City, NY 10001"
211478,USB-C Charging Cable,2,11.95,06/01/24 13:27,"793 Lake St, New York City, NY 10001"
211479,Wired Headphones,1,11.99,06/15/24 15:00,"285 12th St, San Francisco, CA 94016"
211480,AAA Batteries (4-pack),1,2.99,06/06/24 13:16,"426 8th St, San Francisco, CA 94016"
211481,Lightning Charging Cable,1,14.95,06/30/24 11:22,"495 14th St, Seattle, WA 98101"
211482,Lightning Charging Cable,1,14.95,06/10/24 14:03,"299 Meadow St, Seattle, WA 98101"
211483,USB-C Charging Cable,2,11.95,06/21/24 22:50,"84 South St, San Francisco, CA 94016"
211484,AAA Batteries (4-pack),1,2.99,06/26/24 12:32,"697 Lakeview St, San Francisco, CA 94016"
211485,USB-C Charging Cable,1,11.95,06/02/24 23:09,"792 Dogwood St, New York City, NY 10001"
211486,AA Batteries (4-pack),1,3.84,06/08/24 21:44,"760 11th St, Los Angeles, CA 90001"
211487,AAA Batteries (4-pack),1,2.99,06/24/24 13:09,"527 Madison St, New York City, NY 10001"
211488,Google Phone,1,600,06/16/24 17:28,"67 12th St, Boston, MA 02215"
211488,AA Batteries (4-pack),1,3.84,06/16/24 17:28,"67 12th St, Boston, MA 02215"
211489,Lightning Charging Cable,1,14.95,06/19/24 04:45,"477 14th St, New York City, NY 10001"
211490,Lightning Charging Cable,2,14.95,06/16/24 13:19,"176 13th St, Boston, MA 02215"
211491,Macbook Pro Laptop,1,1700,06/30/24 11:47,"43 Ridge St, Atlanta, GA 30301"
211492,AA Batteries (4-pack),1,3.84,06/27/24 22:22,"958 Wilson St, San Francisco, CA 94016"
211493,Lightning Charging Cable,1,14.95,06/24/24 14:18,"514 Hill St, San Francisco, CA 94016"
211494,AA Batteries (4-pack),1,3.84,06/24/24 17:28,"696 Walnut St, Atlanta, GA 30301"
211495,AA Batteries (4-pack),2,3.84,06/14/24 14:27,"920 Spruce St, San Francisco, CA 94016"
211496,AAA Batteries (4-pack),2,2.99,06/22/24 17:14,"51 9th St, Atlanta, GA 30301"
211497,27in FHD Monitor,1,149.99,06/22/24 07:50,"131 6th St, San Francisco, CA 94016"
211498,Apple Airpods Headphones,1,150,06/08/24 22:38,"98 Jackson St, Austin, TX 73301"
211499,AA Batteries (4-pack),1,3.84,06/17/24 22:32,"918 Park St, Portland, OR 97035"
211500,USB-C Charging Cable,1,11.95,06/05/24 00:25,"838 Cherry St, Los Angeles, CA 90001"
211501,USB-C Charging Cable,1,11.95,06/06/24 21:52,"898 Hill St, Seattle, WA 98101"
211502,Lightning Charging Cable,1,14.95,06/28/24 20:21,"346 13th St, Portland, OR 97035"
211503,USB-C Charging Cable,2,11.95,06/27/24 15:14,"124 Jefferson St, San Francisco, CA 94016"
211504,Lightning Charging Cable,1,14.95,06/21/24 17:57,"666 Walnut St, New York City, NY 10001"
211505,USB-C Charging Cable,1,11.95,06/27/24 11:11,"347 Cherry St, New York City, NY 10001"
211506,AA Batteries (4-pack),1,3.84,06/29/24 15:57,"40 South St, Portland, OR 97035"
211507,Lightning Charging Cable,1,14.95,06/06/24 18:06,"463 Church St, Atlanta, GA 30301"
211508,Wired Headphones,1,11.99,06/28/24 12:59,"154 River St, Seattle, WA 98101"
211509,27in FHD Monitor,1,149.99,06/03/24 13:49,"549 Ridge St, Portland, OR 97035"
211510,USB-C Charging Cable,1,11.95,06/20/24 19:47,"599 4th St, New York City, NY 10001"
211511,AAA Batteries (4-pack),1,2.99,06/09/24 08:37,"108 West St, San Francisco, CA 94016"
211512,AA Batteries (4-pack),2,3.84,06/24/24 17:34,"449 12th St, San Francisco, CA 94016"
211513,Macbook Pro Laptop,1,1700,06/01/24 12:57,"254 Meadow St, Los Angeles, CA 90001"
211514,Lightning Charging Cable,1,14.95,06/24/24 09:03,"895 Ridge St, Los Angeles, CA 90001"
211515,AA Batteries (4-pack),1,3.84,06/04/24 20:13,"477 Willow St, Atlanta, GA 30301"
211516,34in Ultrawide Monitor,1,379.99,06/07/24 22:18,"100 5th St, San Francisco, CA 94016"
Order ID,Product,Quantity Ordered,Price Each,Order Date,Purchase Address
211517,Apple Airpods Headphones,1,150,06/16/24 13:09,"508 Lakeview St, Atlanta, GA 30301"
211518,Apple Airpods Headphones,1,150,06/18/24 20:53,"493 11th St, Atlanta, GA 30301"
211519,Wired Headphones,1,11.99,06/16/24 19:01,"533 Hickory St, Austin, TX 73301"
211520,AAA Batteries (4-pack),2,2.99,06/11/24 17:38,"159 Pine St, Boston, MA 02215"
Order ID,Product,Quantity Ordered,Price Each,Order Date,Purchase Address
211521,Bose SoundSport Headphones,1,99.99,06/05/24 12:28,"380 Johnson St, San Francisco, CA 94016"
211522,Lightning Charging Cable,1,14.95,06/14/24 18:42,"152 Park St, San Francisco, CA 94016"
211523,USB-C Charging Cable,1,11.95,06/17/24 16:24,"457 1st St, San Francisco, CA 94016"
211524,AAA Batteries (4-pack),1,2.99,06/09/24 22:26,"158 14th St, Los Angeles, CA 90001"
211525,LG Washing Machine,1,600.0,06/07/24 21:33,"837 Maple St, Seattle, WA 98101"
211526,Vareebadd Phone,1,400,06/25/24 13:33,"863 Wilson St, Austin, TX 73301"
211527,AA Batteries (4-pack),1,3.84,06/21/24 16:29,"198 Jefferson St, Dallas, TX 75001"
211528,AA Batteries (4-pack),3,3.84,06/19/24 12:00,"506 Lakeview St, San Francisco, CA 94016"
211529,27in FHD Monitor,1,149.99,06/06/24 12:08,"678 Park St, Los Angeles, CA 90001"
211530,Wired Headphones,1,11.99,06/19/24 10:36,"202 11th St, Atlanta, GA 30301"
211531,AAA Batteries (4-pack),1,2.99,06/23/24 13:43,"781 Pine St, San Francisco, CA 94016"
211532,AA Batteries (4-pack),2,3.84,06/28/24 10:58,"930 Main St, New York City, NY 10001"
211533,Google Phone,1,600,06/17/24 17:04,"504 Main St, San Francisco, CA 94016"
211533,USB-C Charging Cable,1,11.95,06/17/24 17:04,"504 Main St, San Francisco, CA 94016"
211534,Wired Headphones,1,11.99,06/30/24 21:17,"78 Chestnut St, Portland, OR 97035"
211535,Bose SoundSport Headphones,1,99.99,06/03/24 10:59,"153 Lincoln St, Los Angeles, CA 90001"
211536,AA Batteries (4-pack),1,3.84,06/06/24 15:39,"354 Forest St, Atlanta, GA 30301"
211537,Wired Headphones,1,11.99,06/03/24 17:32,"496 2nd St, Dallas, TX 75001"
211538,27in 4K Gaming Monitor,1,389.99,06/27/24 13:40,"422 6th St, Los Angeles, CA 90001"
,,,,,
211539,AAA Batteries (4-pack),1,2.99,06/25/24 19:19,"827 Walnut St, New York City, NY 10001"
211540,Lightning Charging Cable,1,14.95,06/14/24 02:43,"871 Willow St, San Francisco, CA 94016"
211541,Lightning Charging Cable,1,14.95,06/09/24 23:34,"723 Cedar St, New York City, NY 10001"
211542,Apple Airpods Headphones,1,150,06/05/24 09:14,"81 West St, Seattle, WA 98101"
211543,Macbook Pro Laptop,1,1700,06/30/24 19:36,"323 Maple St, Seattle, WA 98101"
211544,20in Monitor,1,109.99,06/01/24 23:48,"22 Spruce St, New York City, NY 10001"
211545,AA Batteries (4-pack),1,3.84,06/03/24 20:08,"234 12th St, New York City, NY 10001"
211546,Google Phone,1,600,06/03/24 11:22,"41 Washington St, New York City, NY 10001"
211547,Apple Airpods Headphones,1,150,06/26/24 21:49,"706 Maple St, Boston, MA 02215"
211548,AAA Batteries (4-pack),2,2.99,06/25/24 09:35,"760 Walnut St, Los Angeles, CA 90001"
211549,Wired Headphones,1,11.99,06/14/24 13:16,"635 Main St, San Francisco, CA 94016"
211550,Bose SoundSport Headphones,1,99.99,06/10/24 17:33,"646 Wilson St, San Francisco, CA 94016"
211551,Flatscreen TV,1,300,06/04/24 21:32,"683 South St, Seattle, WA 98101"
211552,AA Batteries (4-pack),1,3.84,06/23/24 12:12,"696 Hill St, San Francisco, CA 94016"
211553,Lightning Charging Cable,1,14.95,06/21/24 16:01,"597 Dogwood St, Atlanta, GA 30301"
211554,Google Phone,1,600,06/28/24 19:44,"866 10th St, Dallas, TX 75001"
211555,AAA Batteries (4-pack),1,2.99,06/08/24 10:17,"779 Chestnut St, San Francisco, CA 94016"
211556,27in 4K Gaming Monitor,1,389.99,06/30/24 22:24,"283 11th St, San Francisco, CA 94016"
211557,20in Monitor,1,109.99,06/21/24 20:57,"131 9th St, Atlanta, GA 30301"
211558,Flatscreen TV,1,300,06/28/24 13:26,"286 11th St, Los Angeles, CA 90001"
211559,AA Batteries (4-pack),2,3.84,06/16/24 20:13,"574 Willow St, Boston, MA 02215"
211559,Lightning Charging Cable,1,14.95,06/16/24 20:13,"574 Willow St, Boston, MA 02215"
211560,AAA Batteries (4-pack),4,2.99,06/18/24 00:13,"51 Main St, Atlanta, GA 30301"
211561,USB-C Charging Cable,2,11.95,06/29/24 09:13,"715 10th St, Atlanta, GA 30301"
211562,Flatscreen TV,1,300,06/06/24 12:32,"765 Cherry St, Dallas, TX 75001"
211563,34in Ultrawide Monitor,1,379.99,06/09/24 14:36,"918 Lincoln St, Seattle, WA 98101"
211564,USB-C Charging Cable,1,11.95,06/01/24 14:05,"864 Highland St, San Francisco, CA 94016"
211565,AAA Batteries (4-pack),1,2.99,06/27/24 15:50,"33 Hickory St, San Francisco, CA 94016"
211566,AA Batteries (4-pack),1,3.84,06/13/24 23:04,"73 South St, Los Angeles, CA 90001"
211567,Apple Airpods Headphones,1,150,06/20/24 10:01,"995 Washington St, Portland, OR 97035"
211567,USB-C Charging Cable,1,11.95,06/20/24 10:01,"995 Washington St, Portland, OR 97035"
211568,AA Batteries (4-pack),1,3.84,06/28/24 23:38,"327 14th St, New York City, NY 10001"
211569,USB-C Charging Cable,1,11.95,06/06/24 22:28,"659 Chestnut St, Atlanta, GA 30301"
211570,Apple Airpods Headphones,1,150,06/05/24 17:27,"856 Washington St, Atlanta, GA 30301"
211571,Wired Headphones,1,11.99,06/01/24 13:30,"422 12th St, Seattle, WA 98101"
211572,27in FHD Monitor,1,149.99,06/03/24 18:26,"511 2nd St, Los Angeles, CA 90001"
211573,27in FHD Monitor,1,149.99,06/18/24 21:30,"725 1st St, San Francisco, CA 94016"
211574,AA Batteries (4-pack),1,3.84,06/04/24 19:51,"193 Madison St, New York City, NY 10001"
211575,Google Phone,1,600,06/30/24 22:04,"979 Chestnut St, San Francisco, CA 94016"
211575,USB-C Charging Cable,1,11.95,06/30/24 22:04,"979 Chestnut St, San Francisco, CA 94016"
211576,Wired Headphones,1,11.99,06/08/24 15:23,"831 Lakeview St, Seattle, WA 98101"
211576,27in 4K Gaming Monitor,1,389.99,06/08/24 15:23,"831 Lakeview St, Seattle, WA 98101"
211577,AA Batteries (4-pack),2,3.84,06/01/24 17:14,"807 1st St, Portland, ME 04101"
211578,Apple Airpods Headphones,1,150,06/22/24 20:23,"650 Jackson St, Boston, MA 02215"
211579,20in Monitor,1,109.99,06/27/24 21:10,"500 Highland St, Seattle, WA 98101"
211580,Google Phone,1,600,06/29/24 23:31,"51 13th St, Dallas, TX 75001"
211580,USB-C Charging Cable,1,11.95,06/29/24 23:31,"51 13th St, Dallas, TX 75001"
211581,Bose SoundSport Headphones,1,99.99,06/08/24 11:11,"605 Hill St, Seattle, WA 98101"
211582,AA Batteries (4-pack),3,3.84,06/12/24 16:30,"21 12th St, Boston, MA 02215"
211583,Wired Headphones,1,11.99,06/10/24 13:13,"995 Jackson St, Seattle, WA 98101"
211584,Wired Headphones,1,11.99,06/27/24 08:57,"153 Church St, Los Angeles, CA 90001"
211585,Lightning Charging Cable,1,14.95,06/27/24 17:54,"220 9th St, New York City, NY 10001"
211586,AAA Batteries (4-pack),1,2.99,06/05/24 17:41,"19 Pine St, Dallas, TX 75001"
211587,USB-C Charging Cable,1,11.95,06/06/24 12:55,"289 Willow St, Portland, OR 97035"
211588,Lightning Charging Cable,1,14.95,06/18/24 14:46,"306 South St, San Francisco, CA 94016"
211589,Vareebadd Phone,1,400,06/17/24 16:52,"371 Forest St, San Francisco, CA 94016"
211590,Bose SoundSport Headphones,1,99.99,06/06/24 09:49,"466 10th St, Boston, MA 02215"
211591,27in 4K Gaming Monitor,1,389.99,06/01/24 20:58,"421 Washington St, Boston, MA 02215"
211592,AA Batteries (4-pack),1,3.84,06/15/24 07:14,"687 North St, Seattle, WA 98101"
211593,20in Monitor,1,109.99,06/26/24 18:49,"693 12th St, Seattle, WA 98101"
211594,Lightning Charging Cable,1,14.95,06/29/24 22:21,"130 4th St, San Francisco, CA 94016"
211595,USB-C Charging Cable,1,11.95,06/02/24 02:50,"423 12th St, Los Angeles, CA 90001"
211596,AA Batteries (4-pack),1,3.84,06/09/24 19:07,"233 Pine St, New York City, NY 10001"
211597,Bose SoundSport Headphones,1,99.99,06/11/24 21:43,"670 Meadow St, New York City, NY 10001"
211598,iPhone,1,700,06/26/24 20:13,"975 Pine St, Los Angeles, CA 90001"
211599,USB-C Charging Cable,1,11.95,06/16/24 14:09,"582 5th St, San Francisco, CA 94016"
211600,Wired Headphones,1,11.99,06/20/24 10:42,"296 North St, Seattle, WA 98101"
211601,Apple Airpods Headphones,1,150,06/02/24 12:49,"581 Elm St, Seattle, WA 98101"
211602,iPhone,1,700,06/26/24 21:43,"988 North St, Atlanta, GA 30301"
211603,Lightning Charging Cable,1,14.95,06/11/24 12:41,"409 Hill St, Los Angeles, CA 90001"
211604,AA Batteries (4-pack),1,3.84,06/26/24 21:23,"960 Johnson St, Portland, OR 97035"
211605,Apple Airpods Headphones,1,150,06/07/24 10:08,"606 Pine St, Atlanta, GA 30301"
211606,Bose SoundSport Headphones,1,99.99,06/20/24 04:12,"177 Spruce St, Seattle, WA 98101"
211607,AA Batteries (4-pack),1,3.84,06/19/24 17:36,"550 6th St, Seattle, WA 98101"
211608,Apple Airpods Headphones,1,150,06/03/24 19:34,"157 Hickory St, Boston, MA 02215"
211609,Google Phone,1,600,06/07/24 13:47,"87 Jefferson St, Portland, OR 97035"
211609,USB-C Charging Cable,1,11.95,06/07/24 13:47,"87 Jefferson St, Portland, OR 97035"
211610,USB-C Charging Cable,1,11.95,06/10/24 18:33,"493 Lincoln St, Dallas, TX 75001"
211611,Bose SoundSport Headphones,1,99.99,06/16/24 21:04,"545 Center St, Portland, OR 97035"
211612,Lightning Charging Cable,1,14.95,06/10/24 14:18,"930 13th St, Atlanta, GA 30301"
211613,USB-C Charging Cable,1,11.95,06/25/24 14:37,"605 Meadow St, Los Angeles, CA 90001"
211614,Lightning Charging Cable,1,14.95,06/12/24 23:43,"791 5th St, Los Angeles, CA 90001"
211615,AAA Batteries (4-pack),2,2.99,06/02/24 16:02,"149 4th St, Seattle, WA 98101"
211616,AA Batteries (4-pack),1,3.84,06/14/24 16:48,"69 Dogwood St, San Francisco, CA 94016"
211617,iPhone,1,700,06/19/24 18:39,"867 Center St, Seattle, WA 98101"
211618,20in Monitor,1,109.99,06/13/24 18:57,"82 Cherry St, Atlanta, GA 30301"
211619,iPhone,1,700,06/09/24 17:44,"858 Maple St, Portland, ME 04101"
211619,Lightning Charging Cable,1,14.95,06/09/24 17:44,"858 Maple St, Portland, ME 04101"
211620,Lightning Charging Cable,1,14.95,06/24/24 18:14,"239 2nd St, San Francisco, CA 94016"
211621,AAA Batteries (4-pack),1,2.99,06/17/24 17:42,"212 12th St, Los Angeles, CA 90001"
211622,Apple Airpods Headphones,1,150,06/12/24 19:27,"632 Main St, Portland, OR 97035"
211623,Macbook Pro Laptop,1,1700,06/04/24 10:24,"444 7th St, Boston, MA 02215"
211624,Macbook Pro Laptop,1,1700,06/01/24 17:49,"226 Cedar St, San Francisco, CA 94016"
211625,34in Ultrawide Monitor,1,379.99,06/10/24 17:24,"203 1st St, New York City, NY 10001"
211626,Wired Headphones,1,11.99,06/06/24 18:26,"844 Pine St, New York City, NY 10001"
211627,Lightning Charging Cable,1,14.95,06/28/24 08:57,"979 Sunset St, San Francisco, CA 94016"
211627,Apple Airpods Headphones,1,150,06/28/24 08:57,"979 Sunset St, San Francisco, CA 94016"
211628,Lightning Charging Cable,1,14.95,06/12/24 14:49,"575 Meadow St, San Francisco, CA 94016"
211629,Lightning Charging Cable,1,14.95,06/09/24 11:03,"482 West St, Austin, TX 73301"
211630,USB-C Charging Cable,1,11.95,06/16/24 11:07,"677 Johnson St, Portland, OR 97035"
211631,LG Dryer,1,600.0,06/29/24 14:25,"955 4th St, Portland, OR 97035"
211632,AA Batteries (4-pack),1,3.84,06/23/24 08:49,"497 14th St, Atlanta, GA 30301"
211633,Flatscreen TV,1,300,06/15/24 21:22,"135 Hickory St, Dallas, TX 75001"
211634,20in Monitor,1,109.99,06/10/24 23:59,"714 Cedar St, New York City, NY 10001"
211635,Lightning Charging Cable,1,14.95,06/04/24 14:05,"776 10th St, New York City, NY 10001"
211636,Wired Headphones,1,11.99,06/12/24 21:22,"470 Hill St, Seattle, WA 98101"
211637,USB-C Charging Cable,1,11.95,06/17/24 10:57,"18 7th St, Atlanta, GA 30301"
211638,iPhone,1,700,06/07/24 05:47,"358 4th St, Los Angeles, CA 90001"
211639,AAA Batteries (4-pack),1,2.99,06/12/24 12:07,"212 Jefferson St, San Francisco, CA 94016"
211640,USB-C Charging Cable,1,11.95,06/21/24 11:34,"712 6th St, Los Angeles, CA 90001"
211641,27in 4K Gaming Monitor,1,389.99,06/16/24 15:24,"531 14th St, Atlanta, GA 30301"
211642,20in Monitor,1,109.99,06/10/24 11:13,"519 Sunset St, San Francisco, CA 94016"
211643,Wired Headphones,1,11.99,06/13/24 13:06,"464 Church St, Atlanta, GA 30301"
211644,AAA Batteries (4-pack),1,2.99,06/18/24 21:28,"517 Highland St, San Francisco, CA 94016"
211645,ThinkPad Laptop,1,999.99,06/28/24 18:07,"507 Sunset St, San Francisco, CA 94016"
211646,Google Phone,1,600,06/02/24 16:44,"682 Jackson St, San Francisco, CA 94016"
211647,AAA Batteries (4-pack),1,2.99,06/18/24 17:36,"527 Center St, San Francisco, CA 94016"
211648,Wired Headphones,1,11.99,06/08/24 08:54,"797 Madison St, Los Angeles, CA 90001"
211649,27in 4K Gaming Monitor,1,389.99,06/05/24 18:32,"129 Park St, Boston, MA 02215"
211650,34in Ultrawide Monitor,1,379.99,06/16/24 18:14,"123 Lakeview St, New York City, NY 10001"
211651,AAA Batteries (4-pack),1,2.99,06/11/24 11:58,"631 1st St, New York City, NY 10001"
211652,34in Ultrawide Monitor,1,379.99,06/21/24 00:28,"881 Lincoln St, Atlanta, GA 30301"
211653,Bose SoundSport Headphones,1,99.99,06/21/24 09:13,"225 Cherry St, New York City, NY 10001"
211654,USB-C Charging Cable,1,11.95,06/13/24 11:44,"782 4th St, Los Angeles, CA 90001"
211655,USB-C Charging Cable,1,11.95,06/02/24 17:10,"580 Cherry St, San Francisco, CA 94016"
211656,Wired Headphones,1,11.99,06/18/24 23:28,"145 Forest St, San Francisco, CA 94016"
211657,Bose SoundSport Headphones,1,99.99,06/15/24 01:08,"929 Jefferson St, Portland, OR 97035"
211658,Bose SoundSport Headphones,1,99.99,06/10/24 12:50,"976 Elm St, San Francisco, CA 94016"
211659,USB-C Charging Cable,1,11.95,06/17/24 23:25,"795 12th St, Los Angeles, CA 90001"
211660,Macbook Pro Laptop,1,1700,06/12/24 10:36,"797 West St, Boston, MA 02215"
211661,27in FHD Monitor,1,149.99,06/09/24 18:28,"141 2nd St, San Francisco, CA 94016"
211662,AAA Batteries (4-pack),1,2.99,06/14/24 17:49,"367 7th St, Seattle, WA 98101"
211663,Wired Headphones,1,11.99,06/15/24 12:54,"979 14th St, Boston, MA 02215"
211664,Wired Headphones,1,11.99,06/06/24 21:19,"147 Johnson St, Boston, MA 02215"
211665,27in FHD Monitor,1,149.99,07/01/24 00:54,"300 9th St, San Francisco, CA 94016"
211666,27in FHD Monitor,1,149.99,06/23/24 10:43,"870 Jackson St, Boston, MA 02215"
211667,Apple Airpods Headphones,1,150,06/20/24 22:53,"504 8th St, New York City, NY 10001"
211668,USB-C Charging Cable,1,11.95,06/18/24 11:08,"707 Church St, New York City, NY 10001"
211669,Macbook Pro Laptop,1,1700,06/29/24 14:32,"821 6th St, Seattle, WA 98101"
211670,Flatscreen TV,1,300,06/07/24 07:10,"495 North St, Dallas, TX 75001"
211671,Apple Airpods Headphones,1,150,06/02/24 22:24,"757 Center St, San Francisco, CA 94016"
211672,Lightning Charging Cable,1,14.95,06/24/24 10:25,"429 Ridge St, Austin, TX 73301"
211673,AAA Batteries (4-pack),1,2.99,06/11/24 08:56,"856 Forest St, New York City, NY 10001"
211674,Apple Airpods Headphones,1,150,06/23/24 20:23,"122 Forest St, New York City, NY 10001"
211675,Bose SoundSport Headphones,1,99.99,06/20/24 21:44,"529 2nd St, San Francisco, CA 94016"
211676,USB-C Charging Cable,1,11.95,06/14/24 11:44,"526 Cherry St, Atlanta, GA 30301"
211677,20in Monitor,1,109.99,06/16/24 21:42,"76 Lincoln St, New York City, NY 10001"
211678,20in Monitor,1,109.99,06/18/24 16:07,"699 Ridge St, San Francisco, CA 94016"
211679,USB-C Charging Cable,1,11.95,06/13/24 16:36,"528 Wilson St, San Francisco, CA 94016"
211680,Apple Airpods Headphones,1,150,06/20/24 09:55,"998 1st St, New York City, NY 10001"
211681,Wired Headphones,1,11.99,06/15/24 12:17,"854 1st St, Los Angeles, CA 90001"
211682,Lightning Charging Cable,1,14.95,06/18/24 16:54,"491 Park St, Portland, OR 97035"
,,,,,
211683,27in FHD Monitor,1,149.99,06/25/24 21:28,"325 Lakeview St, Seattle, WA 98101"
211684,Lightning Charging Cable,1,14.95,06/21/24 18:28,"260 Highland St, Los Angeles, CA 90001"
211685,Bose SoundSport Headphones,1,99.99,06/22/24 14:03,"349 10th St, Seattle, WA 98101"
,,,,,
211686,Flatscreen TV,1,300,06/08/24 11:23,"919 6th St, Atlanta, GA 30301"
211687,AAA Batteries (4-pack),2,2.99,06/15/24 18:40,"247 Johnson St, Boston, MA 02215"
211688,Google Phone,1,600,06/28/24 10:43,"272 Main St, New York City, NY 10001"
211689,Wired Headphones,1,11.99,06/16/24 19:35,"653 2nd St, Dallas, TX 75001"
211690,Lightning Charging Cable,1,14.95,06/25/24 21:59,"955 6th St, Boston, MA 02215"
,,,,,
211691,Bose SoundSport Headphones,1,99.99,06/06/24 14:39,"398 West St, San Francisco, CA 94016"
211692,USB-C Charging Cable,1,11.95,06/29/24 07:54,"369 Chestnut St, Dallas, TX 75001"
211693,AA Batteries (4-pack),1,3.84,06/02/24 12:00,"573 Chestnut St, San Francisco, CA 94016"
211694,Bose SoundSport Headphones,1,99.99,06/07/24 09:34,"571 North St, San Francisco, CA 94016"
211695,Lightning Charging Cable,1,14.95,06/19/24 16:17,"774 Elm St, Dallas, TX 75001"
211696,Bose SoundSport Headphones,1,99.99,06/15/24 20:42,"19 12th St, San Francisco, CA 94016"
211697,27in 4K Gaming Monitor,1,389.99,06/17/24 23:17,"427 Ridge St, New York City, NY 10001"
211698,Google Phone,1,600,06/11/24 22:24,"502 Ridge St, Boston, MA 02215"
211699,Apple Airpods Headphones,1,150,06/27/24 23:36,"917 Forest St, Dallas, TX 75001"
211700,Wired Headphones,1,11.99,06/24/24 11:22,"761 Pine St, San Francisco, CA 94016"
211701,AA Batteries (4-pack),1,3.84,06/26/24 09:27,"660 Center St, Los Angeles, CA 90001"
211702,27in 4K Gaming Monitor,1,389.99,06/18/24 12:38,"442 5th St, Atlanta, GA 30301"
211703,Bose SoundSport Headphones,1,99.99,06/04/24 22:13,"806 Jefferson St, Austin, TX 73301"
211704,Wired Headphones,2,11.99,06/07/24 14:11,"797 Adams St, Austin, TX 73301"
211705,Google Phone,1,600,06/24/24 21:35,"646 7th St, Atlanta, GA 30301"
211706,Bose SoundSport Headphones,1,99.99,06/20/24 17:51,"734 Lakeview St, Los Angeles, CA 90001"
211707,Bose SoundSport Headphones,1,99.99,06/14/24 19:30,"571 Center St, New York City, NY 10001"
211708,Bose SoundSport Headphones,1,99.99,06/17/24 18:46,"104 10th St, Los Angeles, CA 90001"
211709,Wired Headphones,1,11.99,06/05/24 22:33,"373 13th St, Boston, MA 02215"
211710,iPhone,1,700,06/22/24 10:23,"704 Highland St, San Francisco, CA 94016"
211711,Wired Headphones,1,11.99,06/19/24 11:26,"411 Wilson St, San Francisco, CA 94016"
211712,AA Batteries (4-pack),1,3.84,06/12/24 19:41,"753 Elm St, Los Angeles, CA 90001"
211713,Lightning Charging Cable,1,14.95,06/07/24 10:30,"125 2nd St, San Francisco, CA 94016"
211714,AA Batteries (4-pack),1,3.84,06/04/24 19:48,"997 7th St, New York City, NY 10001"
211715,Lightning Charging Cable,1,14.95,06/14/24 14:31,"255 Lake St, San Francisco, CA 94016"
211716,Wired Headphones,1,11.99,06/10/24 09:19,"370 Lakeview St, Boston, MA 02215"
211717,AAA Batteries (4-pack),1,2.99,06/06/24 20:36,"447 Johnson St, New York City, NY 10001"
211718,AA Batteries (4-pack),1,3.84,06/21/24 20:10,"205 Washington St, Portland, OR 97035"
211719,Apple Airpods Headphones,1,150,06/17/24 20:16,"724 13th St, Austin, TX 73301"
211720,Wired Headphones,1,11.99,06/04/24 00:09,"215 Wilson St, San Francisco, CA 94016"
211721,AA Batteries (4-pack),2,3.84,06/04/24 07:50,"843 Chestnut St, Boston, MA 02215"
211722,AAA Batteries (4-pack),1,2.99,06/12/24 18:12,"604 2nd St, Dallas, TX 75001"
211723,Lightning Charging Cable,1,14.95,06/01/24 18:00,"181 South St, Dallas, TX 75001"
211724,Wired Headphones,1,11.99,06/18/24 22:48,"627 Center St, Dallas, TX 75001"
211725,Apple Airpods Headphones,2,150,06/25/24 16:23,"840 2nd St, San Francisco, CA 94016"
211726,Lightning Charging Cable,1,14.95,06/30/24 20:05,"885 Walnut St, Dallas, TX 75001"
211727,AAA Batteries (4-pack),1,2.99,06/25/24 12:34,"747 8th St, Los Angeles, CA 90001"
211728,Apple Airpods Headphones,1,150,06/29/24 19:46,"481 Park St, Atlanta, GA 30301"
211729,USB-C Charging Cable,1,11.95,06/13/24 14:30,"968 Jefferson St, Atlanta, GA 30301"
211730,Wired Headphones,1,11.99,06/28/24 18:23,"305 8th St, San Francisco, CA 94016"
211731,Bose SoundSport Headphones,1,99.99,06/19/24 11:55,"455 10th St, Seattle, WA 98101"
211732,Lightning Charging Cable,1,14.95,06/23/24 08:28,"156 Sunset St, Austin, TX 73301"
211733,Apple Airpods Headphones,1,150,06/28/24 11:13,"681 Elm St, Seattle, WA 98101"
211734,34in Ultrawide Monitor,1,379.99,06/09/24 18:27,"553 14th St, Portland, OR 97035"
211735,USB-C Charging Cable,1,11.95,06/23/24 11:34,"933 Jefferson St, Los Angeles, CA 90001"
211736,34in Ultrawide Monitor,1,379.99,06/23/24 20:01,"131 Maple St, New York City, NY 10001"
211737,34in Ultrawide Monitor,1,379.99,06/18/24 19:57,"434 Elm St, Los Angeles, CA 90001"
211738,USB-C Charging Cable,1,11.95,06/20/24 21:13,"250 Johnson St, Boston, MA 02215"
211739,Apple Airpods Headphones,1,150,06/03/24 12:11,"400 9th St, Portland, OR 97035"
211740,27in FHD Monitor,1,149.99,06/17/24 14:30,"563 South St, San Francisco, CA 94016"
211741,34in Ultrawide Monitor,1,379.99,06/20/24 21:59,"830 Adams St, San Francisco, CA 94016"
211741,27in FHD Monitor,1,149.99,06/20/24 21:59,"830 Adams St, San Francisco, CA 94016"
211742,Google Phone,1,600,06/02/24 18:25,"443 Pine St, San Francisco, CA 94016"
211743,USB-C Charging Cable,1,11.95,06/04/24 18:01,"745 Sunset St, Dallas, TX 75001"
211744,Bose SoundSport Headphones,1,99.99,06/20/24 22:19,"220 Jackson St, Atlanta, GA 30301"
211745,iPhone,1,700,06/18/24 20:20,"582 Hill St, Atlanta, GA 30301"
211745,Lightning Charging Cable,1,14.95,06/18/24 20:20,"582 Hill St, Atlanta, GA 30301"
211746,AA Batteries (4-pack),1,3.84,06/13/24 17:32,"778 14th St, Atlanta, GA 30301"
211747,Wired Headphones,1,11.99,06/21/24 12:02,"697 Church St, New York City, NY 10001"
211748,iPhone,1,700,06/10/24 13:27,"305 Madison St, Seattle, WA 98101"
211748,Lightning Charging Cable,1,14.95,06/10/24 13:27,"305 Madison St, Seattle, WA 98101"
211749,AAA Batteries (4-pack),1,2.99,06/24/24 03:18,"146 Church St, San Francisco, CA 94016"
211750,LG Washing Machine,1,600.0,06/04/24 21:17,"925 Cedar St, Los Angeles, CA 90001"
211751,20in Monitor,1,109.99,06/01/24 15:10,"391 Pine St, San Francisco, CA 94016"
211752,Wired Headphones,1,11.99,06/10/24 11:10,"741 10th St, Dallas, TX 75001"
211753,USB-C Charging Cable,1,11.95,06/20/24 10:47,"321 13th St, New York City, NY 10001"
211754,34in Ultrawide Monitor,1,379.99,06/18/24 23:05,"775 8th St, San Francisco, CA 94016"
211755,USB-C Charging Cable,1,11.95,06/15/24 20:11,"908 River St, Los Angeles, CA 90001"
211756,Lightning Charging Cable,1,14.95,06/27/24 18:01,"496 Sunset St, New York City, NY 10001"
211757,ThinkPad Laptop,1,999.99,06/09/24 15:49,"29 Hill St, Austin, TX 73301"
211758,Wired Headphones,1,11.99,06/19/24 19:35,"810 Center St, New York City, NY 10001"
211759,Bose SoundSport Headphones,1,99.99,06/08/24 16:05,"294 West St, San Francisco, CA 94016"
211760,USB-C Charging Cable,1,11.95,06/30/24 22:01,"873 Elm St, Seattle, WA 98101"
211761,AAA Batteries (4-pack),1,2.99,06/10/24 14:19,"500 Maple St, Seattle, WA 98101"
211762,AA Batteries (4-pack),1,3.84,06/04/24 18:46,"903 Church St, Austin, TX 73301"
211763,Wired Headphones,1,11.99,06/04/24 18:42,"310 Lincoln St, Seattle, WA 98101"
211763,AAA Batteries (4-pack),1,2.99,06/04/24 18:42,"310 Lincoln St, Seattle, WA 98101"
211764,Lightning Charging Cable,1,14.95,06/23/24 14:36,"776 2nd St, San Francisco, CA 94016"
211765,AA Batteries (4-pack),2,3.84,06/05/24 20:11,"482 Center St, New York City, NY 10001"
211766,Apple Airpods Headphones,1,150,06/29/24 18:36,"787 Jefferson St, San Francisco, CA 94016"
211767,Wired Headphones,1,11.99,06/27/24 20:58,"96 Adams St, San Francisco, CA 94016"
211768,AA Batteries (4-pack),1,3.84,06/18/24 16:02,"846 5th St, Boston, MA 02215"
211769,AAA Batteries (4-pack),1,2.99,06/16/24 06:05,"677 Jackson St, San Francisco, CA 94016"
211770,Flatscreen TV,1,300,06/05/24 01:46,"324 4th St, San Francisco, CA 94016"
211771,AA Batteries (4-pack),1,3.84,06/17/24 22:54,"663 10th St, Portland, OR 97035"
211772,AAA Batteries (4-pack),6,2.99,06/06/24 18:39,"405 Meadow St, Seattle, WA 98101"
211773,AAA Batteries (4-pack),1,2.99,06/29/24 11:16,"565 Hill St, San Francisco, CA 94016"
211774,Lightning Charging Cable,1,14.95,06/20/24 18:01,"984 12th St, Austin, TX 73301"
211775,AAA Batteries (4-pack),1,2.99,06/16/24 16:32,"444 River St, San Francisco, CA 94016"
211776,AA Batteries (4-pack),2,3.84,06/03/24 10:08,"691 Hickory St, San Francisco, CA 94016"
211777,27in 4K Gaming Monitor,1,389.99,06/19/24 23:32,"580 7th St, Atlanta, GA 30301"
211777,34in Ultrawide Monitor,1,379.99,06/19/24 23:32,"580 7th St, Atlanta, GA 30301"
211778,Lightning Charging Cable,1,14.95,06/30/24 18:31,"725 River St, Portland, OR 97035"
211779,20in Monitor,1,109.99,06/07/24 13:56,"301 Adams St, San Francisco, CA 94016"
211780,Bose SoundSport Headphones,1,99.99,06/11/24 17:48,"498 Chestnut St, Seattle, WA 98101"
211781,Lightning Charging Cable,1,14.95,06/14/24 19:31,"858 Willow St, Dallas, TX 75001"
211782,AAA Batteries (4-pack),2,2.99,06/12/24 11:36,"764 4th St, San Francisco, CA 94016"
211783,Wired Headphones,1,11.99,06/09/24 20:01,"892 4th St, Seattle, WA 98101"
211784,AA Batteries (4-pack),3,3.84,06/28/24 13:58,"171 Cherry St, Austin, TX 73301"
211785,AAA Batteries (4-pack),1,2.99,06/21/24 17:20,"820 Dogwood St, Atlanta, GA 30301"
211786,20in Monitor,1,109.99,06/01/24 22:34,"712 4th St, Austin, TX 73301"
211787,Lightning Charging Cable,1,14.95,06/13/24 11:54,"191 Meadow St, New York City, NY 10001"
211788,USB-C Charging Cable,1,11.95,06/11/24 12:32,"281 Johnson St, Atlanta, GA 30301"
211789,Lightning Charging Cable,1,14.95,06/05/24 13:52,"985 Forest St, Atlanta, GA 30301"
211790,AAA Batteries (4-pack),2,2.99,07/01/24 02:05,"791 13th St, New York City, NY 10001"
211791,ThinkPad Laptop,1,999.99,06/17/24 18:17,"423 Park St, New York City, NY 10001"
211792,Apple Airpods Headphones,1,150,06/25/24 18:31,"647 10th St, Los Angeles, CA 90001"
211793,ThinkPad Laptop,1,999.99,06/02/24 19:45,"311 Cedar St, New York City, NY 10001"
211794,34in Ultrawide Monitor,1,379.99,06/09/24 23:05,"325 Lakeview St, San Francisco, CA 94016"
211795,Wired Headphones,1,11.99,06/23/24 13:13,"737 Hickory St, Dallas, TX 75001"
211796,Lightning Charging Cable,1,14.95,06/30/24 22:40,"417 Jefferson St, San Francisco, CA 94016"
211797,AAA Batteries (4-pack),3,2.99,06/21/24 08:54,"128 Adams St, San Francisco, CA 94016"
211798,Apple Airpods Headphones,1,150,06/26/24 14:00,"304 Maple St, Los Angeles, CA 90001"
211799,USB-C Charging Cable,1,11.95,06/12/24 20:18,"709 13th St, Boston, MA 02215"
211800,Bose SoundSport Headphones,1,99.99,06/26/24 17:47,"289 Meadow St, Atlanta, GA 30301"
211801,AAA Batteries (4-pack),1,2.99,06/07/24 15:28,"683 11th St, Los Angeles, CA 90001"
211802,27in FHD Monitor,1,149.99,06/25/24 13:42,"986 9th St, San Francisco, CA 94016"
211802,AAA Batteries (4-pack),3,2.99,06/25/24 13:42,"986 9th St, San Francisco, CA 94016"
211803,AA Batteries (4-pack),1,3.84,06/21/24 13:24,"868 Park St, Boston, MA 02215"
211804,Wired Headphones,1,11.99,06/06/24 21:31,"884 2nd St, Boston, MA 02215"
211805,ThinkPad Laptop,1,999.99,06/12/24 17:24,"536 Wilson St, San Francisco, CA 94016"
211806,AA Batteries (4-pack),1,3.84,06/17/24 21:53,"668 Walnut St, San Francisco, CA 94016"
211807,USB-C Charging Cable,1,11.95,06/25/24 23:19,"995 8th St, Boston, MA 02215"
211808,Lightning Charging Cable,1,14.95,06/22/24 09:21,"711 5th St, New York City, NY 10001"
211809,Bose SoundSport Headphones,1,99.99,06/09/24 20:40,"99 Maple St, Atlanta, GA 30301"
211810,27in FHD Monitor,1,149.99,06/17/24 15:42,"237 River St, Seattle, WA 98101"
211811,Lightning Charging Cable,1,14.95,06/03/24 18:07,"595 Willow St, Portland, OR 97035"
211811,Bose SoundSport Headphones,1,99.99,06/03/24 18:07,"595 Willow St, Portland, OR 97035"
211812,AA Batteries (4-pack),1,3.84,06/16/24 10:38,"926 River St, San Francisco, CA 94016"
211813,27in 4K Gaming Monitor,1,389.99,06/14/24 17:10,"452 10th St, Dallas, TX 75001"
211814,AAA Batteries (4-pack),1,2.99,06/24/24 09:21,"587 Ridge St, San Francisco, CA 94016"
211815,Bose SoundSport Headphones,1,99.99,06/30/24 22:05,"533 9th St, Boston, MA 02215"
211816,Macbook Pro Laptop,1,1700,06/23/24 15:59,"796 8th St, New York City, NY 10001"
211817,Apple Airpods Headphones,1,150,06/21/24 15:56,"466 Highland St, Los Angeles, CA 90001"
211818,Apple Airpods Headphones,1,150,06/09/24 18:28,"854 11th St, Dallas, TX 75001"
211819,Lightning Charging Cable,1,14.95,06/06/24 22:18,"449 7th St, Atlanta, GA 30301"
211820,ThinkPad Laptop,1,999.99,06/15/24 04:55,"498 Chestnut St, Seattle, WA 98101"
211821,AA Batteries (4-pack),1,3.84,06/28/24 17:37,"766 Wilson St, Atlanta, GA 30301"
211822,Bose SoundSport Headphones,1,99.99,06/19/24 21:49,"140 Jackson St, New York City, NY 10001"
211823,Apple Airpods Headphones,1,150,06/15/24 19:58,"522 Wilson St, New York City, NY 10001"
211824,AA Batteries (4-pack),1,3.84,06/15/24 10:18,"621 Church St, Los Angeles, CA 90001"
211825,Bose SoundSport Headphones,1,99.99,06/02/24 15:19,"575 North St, Portland, OR 97035"
211826,Apple Airpods Headphones,1,150,06/21/24 13:51,"26 Hickory St, San Francisco, CA 94016"
211827,iPhone,1,700,06/25/24 21:00,"463 Sunset St, Atlanta, GA 30301"
211828,ThinkPad Laptop,1,999.99,06/23/24 16:13,"611 Elm St, Los Angeles, CA 90001"
211829,USB-C Charging Cable,2,11.95,06/16/24 22:57,"650 14th St, San Francisco, CA 94016"
211830,iPhone,1,700,06/13/24 17:34,"274 Adams St, San Francisco, CA 94016"
211831,AAA Batteries (4-pack),1,2.99,06/12/24 11:18,"162 4th St, Los Angeles, CA 90001"
211832,Vareebadd Phone,1,400,06/23/24 11:34,"612 Johnson St, Los Angeles, CA 90001"
211833,Wired Headphones,1,11.99,06/11/24 22:05,"73 Sunset St, Portland, OR 97035"
211834,USB-C Charging Cable,1,11.95,06/30/24 12:56,"359 1st St, Atlanta, GA 30301"
211835,AA Batteries (4-pack),1,3.84,06/15/24 22:26,"44 Lake St, Los Angeles, CA 90001"
211836,27in FHD Monitor,1,149.99,06/24/24 09:22,"490 14th St, Portland, OR 97035"
211837,AAA Batteries (4-pack),3,2.99,06/10/24 15:30,"43 Forest St, Boston, MA 02215"
211838,Bose SoundSport Headphones,1,99.99,06/08/24 07:37,"702 North St, Dallas, TX 75001"
211839,Wired Headphones,1,11.99,06/28/24 16:40,"787 Lincoln St, Dallas, TX 75001"
211840,AAA Batteries (4-pack),1,2.99,06/02/24 14:04,"18 Walnut St, Dallas, TX 75001"
211841,Lightning Charging Cable,1,14.95,06/20/24 14:48,"664 Center St, Boston, MA 02215"
211842,AAA Batteries (4-pack),1,2.99,06/20/24 19:39,"461 Maple St, Portland, OR 97035"
211843,Lightning Charging Cable,1,14.95,06/30/24 18:50,"633 Maple St, New York City, NY 10001"
211844,iPhone,1,700,06/13/24 15:33,"416 South St, Los Angeles, CA 90001"
211845,Bose SoundSport Headphones,1,99.99,06/09/24 09:28,"606 Spruce St, Portland, OR 97035"
211846,iPhone,1,700,06/30/24 09:42,"260 West St, San Francisco, CA 94016"
211847,Lightning Charging Cable,1,14.95,06/05/24 14:27,"734 Lake St, San Francisco, CA 94016"
211848,AAA Batteries (4-pack),1,2.99,06/01/24 15:42,"326 Willow St, San Francisco, CA 94016"
211849,27in 4K Gaming Monitor,1,389.99,06/05/24 19:04,"857 North St, Boston, MA 02215"
211850,AA Batteries (4-pack),2,3.84,06/25/24 14:34,"650 5th St, Boston, MA 02215"
211851,AA Batteries (4-pack),2,3.84,06/15/24 16:03,"610 1st St, San Francisco, CA 94016"
211852,AAA Batteries (4-pack),2,2.99,06/30/24 17:41,"744 4th St, New York City, NY 10001"
211853,Apple Airpods Headphones,1,150,06/25/24 17:38,"794 12th St, Portland, OR 97035"
211854,Apple Airpods Headphones,1,150,06/27/24 10:24,"717 13th St, Seattle, WA 98101"
211855,USB-C Charging Cable,1,11.95,06/17/24 11:39,"787 Cedar St, Austin, TX 73301"
211856,AA Batteries (4-pack),1,3.84,06/14/24 10:06,"368 North St, San Francisco, CA 94016"
211857,Lightning Charging Cable,1,14.95,06/05/24 19:48,"406 4th St, Dallas, TX 75001"
211858,Wired Headphones,1,11.99,06/27/24 21:38,"345 Madison St, New York City, NY 10001"
211859,AA Batteries (4-pack),1,3.84,06/11/24 17:09,"888 6th St, Portland, ME 04101"
211860,Lightning Charging Cable,1,14.95,06/11/24 11:57,"451 Highland St, Austin, TX 73301"
211861,Bose SoundSport Headphones,1,99.99,06/26/24 20:49,"816 Main St, Atlanta, GA 30301"
211862,USB-C Charging Cable,1,11.95,06/17/24 16:10,"665 12th St, Boston, MA 02215"
211863,iPhone,1,700,06/12/24 12:24,"563 Lake St, Austin, TX 73301"
211864,20in Monitor,1,109.99,06/28/24 19:49,"638 Hickory St, Los Angeles, CA 90001"
211865,iPhone,1,700,06/22/24 17:07,"709 4th St, Los Angeles, CA 90001"
211866,Lightning Charging Cable,1,14.95,06/26/24 18:21,"620 2nd St, San Francisco, CA 94016"
211867,Apple Airpods Headphones,1,150,06/23/24 15:48,"393 South St, Boston, MA 02215"
211868,Lightning Charging Cable,1,14.95,06/06/24 13:48,"870 North St, San Francisco, CA 94016"
211869,Wired Headphones,1,11.99,06/02/24 00:55,"128 Church St, Los Angeles, CA 90001"
211870,Wired Headphones,1,11.99,06/13/24 11:52,"460 5th St, Atlanta, GA 30301"
211871,Lightning Charging Cable,1,14.95,06/07/24 15:15,"25 Lincoln St, Portland, OR 97035"
211872,USB-C Charging Cable,2,11.95,06/25/24 14:35,"669 Main St, Los Angeles, CA 90001"
211873,Lightning Charging Cable,1,14.95,06/14/24 20:27,"349 River St, San Francisco, CA 94016"
211874,34in Ultrawide Monitor,1,379.99,06/28/24 14:37,"420 Washington St, Boston, MA 02215"
211874,Wired Headphones,1,11.99,06/28/24 14:37,"420 Washington St, Boston, MA 02215"
211875,Wired Headphones,1,11.99,06/23/24 20:45,"681 Ridge St, San Francisco, CA 94016"
211876,AA Batteries (4-pack),1,3.84,06/23/24 11:59,"644 5th St, San Francisco, CA 94016"
211877,Macbook Pro Laptop,1,1700,06/28/24 06:37,"580 Johnson St, Dallas, TX 75001"
211878,AA Batteries (4-pack),1,3.84,06/16/24 10:31,"638 South St, Austin, TX 73301"
211879,USB-C Charging Cable,1,11.95,06/13/24 21:18,"46 Hill St, New York City, NY 10001"
211880,AAA Batteries (4-pack),2,2.99,06/30/24 11:17,"999 7th St, Portland, OR 97035"
211881,Google Phone,1,600,06/28/24 16:21,"851 Park St, Seattle, WA 98101"
211882,Flatscreen TV,1,300,06/23/24 20:29,"269 Walnut St, Los Angeles, CA 90001"
211883,27in FHD Monitor,1,149.99,06/19/24 20:42,"173 River St, Seattle, WA 98101"
211884,Bose SoundSport Headphones,1,99.99,06/30/24 14:31,"865 Hickory St, Atlanta, GA 30301"
211885,USB-C Charging Cable,2,11.95,06/30/24 23:15,"948 4th St, San Francisco, CA 94016"
211886,Lightning Charging Cable,1,14.95,06/29/24 13:09,"407 9th St, Los Angeles, CA 90001"
211887,Wired Headphones,1,11.99,06/13/24 19:12,"259 South St, Boston, MA 02215"
211887,Lightning Charging Cable,1,14.95,06/13/24 19:12,"259 South St, Boston, MA 02215"
211888,AAA Batteries (4-pack),1,2.99,06/13/24 23:06,"708 11th St, New York City, NY 10001"
211889,27in FHD Monitor,1,149.99,06/08/24 18:10,"837 Highland St, Dallas, TX 75001"
211890,AA Batteries (4-pack),1,3.84,06/15/24 13:24,"966 Meadow St, Portland, OR 97035"
211891,Lightning Charging Cable,1,14.95,06/07/24 08:29,"620 Lake St, San Francisco, CA 94016"
211892,Bose SoundSport Headphones,1,99.99,06/29/24 10:28,"704 4th St, Boston, MA 02215"
211893,AA Batteries (4-pack),1,3.84,06/17/24 07:35,"855 12th St, San Francisco, CA 94016"
211894,Apple Airpods Headphones,1,150,06/24/24 14:14,"574 7th St, Atlanta, GA 30301"
211895,AAA Batteries (4-pack),1,2.99,06/26/24 06:49,"546 Cedar St, Portland, ME 04101"
211896,Bose SoundSport Headphones,1,99.99,06/23/24 17:23,"848 Main St, San Francisco, CA 94016"
211897,Wired Headphones,1,11.99,06/06/24 09:41,"529 West St, Dallas, TX 75001"
211898,iPhone,1,700,06/06/24 10:16,"820 14th St, Los Angeles, CA 90001"
211898,Wired Headphones,1,11.99,06/06/24 10:16,"820 14th St, Los Angeles, CA 90001"
211899,USB-C Charging Cable,1,11.95,06/29/24 22:19,"117 Walnut St, Austin, TX 73301"
211900,Apple Airpods Headphones,1,150,06/14/24 23:58,"10 11th St, Seattle, WA 98101"
211901,Lightning Charging Cable,1,14.95,06/16/24 22:12,"935 9th St, Seattle, WA 98101"
211902,USB-C Charging Cable,2,11.95,06/21/24 11:02,"944 1st St, New York City, NY 10001"
211903,27in 4K Gaming Monitor,1,389.99,06/28/24 06:27,"275 Lincoln St, San Francisco, CA 94016"
211904,ThinkPad Laptop,1,999.99,06/27/24 22:31,"523 West St, Los Angeles, CA 90001"
211905,Lightning Charging Cable,1,14.95,06/02/24 16:30,"385 11th St, New York City, NY 10001"
211906,Wired Headphones,1,11.99,06/21/24 18:46,"399 Hill St, San Francisco, CA 94016"
211907,USB-C Charging Cable,1,11.95,06/14/24 12:29,"21 Park St, Seattle, WA 98101"
211908,Apple Airpods Headphones,1,150,06/20/24 15:28,"778 8th St, San Francisco, CA 94016"
211909,AA Batteries (4-pack),1,3.84,06/08/24 11:17,"72 9th St, New York City, NY 10001"
211910,AAA Batteries (4-pack),1,2.99,06/12/24 08:34,"734 Adams St, Boston, MA 02215"
211911,Lightning Charging Cable,1,14.95,06/12/24 21:12,"931 5th St, Los Angeles, CA 90001"
211912,Bose SoundSport Headphones,1,99.99,06/05/24 16:33,"291 Highland St, Portland, OR 97035"
211913,iPhone,1,700,06/25/24 13:57,"538 Ridge St, San Francisco, CA 94016"
211914,20in Monitor,1,109.99,06/09/24 20:34,"597 Pine St, Dallas, TX 75001"
211915,Vareebadd Phone,1,400,06/20/24 13:24,"805 Washington St, Dallas, TX 75001"
211915,USB-C Charging Cable,1,11.95,06/20/24 13:24,"805 Washington St, Dallas, TX 75001"
211915,Bose SoundSport Headphones,1,99.99,06/20/24 13:24,"805 Washington St, Dallas, TX 75001"
211916,Apple Airpods Headphones,1,150,06/11/24 15:27,"190 1st St, Dallas, TX 75001"
211917,AA Batteries (4-pack),3,3.84,06/22/24 22:26,"391 Cherry St, Los Angeles, CA 90001"
211918,ThinkPad Laptop,1,999.99,06/16/24 22:03,"944 Jackson St, Portland, OR 97035"
211919,USB-C Charging Cable,1,11.95,06/29/24 13:29,"673 Cherry St, San Francisco, CA 94016"
211920,20in Monitor,1,109.99,06/29/24 09:41,"468 Madison St, Atlanta, GA 30301"
211921,Lightning Charging Cable,1,14.95,06/07/24 10:14,"276 Lincoln St, Boston, MA 02215"
211922,Bose SoundSport Headphones,1,99.99,06/30/24 07:23,"31 Hill St, Seattle, WA 98101"
211923,27in FHD Monitor,1,149.99,06/04/24 18:12,"27 Wilson St, Los Angeles, CA 90001"
211924,Wired Headphones,1,11.99,06/21/24 19:30,"818 North St, Boston, MA 02215"
211925,AA Batteries (4-pack),1,3.84,06/04/24 09:04,"961 Jackson St, San Francisco, CA 94016"
211926,Wired Headphones,1,11.99,06/07/24 12:47,"685 11th St, Seattle, WA 98101"
211927,Flatscreen TV,1,300,06/27/24 18:08,"733 Washington St, New York City, NY 10001"
211928,Wired Headphones,1,11.99,06/20/24 13:30,"61 Sunset St, San Francisco, CA 94016"
211929,27in 4K Gaming Monitor,1,389.99,06/13/24 12:31,"523 2nd St, San Francisco, CA 94016"
211930,27in 4K Gaming Monitor,1,389.99,06/14/24 18:38,"33 10th St, New York City, NY 10001"
211931,AAA Batteries (4-pack),1,2.99,06/22/24 13:06,"854 Lincoln St, San Francisco, CA 94016"
211932,Apple Airpods Headphones,1,150,06/10/24 15:06,"186 Center St, San Francisco, CA 94016"
211933,27in 4K Gaming Monitor,1,389.99,06/14/24 09:05,"655 Hickory St, New York City, NY 10001"
211934,Lightning Charging Cable,1,14.95,06/09/24 10:50,"156 Jefferson St, Austin, TX 73301"
211935,Wired Headphones,1,11.99,06/10/24 10:31,"587 Madison St, San Francisco, CA 94016"
211936,AA Batteries (4-pack),4,3.84,06/15/24 20:52,"126 Jefferson St, San Francisco, CA 94016"
211937,AA Batteries (4-pack),1,3.84,06/24/24 20:22,"859 Madison St, San Francisco, CA 94016"
211938,ThinkPad Laptop,1,999.99,06/26/24 08:22,"922 Park St, Los Angeles, CA 90001"
211939,USB-C Charging Cable,1,11.95,06/29/24 18:38,"43 Lake St, New York City, NY 10001"
211939,Vareebadd Phone,1,400,06/29/24 18:38,"43 Lake St, New York City, NY 10001"
211940,AA Batteries (4-pack),1,3.84,06/09/24 10:45,"907 Hill St, San Francisco, CA 94016"
211941,USB-C Charging Cable,1,11.95,06/09/24 10:33,"60 Jefferson St, Seattle, WA 98101"
211942,Lightning Charging Cable,1,14.95,06/07/24 10:33,"469 Ridge St, Seattle, WA 98101"
211943,USB-C Charging Cable,1,11.95,06/18/24 13:38,"392 Pine St, New York City, NY 10001"
211944,iPhone,1,700,06/02/24 21:17,"541 1st St, New York City, NY 10001"
211944,Lightning Charging Cable,1,14.95,06/02/24 21:17,"541 1st St, New York City, NY 10001"
211945,iPhone,1,700,06/23/24 18:20,"978 Meadow St, Boston, MA 02215"
211946,34in Ultrawide Monitor,1,379.99,06/21/24 01:02,"157 Forest St, San Francisco, CA 94016"
211947,USB-C Charging Cable,1,11.95,06/28/24 10:35,"901 Adams St, Portland, OR 97035"
211948,Wired Headphones,1,11.99,06/25/24 11:02,"5 2nd St, San Francisco, CA 94016"
211949,AAA Batteries (4-pack),1,2.99,06/19/24 20:06,"749 North St, Portland, OR 97035"
211950,Bose SoundSport Headphones,1,99.99,06/22/24 23:15,"89 4th St, Atlanta, GA 30301"
211951,AA Batteries (4-pack),1,3.84,06/16/24 00:09,"733 Cedar St, San Francisco, CA 94016"
211952,Macbook Pro Laptop,1,1700,06/12/24 12:53,"58 Meadow St, Los Angeles, CA 90001"
211953,Flatscreen TV,1,300,06/29/24 19:51,"116 Hickory St, New York City, NY 10001"
211954,Lightning Charging Cable,1,14.95,06/10/24 18:49,"771 14th St, Los Angeles, CA 90001"
211955,AA Batteries (4-pack),1,3.84,06/19/24 15:30,"33 Walnut St, San Francisco, CA 94016"
211956,USB-C Charging Cable,1,11.95,06/24/24 13:20,"446 Sunset St, San Francisco, CA 94016"
211957,34in Ultrawide Monitor,1,379.99,06/01/24 12:53,"510 Walnut St, Boston, MA 02215"
211958,USB-C Charging Cable,1,11.95,06/29/24 09:46,"622 Meadow St, San Francisco, CA 94016"
211959,Google Phone,1,600,06/25/24 22:19,"594 Lincoln St, Boston, MA 02215"
211960,Apple Airpods Headphones,1,150,06/27/24 19:55,"190 Cherry St, New York City, NY 10001"
211961,Wired Headphones,1,11.99,06/30/24 18:53,"150 11th St, San Francisco, CA 94016"
211962,27in 4K Gaming Monitor,1,389.99,06/02/24 10:36,"527 12th St, Boston, MA 02215"
211963,Flatscreen TV,1,300,06/29/24 19:36,"892 Madison St, San Francisco, CA 94016"
211964,USB-C Charging Cable,1,11.95,06/21/24 14:38,"962 14th St, New York City, NY 10001"
211965,Wired Headphones,1,11.99,06/13/24 15:49,"423 Pine St, Atlanta, GA 30301"
211965,USB-C Charging Cable,1,11.95,06/13/24 15:49,"423 Pine St, Atlanta, GA 30301"
211966,AA Batteries (4-pack),2,3.84,06/27/24 11:49,"189 Johnson St, Boston, MA 02215"
211967,Lightning Charging Cable,1,14.95,06/20/24 14:05,"512 6th St, San Francisco, CA 94016"
211968,iPhone,1,700,06/05/24 18:09,"368 Lincoln St, Portland, OR 97035"
211969,Macbook Pro Laptop,1,1700,06/11/24 10:09,"821 Adams St, Los Angeles, CA 90001"
211970,Google Phone,1,600,06/15/24 10:18,"779 North St, Los Angeles, CA 90001"
211970,USB-C Charging Cable,1,11.95,06/15/24 10:18,"779 North St, Los Angeles, CA 90001"
211971,AAA Batteries (4-pack),1,2.99,06/20/24 22:27,"810 Willow St, Los Angeles, CA 90001"
211972,Apple Airpods Headphones,1,150,06/19/24 18:13,"711 Church St, Atlanta, GA 30301"
211973,Bose SoundSport Headphones,1,99.99,06/23/24 08:52,"319 2nd St, Boston, MA 02215"
211974,Lightning Charging Cable,1,14.95,06/17/24 22:14,"425 Center St, Los Angeles, CA 90001"
211975,34in Ultrawide Monitor,1,379.99,06/27/24 17:43,"36 Pine St, Boston, MA 02215"
211976,27in FHD Monitor,1,149.99,06/29/24 11:59,"748 Pine St, Boston, MA 02215"
211977,Wired Headphones,1,11.99,06/11/24 00:04,"318 Sunset St, New York City, NY 10001"
211978,AAA Batteries (4-pack),1,2.99,06/22/24 13:40,"882 6th St, Boston, MA 02215"
211979,Lightning Charging Cable,1,14.95,06/12/24 10:48,"131 Church St, Austin, TX 73301"
211980,AA Batteries (4-pack),1,3.84,06/21/24 19:59,"329 North St, Los Angeles, CA 90001"
211981,USB-C Charging Cable,1,11.95,06/13/24 19:37,"795 Forest St, San Francisco, CA 94016"
211982,34in Ultrawide Monitor,1,379.99,06/04/24 23:19,"588 North St, New York City, NY 10001"
211983,Wired Headphones,1,11.99,06/13/24 18:53,"958 Jackson St, Los Angeles, CA 90001"
211984,20in Monitor,1,109.99,06/21/24 11:02,"984 2nd St, New York City, NY 10001"
211985,Apple Airpods Headphones,2,150,06/01/24 18:51,"320 Hill St, New York City, NY 10001"
211986,Apple Airpods Headphones,1,150,06/02/24 10:06,"431 Ridge St, Atlanta, GA 30301"
211987,USB-C Charging Cable,2,11.95,06/29/24 10:01,"657 11th St, Boston, MA 02215"
211988,Bose SoundSport Headphones,1,99.99,06/01/24 18:33,"386 Cedar St, Atlanta, GA 30301"
211989,Apple Airpods Headphones,1,150,06/15/24 18:59,"765 Chestnut St, Dallas, TX 75001"
211990,Lightning Charging Cable,1,14.95,06/14/24 13:35,"687 9th St, San Francisco, CA 94016"
211991,AAA Batteries (4-pack),2,2.99,06/01/24 16:09,"488 River St, Seattle, WA 98101"
211992,iPhone,1,700,06/01/24 10:06,"885 Willow St, Los Angeles, CA 90001"
211992,Lightning Charging Cable,2,14.95,06/01/24 10:06,"885 Willow St, Los Angeles, CA 90001"
211993,27in FHD Monitor,1,149.99,06/23/24 08:14,"136 Lincoln St, Dallas, TX 75001"
211994,Apple Airpods Headphones,1,150,06/20/24 20:22,"801 Lake St, San Francisco, CA 94016"
211995,Bose SoundSport Headphones,1,99.99,06/13/24 13:21,"837 13th St, New York City, NY 10001"
211996,Apple Airpods Headphones,1,150,06/05/24 18:36,"390 South St, Los Angeles, CA 90001"
211997,Wired Headphones,1,11.99,06/23/24 10:47,"880 11th St, Dallas, TX 75001"
211998,AAA Batteries (4-pack),1,2.99,06/13/24 05:42,"868 South St, Seattle, WA 98101"
211999,AA Batteries (4-pack),2,3.84,06/14/24 20:52,"344 9th St, Boston, MA 02215"
212000,AAA Batteries (4-pack),1,2.99,06/13/24 22:11,"792 Forest St, Los Angeles, CA 90001"
212001,27in FHD Monitor,1,149.99,06/03/24 08:51,"98 South St, Atlanta, GA 30301"
212002,Wired Headphones,1,11.99,06/13/24 10:07,"665 Maple St, Seattle, WA 98101"
212003,USB-C Charging Cable,1,11.95,06/04/24 12:14,"355 Forest St, Austin, TX 73301"
212004,Lightning Charging Cable,3,14.95,06/23/24 09:47,"854 Madison St, San Francisco, CA 94016"
212005,AA Batteries (4-pack),2,3.84,06/22/24 20:39,"663 Forest St, Los Angeles, CA 90001"
212006,Lightning Charging Cable,1,14.95,06/11/24 18:37,"191 2nd St, Seattle, WA 98101"
212007,AA Batteries (4-pack),1,3.84,06/18/24 15:12,"825 10th St, Los Angeles, CA 90001"
212008,AAA Batteries (4-pack),1,2.99,06/02/24 13:43,"750 Pine St, Dallas, TX 75001"
212009,AAA Batteries (4-pack),1,2.99,06/14/24 22:54,"104 South St, Los Angeles, CA 90001"
212010,Apple Airpods Headphones,1,150,06/18/24 23:17,"425 Center St, Dallas, TX 75001"
212011,20in Monitor,1,109.99,06/22/24 09:39,"777 7th St, New York City, NY 10001"
212012,USB-C Charging Cable,1,11.95,06/23/24 11:53,"618 River St, San Francisco, CA 94016"
212013,AAA Batteries (4-pack),1,2.99,06/11/24 18:35,"623 9th St, San Francisco, CA 94016"
212014,Wired Headphones,1,11.99,06/14/24 18:10,"11 Park St, Los Angeles, CA 90001"
212015,AAA Batteries (4-pack),1,2.99,06/05/24 15:08,"900 Willow St, New York City, NY 10001"
212016,LG Washing Machine,1,600.0,06/14/24 20:20,"894 Chestnut St, New York City, NY 10001"
212017,Lightning Charging Cable,1,14.95,06/21/24 06:55,"606 River St, New York City, NY 10001"
212018,AA Batteries (4-pack),2,3.84,06/08/24 17:17,"862 Dogwood St, Los Angeles, CA 90001"
212019,34in Ultrawide Monitor,1,379.99,06/03/24 21:30,"909 6th St, Austin, TX 73301"
212020,Lightning Charging Cable,1,14.95,06/10/24 20:14,"280 Lincoln St, New York City, NY 10001"
212021,AAA Batteries (4-pack),1,2.99,06/04/24 09:41,"683 Elm St, Boston, MA 02215"
212022,AA Batteries (4-pack),2,3.84,06/09/24 20:50,"234 Jefferson St, Los Angeles, CA 90001"
212023,USB-C Charging Cable,1,11.95,06/30/24 21:35,"554 Lakeview St, Los Angeles, CA 90001"
212024,AAA Batteries (4-pack),1,2.99,06/14/24 00:34,"438 Park St, Los Angeles, CA 90001"
212025,Lightning Charging Cable,1,14.95,06/17/24 13:15,"153 Hickory St, Portland, OR 97035"
212026,AA Batteries (4-pack),1,3.84,06/10/24 06:44,"519 1st St, San Francisco, CA 94016"
212027,Lightning Charging Cable,1,14.95,06/16/24 09:39,"785 4th St, New York City, NY 10001"
212028,AA Batteries (4-pack),2,3.84,06/26/24 20:58,"543 2nd St, Atlanta, GA 30301"
212029,Bose SoundSport Headphones,1,99.99,06/04/24 19:23,"531 Pine St, San Francisco, CA 94016"
212030,Macbook Pro Laptop,1,1700,06/11/24 14:50,"193 South St, Portland, OR 97035"
212031,34in Ultrawide Monitor,1,379.99,06/16/24 15:05,"564 Washington St, San Francisco, CA 94016"
212032,AA Batteries (4-pack),1,3.84,06/02/24 12:10,"645 Elm St, Seattle, WA 98101"
212033,AA Batteries (4-pack),4,3.84,06/18/24 22:55,"401 1st St, Boston, MA 02215"
212034,Lightning Charging Cable,1,14.95,06/24/24 07:19,"392 Cherry St, Austin, TX 73301"
212035,Wired Headphones,1,11.99,06/30/24 10:09,"244 Church St, Los Angeles, CA 90001"
212036,Google Phone,1,600,06/18/24 19:42,"480 Maple St, Dallas, TX 75001"
212037,ThinkPad Laptop,1,999.99,06/13/24 18:26,"665 Church St, San Francisco, CA 94016"
212038,USB-C Charging Cable,1,11.95,06/20/24 18:49,"244 Church St, Boston, MA 02215"
212039,Apple Airpods Headphones,1,150,06/05/24 20:00,"443 Willow St, San Francisco, CA 94016"
212040,Lightning Charging Cable,1,14.95,06/09/24 08:53,"578 Washington St, New York City, NY 10001"
212041,iPhone,1,700,06/16/24 19:47,"596 Maple St, Austin, TX 73301"
212042,Wired Headphones,1,11.99,06/29/24 19:46,"480 7th St, Dallas, TX 75001"
212043,AA Batteries (4-pack),1,3.84,06/14/24 11:52,"134 8th St, Seattle, WA 98101"
212044,Wired Headphones,1,11.99,06/18/24 18:31,"827 Center St, Boston, MA 02215"
212045,Wired Headphones,1,11.99,06/29/24 10:22,"948 Church St, Atlanta, GA 30301"
212046,Bose SoundSport Headphones,1,99.99,06/29/24 22:14,"405 Willow St, San Francisco, CA 94016"
212047,Lightning Charging Cable,2,14.95,06/10/24 11:20,"617 5th St, Dallas, TX 75001"
212048,Vareebadd Phone,1,400,06/12/24 11:28,"37 Cedar St, San Francisco, CA 94016"
212049,USB-C Charging Cable,1,11.95,06/11/24 12:33,"458 9th St, Los Angeles, CA 90001"
212050,AAA Batteries (4-pack),1,2.99,06/05/24 17:00,"4 Hill St, San Francisco, CA 94016"
212051,Wired Headphones,1,11.99,06/02/24 22:44,"212 Maple St, San Francisco, CA 94016"
212052,USB-C Charging Cable,1,11.95,06/27/24 10:08,"963 Hill St, Los Angeles, CA 90001"
212053,Google Phone,1,600,06/23/24 07:19,"792 13th St, Atlanta, GA 30301"
212054,Macbook Pro Laptop,1,1700,06/22/24 12:56,"753 Cedar St, Los Angeles, CA 90001"
212055,Apple Airpods Headphones,1,150,06/17/24 16:14,"866 Walnut St, Seattle, WA 98101"
212056,Flatscreen TV,1,300,06/30/24 20:55,"451 6th St, Portland, ME 04101"
212057,Google Phone,1,600,06/10/24 16:13,"306 North St, San Francisco, CA 94016"
212058,27in FHD Monitor,1,149.99,06/29/24 18:31,"212 Church St, New York City, NY 10001"
212059,AA Batteries (4-pack),1,3.84,06/11/24 06:51,"766 Spruce St, New York City, NY 10001"
212060,Wired Headphones,1,11.99,06/02/24 13:27,"844 9th St, Portland, OR 97035"
212061,USB-C Charging Cable,1,11.95,06/21/24 22:11,"305 Lake St, Portland, OR 97035"
212061,Wired Headphones,1,11.99,06/21/24 22:11,"305 Lake St, Portland, OR 97035"
212062,Bose SoundSport Headphones,1,99.99,06/14/24 22:13,"695 Cedar St, Dallas, TX 75001"
212063,27in FHD Monitor,1,149.99,06/19/24 22:39,"142 Washington St, Seattle, WA 98101"
212064,Bose SoundSport Headphones,1,99.99,06/10/24 21:22,"626 Jefferson St, San Francisco, CA 94016"
212065,AAA Batteries (4-pack),1,2.99,06/20/24 18:32,"512 Ridge St, San Francisco, CA 94016"
212066,Flatscreen TV,1,300,06/19/24 14:29,"171 Wilson St, Los Angeles, CA 90001"
212067,Lightning Charging Cable,1,14.95,06/21/24 19:26,"592 11th St, Portland, OR 97035"
212068,Apple Airpods Headphones,1,150,06/09/24 16:23,"994 Washington St, Los Angeles, CA 90001"
212069,AAA Batteries (4-pack),1,2.99,06/05/24 09:29,"114 5th St, San Francisco, CA 94016"
212070,AA Batteries (4-pack),2,3.84,06/11/24 14:29,"589 11th St, New York City, NY 10001"
212071,Apple Airpods Headphones,1,150,06/15/24 18:36,"374 5th St, Austin, TX 73301"
212072,Wired Headphones,1,11.99,06/14/24 18:26,"450 Forest St, Los Angeles, CA 90001"
212073,Lightning Charging Cable,1,14.95,06/07/24 14:56,"361 4th St, Boston, MA 02215"
212074,Apple Airpods Headphones,1,150,06/28/24 12:43,"877 11th St, Dallas, TX 75001"
212075,iPhone,1,700,06/09/24 20:20,"321 Highland St, Portland, OR 97035"
212076,AAA Batteries (4-pack),1,2.99,06/05/24 23:18,"934 2nd St, Boston, MA 02215"
212077,Bose SoundSport Headphones,1,99.99,06/29/24 17:05,"155 5th St, Atlanta, GA 30301"
212078,AA Batteries (4-pack),4,3.84,06/12/24 22:20,"819 Highland St, Los Angeles, CA 90001"
212079,AA Batteries (4-pack),1,3.84,06/14/24 11:44,"387 Adams St, San Francisco, CA 94016"
212080,AAA Batteries (4-pack),1,2.99,06/30/24 20:15,"658 Main St, San Francisco, CA 94016"
212081,Apple Airpods Headphones,1,150,06/20/24 16:11,"401 14th St, Atlanta, GA 30301"
212082,AA Batteries (4-pack),1,3.84,06/20/24 16:50,"123 4th St, San Francisco, CA 94016"
212083,AAA Batteries (4-pack),1,2.99,06/04/24 20:22,"551 Adams St, Los Angeles, CA 90001"
212084,AA Batteries (4-pack),1,3.84,06/14/24 20:12,"19 Dogwood St, Los Angeles, CA 90001"
212085,20in Monitor,1,109.99,06/05/24 17:28,"170 10th St, San Francisco, CA 94016"
212086,Apple Airpods Headphones,1,150,06/22/24 16:17,"209 Wilson St, Boston, MA 02215"
212087,Macbook Pro Laptop,1,1700,06/11/24 02:54,"747 Forest St, New York City, NY 10001"
212088,Wired Headphones,1,11.99,06/10/24 07:58,"647 Lake St, Los Angeles, CA 90001"
212089,Bose SoundSport Headphones,1,99.99,06/28/24 11:22,"741 Wilson St, New York City, NY 10001"
212090,Apple Airpods Headphones,2,150,06/27/24 06:55,"679 Washington St, Dallas, TX 75001"
212091,20in Monitor,1,109.99,06/26/24 12:28,"500 Lake St, Atlanta, GA 30301"
212092,34in Ultrawide Monitor,1,379.99,06/21/24 19:58,"643 Wilson St, Austin, TX 73301"
212093,AAA Batteries (4-pack),1,2.99,06/10/24 22:21,"991 11th St, Portland, OR 97035"
212094,Wired Headphones,1,11.99,06/14/24 22:00,"189 9th St, San Francisco, CA 94016"
212095,iPhone,1,700,06/17/24 17:30,"877 Lake St, Atlanta, GA 30301"
212096,Bose SoundSport Headphones,1,99.99,06/14/24 11:24,"500 Main St, Los Angeles, CA 90001"
212097,Flatscreen TV,1,300,06/07/24 15:19,"318 12th St, San Francisco, CA 94016"
212098,Wired Headphones,2,11.99,06/06/24 13:12,"384 Elm St, Atlanta, GA 30301"
212099,34in Ultrawide Monitor,1,379.99,06/25/24 14:29,"829 West St, San Francisco, CA 94016"
212100,Lightning Charging Cable,1,14.95,06/23/24 13:03,"751 Hill St, Dallas, TX 75001"
212101,Lightning Charging Cable,1,14.95,06/15/24 17:55,"697 Dogwood St, San Francisco, CA 94016"
212102,Apple Airpods Headphones,1,150,06/26/24 13:30,"235 Jackson St, Boston, MA 02215"
212103,Wired Headphones,1,11.99,06/04/24 10:06,"25 10th St, Boston, MA 02215"
212104,AA Batteries (4-pack),1,3.84,06/14/24 00:46,"721 Washington St, Boston, MA 02215"
212105,AA Batteries (4-pack),1,3.84,06/27/24 23:49,"750 Lincoln St, New York City, NY 10001"
212106,Bose SoundSport Headphones,1,99.99,06/19/24 17:20,"615 11th St, Los Angeles, CA 90001"
212107,Bose SoundSport Headphones,1,99.99,06/28/24 23:49,"398 Walnut St, San Francisco, CA 94016"
212107,Bose SoundSport Headphones,1,99.99,06/28/24 23:49,"398 Walnut St, San Francisco, CA 94016"
212108,Lightning Charging Cable,1,14.95,06/19/24 10:54,"306 Forest St, Dallas, TX 75001"
212109,Apple Airpods Headphones,1,150,06/08/24 17:19,"830 Madison St, San Francisco, CA 94016"
212110,ThinkPad Laptop,1,999.99,06/18/24 00:00,"866 1st St, Seattle, WA 98101"
212111,34in Ultrawide Monitor,1,379.99,06/15/24 10:04,"417 Lakeview St, San Francisco, CA 94016"
212112,AAA Batteries (4-pack),1,2.99,06/16/24 20:38,"562 Ridge St, New York City, NY 10001"
212113,Bose SoundSport Headphones,1,99.99,06/15/24 17:19,"7 4th St, Los Angeles, CA 90001"
212114,USB-C Charging Cable,1,11.95,06/11/24 15:10,"140 Johnson St, Portland, OR 97035"
212115,34in Ultrawide Monitor,1,379.99,06/18/24 21:12,"155 Forest St, San Francisco, CA 94016"
212116,27in 4K Gaming Monitor,1,389.99,06/10/24 22:45,"514 Center St, San Francisco, CA 94016"
212117,Flatscreen TV,1,300,06/27/24 13:22,"941 Maple St, New York City, NY 10001"
212118,AA Batteries (4-pack),2,3.84,06/11/24 23:38,"125 Madison St, New York City, NY 10001"
212119,AA Batteries (4-pack),1,3.84,06/27/24 22:42,"479 Walnut St, San Francisco, CA 94016"
212120,LG Washing Machine,1,600.0,06/05/24 07:35,"200 11th St, San Francisco, CA 94016"
212121,LG Dryer,1,600.0,06/09/24 11:36,"641 Walnut St, Austin, TX 73301"
212122,27in FHD Monitor,1,149.99,06/28/24 16:53,"152 Meadow St, San Francisco, CA 94016"
212123,Wired Headphones,1,11.99,06/26/24 00:20,"214 River St, Los Angeles, CA 90001"
212124,AA Batteries (4-pack),1,3.84,06/22/24 14:48,"811 9th St, Austin, TX 73301"
212125,Wired Headphones,1,11.99,06/07/24 10:33,"19 10th St, New York City, NY 10001"
212126,USB-C Charging Cable,1,11.95,06/29/24 12:03,"631 14th St, Portland, OR 97035"
212127,27in FHD Monitor,1,149.99,06/23/24 14:27,"47 Church St, Atlanta, GA 30301"
212128,Flatscreen TV,1,300,06/30/24 19:48,"77 Forest St, Boston, MA 02215"
212129,34in Ultrawide Monitor,1,379.99,06/17/24 00:13,"151 Madison St, New York City, NY 10001"
212130,Apple Airpods Headphones,1,150,06/16/24 09:18,"97 14th St, Boston, MA 02215"
212131,Wired Headphones,1,11.99,06/30/24 11:11,"419 10th St, Boston, MA 02215"
212132,AAA Batteries (4-pack),2,2.99,06/24/24 08:21,"856 South St, Los Angeles, CA 90001"
212133,Bose SoundSport Headphones,1,99.99,06/09/24 20:19,"846 Dogwood St, San Francisco, CA 94016"
212134,34in Ultrawide Monitor,1,379.99,06/07/24 15:09,"406 Dogwood St, Seattle, WA 98101"
212135,USB-C Charging Cable,1,11.95,06/03/24 13:55,"731 Sunset St, San Francisco, CA 94016"
212136,AAA Batteries (4-pack),1,2.99,06/04/24 14:08,"970 Chestnut St, Seattle, WA 98101"
212137,Lightning Charging Cable,1,14.95,06/21/24 20:45,"234 West St, Atlanta, GA 30301"
212138,Vareebadd Phone,1,400,06/25/24 00:03,"328 Chestnut St, New York City, NY 10001"
212139,USB-C Charging Cable,1,11.95,06/19/24 16:16,"136 8th St, New York City, NY 10001"
212140,AAA Batteries (4-pack),1,2.99,06/10/24 20:36,"955 Washington St, Boston, MA 02215"
212141,Lightning Charging Cable,1,14.95,06/10/24 07:00,"96 Forest St, San Francisco, CA 94016"
212142,iPhone,1,700,06/23/24 22:37,"67 Center St, Los Angeles, CA 90001"
212142,Wired Headphones,1,11.99,06/23/24 22:37,"67 Center St, Los Angeles, CA 90001"
212143,USB-C Charging Cable,1,11.95,06/28/24 00:01,"779 Walnut St, Atlanta, GA 30301"
212144,Lightning Charging Cable,1,14.95,06/10/24 20:54,"972 8th St, New York City, NY 10001"
212145,AAA Batteries (4-pack),1,2.99,06/09/24 17:51,"799 North St, New York City, NY 10001"
212146,AA Batteries (4-pack),4,3.84,06/28/24 22:49,"857 2nd St, Boston, MA 02215"
212147,Bose SoundSport Headphones,1,99.99,06/15/24 19:51,"160 Washington St, San Francisco, CA 94016"
212148,ThinkPad Laptop,1,999.99,06/04/24 08:42,"724 2nd St, Los Angeles, CA 90001"
212149,USB-C Charging Cable,1,11.95,06/23/24 01:33,"256 Sunset St, Atlanta, GA 30301"
212150,Apple Airpods Headphones,1,150,06/10/24 20:31,"279 Maple St, Dallas, TX 75001"
212151,USB-C Charging Cable,1,11.95,06/13/24 13:54,"4 6th St, Dallas, TX 75001"
212152,Flatscreen TV,1,300,06/02/24 10:04,"142 10th St, Portland, OR 97035"
212153,Macbook Pro Laptop,1,1700,06/04/24 17:30,"238 Jefferson St, Seattle, WA 98101"
212154,Google Phone,1,600,06/15/24 09:22,"948 2nd St, San Francisco, CA 94016"
212155,Apple Airpods Headphones,1,150,06/12/24 18:51,"181 Adams St, New York City, NY 10001"
212156,Wired Headphones,1,11.99,06/04/24 14:55,"716 Meadow St, Austin, TX 73301"
212157,Bose SoundSport Headphones,1,99.99,06/12/24 17:31,"793 Park St, Atlanta, GA 30301"
212158,ThinkPad Laptop,1,999.99,06/23/24 04:30,"75 Church St, San Francisco, CA 94016"
212159,Bose SoundSport Headphones,1,99.99,06/08/24 12:23,"495 Maple St, San Francisco, CA 94016"
212160,Bose SoundSport Headphones,1,99.99,06/04/24 11:03,"756 West St, Seattle, WA 98101"
212161,AA Batteries (4-pack),1,3.84,06/10/24 09:32,"405 Ridge St, Los Angeles, CA 90001"
212162,USB-C Charging Cable,1,11.95,06/06/24 21:11,"339 Lakeview St, Portland, OR 97035"
212163,Wired Headphones,2,11.99,06/26/24 15:53,"156 Park St, Los Angeles, CA 90001"
212164,Wired Headphones,1,11.99,06/15/24 13:01,"5 Pine St, Boston, MA 02215"
212165,27in 4K Gaming Monitor,1,389.99,06/28/24 19:39,"943 7th St, Atlanta, GA 30301"
212166,AAA Batteries (4-pack),1,2.99,06/22/24 19:54,"586 Dogwood St, Los Angeles, CA 90001"
212167,USB-C Charging Cable,1,11.95,06/14/24 10:50,"745 Park St, Los Angeles, CA 90001"
212168,USB-C Charging Cable,1,11.95,06/25/24 20:07,"974 14th St, Los Angeles, CA 90001"
212169,27in FHD Monitor,1,149.99,06/09/24 22:56,"148 Washington St, San Francisco, CA 94016"
212170,iPhone,1,700,06/17/24 07:37,"789 Elm St, San Francisco, CA 94016"
212171,27in FHD Monitor,1,149.99,06/01/24 23:33,"300 Jefferson St, Los Angeles, CA 90001"
212172,Wired Headphones,1,11.99,06/20/24 17:07,"867 10th St, San Francisco, CA 94016"
212173,AA Batteries (4-pack),1,3.84,06/24/24 19:41,"972 14th St, Atlanta, GA 30301"
212174,Lightning Charging Cable,1,14.95,06/20/24 07:00,"47 Spruce St, Boston, MA 02215"
212175,AA Batteries (4-pack),1,3.84,06/08/24 16:17,"69 Highland St, Los Angeles, CA 90001"
212176,AA Batteries (4-pack),1,3.84,06/04/24 09:41,"492 1st St, Boston, MA 02215"
212177,Apple Airpods Headphones,1,150,06/14/24 12:55,"597 Spruce St, San Francisco, CA 94016"
212178,AA Batteries (4-pack),1,3.84,06/07/24 17:24,"544 Adams St, San Francisco, CA 94016"
212179,Google Phone,1,600,06/23/24 09:59,"497 Hill St, San Francisco, CA 94016"
212180,AAA Batteries (4-pack),2,2.99,06/11/24 18:14,"115 14th St, Dallas, TX 75001"
212181,AA Batteries (4-pack),1,3.84,06/23/24 17:52,"421 North St, San Francisco, CA 94016"
212182,iPhone,1,700,06/20/24 20:21,"864 2nd St, Los Angeles, CA 90001"
212183,27in FHD Monitor,1,149.99,06/02/24 16:19,"150 Jefferson St, New York City, NY 10001"
212184,Bose SoundSport Headphones,1,99.99,06/10/24 01:54,"908 1st St, Seattle, WA 98101"
212185,27in FHD Monitor,1,149.99,06/05/24 11:13,"92 4th St, Boston, MA 02215"
212186,Apple Airpods Headphones,1,150,06/15/24 19:43,"937 Dogwood St, Seattle, WA 98101"
212187,Lightning Charging Cable,1,14.95,06/06/24 14:35,"86 Cedar St, Dallas, TX 75001"
212188,Macbook Pro Laptop,1,1700,06/08/24 17:24,"209 Park St, San Francisco, CA 94016"
212189,27in FHD Monitor,1,149.99,06/25/24 20:53,"46 13th St, Portland, ME 04101"
212190,Apple Airpods Headphones,1,150,06/07/24 20:31,"8 Cedar St, Portland, OR 97035"
212191,Wired Headphones,2,11.99,06/30/24 11:31,"509 Forest St, Los Angeles, CA 90001"
212192,27in FHD Monitor,1,149.99,06/06/24 15:32,"357 Center St, San Francisco, CA 94016"
212193,Google Phone,1,600,06/20/24 20:27,"645 Spruce St, Atlanta, GA 30301"
212194,AAA Batteries (4-pack),2,2.99,06/17/24 12:25,"325 7th St, New York City, NY 10001"
212195,iPhone,1,700,06/29/24 15:36,"784 Pine St, San Francisco, CA 94016"
212196,Apple Airpods Headphones,1,150,06/04/24 16:24,"894 Cherry St, Los Angeles, CA 90001"
212197,27in 4K Gaming Monitor,1,389.99,06/10/24 13:36,"585 Willow St, San Francisco, CA 94016"
212198,AA Batteries (4-pack),2,3.84,06/12/24 02:50,"356 Washington St, Portland, OR 97035"
212199,AA Batteries (4-pack),1,3.84,06/07/24 09:13,"640 12th St, San Francisco, CA 94016"
212200,Lightning Charging Cable,2,14.95,06/27/24 17:50,"439 6th St, Los Angeles, CA 90001"
212201,20in Monitor,1,109.99,06/13/24 12:48,"281 Maple St, San Francisco, CA 94016"
212202,iPhone,1,700,06/24/24 15:53,"758 Park St, Seattle, WA 98101"
212202,Lightning Charging Cable,1,14.95,06/24/24 15:53,"758 Park St, Seattle, WA 98101"
212203,27in FHD Monitor,1,149.99,06/08/24 00:46,"107 North St, Boston, MA 02215"
212204,USB-C Charging Cable,1,11.95,06/03/24 01:55,"930 Lakeview St, Portland, OR 97035"
212205,34in Ultrawide Monitor,1,379.99,06/21/24 20:06,"120 5th St, San Francisco, CA 94016"
212206,27in FHD Monitor,1,149.99,06/14/24 16:50,"645 Pine St, Dallas, TX 75001"
212207,Apple Airpods Headphones,1,150,06/18/24 22:25,"132 Madison St, Portland, OR 97035"
212208,AA Batteries (4-pack),1,3.84,06/18/24 13:32,"838 Forest St, Boston, MA 02215"
212209,AA Batteries (4-pack),1,3.84,06/26/24 13:11,"434 9th St, San Francisco, CA 94016"
212210,27in FHD Monitor,1,149.99,06/26/24 17:35,"38 Ridge St, Los Angeles, CA 90001"
212211,Bose SoundSport Headphones,1,99.99,06/17/24 09:45,"229 1st St, Dallas, TX 75001"
212212,AA Batteries (4-pack),1,3.84,06/09/24 23:51,"893 Sunset St, Austin, TX 73301"
212213,AA Batteries (4-pack),2,3.84,06/13/24 15:35,"381 8th St, San Francisco, CA 94016"
212214,Apple Airpods Headphones,1,150,06/16/24 15:47,"561 Park St, Austin, TX 73301"
212215,USB-C Charging Cable,1,11.95,06/20/24 19:13,"495 Cherry St, Los Angeles, CA 90001"
212216,AAA Batteries (4-pack),2,2.99,06/04/24 19:53,"747 Walnut St, Dallas, TX 75001"
212216,AAA Batteries (4-pack),1,2.99,06/04/24 19:53,"747 Walnut St, Dallas, TX 75001"
212217,Lightning Charging Cable,1,14.95,06/11/24 12:57,"216 Willow St, San Francisco, CA 94016"
212218,Vareebadd Phone,1,400,06/08/24 18:49,"171 13th St, San Francisco, CA 94016"
212219,Bose SoundSport Headphones,1,99.99,06/12/24 15:39,"521 Lake St, Dallas, TX 75001"
212220,Wired Headphones,1,11.99,06/29/24 18:21,"449 Jefferson St, San Francisco, CA 94016"
212221,iPhone,1,700,06/05/24 03:15,"480 10th St, Dallas, TX 75001"
212222,AAA Batteries (4-pack),1,2.99,06/05/24 14:58,"788 Cedar St, San Francisco, CA 94016"
212223,Bose SoundSport Headphones,1,99.99,06/28/24 10:10,"756 12th St, Los Angeles, CA 90001"
212224,AA Batteries (4-pack),1,3.84,06/29/24 15:22,"241 2nd St, Austin, TX 73301"
212225,Apple Airpods Headphones,1,150,06/01/24 17:41,"820 West St, Los Angeles, CA 90001"
212226,AAA Batteries (4-pack),1,2.99,06/23/24 11:52,"47 Madison St, Portland, OR 97035"
212227,Wired Headphones,1,11.99,06/24/24 19:37,"35 Wilson St, Austin, TX 73301"
212228,Lightning Charging Cable,1,14.95,06/18/24 19:59,"996 Cherry St, Seattle, WA 98101"
212229,Lightning Charging Cable,1,14.95,06/19/24 11:48,"514 River St, Boston, MA 02215"
212230,Lightning Charging Cable,1,14.95,06/26/24 18:52,"794 Park St, Los Angeles, CA 90001"
212231,AAA Batteries (4-pack),2,2.99,06/22/24 14:16,"227 11th St, Seattle, WA 98101"
212232,USB-C Charging Cable,1,11.95,06/17/24 20:30,"644 Hill St, Boston, MA 02215"
212233,Wired Headphones,1,11.99,06/15/24 18:03,"891 9th St, New York City, NY 10001"
212234,Lightning Charging Cable,1,14.95,06/18/24 10:15,"930 Lakeview St, Los Angeles, CA 90001"
212235,Macbook Pro Laptop,1,1700,06/19/24 20:13,"668 11th St, Austin, TX 73301"
212235,AA Batteries (4-pack),1,3.84,06/19/24 20:13,"668 11th St, Austin, TX 73301"
212236,Wired Headphones,1,11.99,06/26/24 21:17,"133 4th St, Boston, MA 02215"
212237,Lightning Charging Cable,1,14.95,06/19/24 08:16,"132 11th St, Atlanta, GA 30301"
212237,Wired Headphones,1,11.99,06/19/24 08:16,"132 11th St, Atlanta, GA 30301"
212238,Lightning Charging Cable,1,14.95,06/11/24 19:56,"244 11th St, Atlanta, GA 30301"
212239,Google Phone,1,600,06/20/24 17:40,"721 Wilson St, San Francisco, CA 94016"
212240,AA Batteries (4-pack),1,3.84,06/02/24 16:22,"749 Lincoln St, New York City, NY 10001"
212241,ThinkPad Laptop,1,999.99,06/14/24 11:06,"246 Lakeview St, Los Angeles, CA 90001"
212242,AAA Batteries (4-pack),1,2.99,06/20/24 20:23,"946 North St, Seattle, WA 98101"
212243,Apple Airpods Headphones,1,150,06/12/24 20:55,"221 Dogwood St, San Francisco, CA 94016"
212244,Apple Airpods Headphones,1,150,06/02/24 18:22,"327 7th St, Boston, MA 02215"
212245,Bose SoundSport Headphones,1,99.99,06/07/24 23:47,"910 Washington St, San Francisco, CA 94016"
212246,AAA Batteries (4-pack),1,2.99,06/01/24 21:33,"379 Hickory St, Seattle, WA 98101"
212247,27in FHD Monitor,1,149.99,06/28/24 09:08,"791 River St, Los Angeles, CA 90001"
212248,Lightning Charging Cable,1,14.95,06/24/24 01:46,"866 Walnut St, New York City, NY 10001"
212249,Wired Headphones,2,11.99,06/08/24 21:33,"166 Ridge St, Portland, OR 97035"
212250,27in FHD Monitor,1,149.99,06/19/24 19:02,"489 Jackson St, Atlanta, GA 30301"
212251,Apple Airpods Headphones,1,150,06/08/24 11:05,"286 Church St, Boston, MA 02215"
212252,iPhone,1,700,06/22/24 20:54,"814 Ridge St, New York City, NY 10001"
212253,Lightning Charging Cable,1,14.95,06/20/24 15:38,"717 2nd St, New York City, NY 10001"
212254,Lightning Charging Cable,1,14.95,06/22/24 13:02,"142 1st St, Los Angeles, CA 90001"
212255,AAA Batteries (4-pack),1,2.99,06/09/24 19:23,"25 Meadow St, Boston, MA 02215"
212256,Lightning Charging Cable,1,14.95,06/26/24 13:27,"604 14th St, Boston, MA 02215"
212257,Google Phone,1,600,06/19/24 22:26,"622 Lakeview St, Seattle, WA 98101"
212258,USB-C Charging Cable,1,11.95,06/30/24 10:43,"904 Main St, Boston, MA 02215"
212259,Lightning Charging Cable,1,14.95,06/28/24 14:42,"880 Maple St, Boston, MA 02215"
212260,27in FHD Monitor,1,149.99,06/04/24 17:20,"813 Hickory St, Austin, TX 73301"
212261,USB-C Charging Cable,1,11.95,06/16/24 15:20,"162 4th St, Dallas, TX 75001"
212262,Bose SoundSport Headphones,1,99.99,06/08/24 22:00,"731 Lake St, New York City, NY 10001"
212263,Flatscreen TV,1,300,06/23/24 18:03,"296 11th St, San Francisco, CA 94016"
212264,34in Ultrawide Monitor,1,379.99,06/10/24 11:51,"297 Highland St, Los Angeles, CA 90001"
212265,iPhone,1,700,06/18/24 21:58,"885 1st St, Los Angeles, CA 90001"
212266,ThinkPad Laptop,1,999.99,06/15/24 16:14,"652 Spruce St, Los Angeles, CA 90001"
212267,Bose SoundSport Headphones,1,99.99,06/01/24 09:35,"743 Park St, Atlanta, GA 30301"
212268,Bose SoundSport Headphones,1,99.99,06/24/24 09:19,"101 Lakeview St, Seattle, WA 98101"
212269,Wired Headphones,1,11.99,06/29/24 15:53,"574 Hickory St, San Francisco, CA 94016"
212270,iPhone,1,700,06/12/24 20:06,"135 Dogwood St, San Francisco, CA 94016"
212271,AA Batteries (4-pack),1,3.84,06/12/24 17:33,"553 12th St, Austin, TX 73301"
212272,USB-C Charging Cable,1,11.95,06/28/24 19:42,"758 Washington St, Atlanta, GA 30301"
212273,Lightning Charging Cable,1,14.95,06/25/24 15:24,"51 Center St, Dallas, TX 75001"
212274,27in FHD Monitor,1,149.99,06/19/24 15:44,"798 Walnut St, Seattle, WA 98101"
212275,AA Batteries (4-pack),1,3.84,06/16/24 08:12,"686 Washington St, Dallas, TX 75001"
212276,AA Batteries (4-pack),2,3.84,06/09/24 13:38,"279 10th St, Atlanta, GA 30301"
212277,USB-C Charging Cable,1,11.95,06/27/24 09:42,"343 Hickory St, San Francisco, CA 94016"
212278,27in FHD Monitor,1,149.99,06/28/24 12:05,"924 River St, San Francisco, CA 94016"
212279,27in FHD Monitor,1,149.99,06/14/24 09:31,"615 8th St, Dallas, TX 75001"
212280,Flatscreen TV,1,300,06/07/24 13:31,"412 Highland St, New York City, NY 10001"
212281,USB-C Charging Cable,1,11.95,06/17/24 15:51,"22 Forest St, Los Angeles, CA 90001"
212282,Wired Headphones,1,11.99,06/21/24 09:00,"629 8th St, Boston, MA 02215"
212283,Wired Headphones,1,11.99,06/10/24 04:29,"843 West St, Los Angeles, CA 90001"
212284,AA Batteries (4-pack),1,3.84,06/03/24 12:30,"301 Madison St, Dallas, TX 75001"
212285,Bose SoundSport Headphones,1,99.99,06/06/24 18:41,"938 Meadow St, Los Angeles, CA 90001"
212286,AA Batteries (4-pack),2,3.84,06/16/24 14:09,"810 Spruce St, Atlanta, GA 30301"
212287,Wired Headphones,2,11.99,06/03/24 10:28,"107 12th St, San Francisco, CA 94016"
212288,Lightning Charging Cable,1,14.95,06/30/24 13:53,"93 Main St, Dallas, TX 75001"
212289,AAA Batteries (4-pack),1,2.99,06/21/24 21:54,"787 Highland St, San Francisco, CA 94016"
212290,27in FHD Monitor,1,149.99,06/05/24 15:02,"431 2nd St, Los Angeles, CA 90001"
212291,Lightning Charging Cable,1,14.95,06/23/24 18:56,"258 Wilson St, San Francisco, CA 94016"
212292,Wired Headphones,2,11.99,06/11/24 12:40,"478 Meadow St, Los Angeles, CA 90001"
212293,USB-C Charging Cable,1,11.95,06/25/24 11:25,"309 Highland St, New York City, NY 10001"
212294,USB-C Charging Cable,1,11.95,06/26/24 12:33,"114 Park St, San Francisco, CA 94016"
212295,USB-C Charging Cable,1,11.95,06/17/24 15:45,"803 5th St, Atlanta, GA 30301"
212295,Bose SoundSport Headphones,1,99.99,06/17/24 15:45,"803 5th St, Atlanta, GA 30301"
212296,Wired Headphones,1,11.99,06/28/24 13:13,"923 Cherry St, Seattle, WA 98101"
212297,AAA Batteries (4-pack),2,2.99,06/10/24 19:16,"332 West St, Austin, TX 73301"
212298,USB-C Charging Cable,1,11.95,06/22/24 16:53,"964 Sunset St, Los Angeles, CA 90001"
212299,Flatscreen TV,1,300,06/17/24 12:06,"709 Walnut St, Dallas, TX 75001"
212300,Lightning Charging Cable,1,14.95,06/09/24 19:05,"10 Jackson St, Austin, TX 73301"
212301,Bose SoundSport Headphones,1,99.99,06/28/24 20:03,"528 Madison St, San Francisco, CA 94016"
212302,Google Phone,1,600,06/12/24 18:41,"642 9th St, San Francisco, CA 94016"
212303,AAA Batteries (4-pack),3,2.99,06/16/24 07:07,"379 7th St, Austin, TX 73301"
212304,USB-C Charging Cable,1,11.95,06/04/24 11:22,"564 Cherry St, Austin, TX 73301"
212305,Wired Headphones,2,11.99,06/05/24 09:16,"310 Cherry St, Los Angeles, CA 90001"
212306,AAA Batteries (4-pack),2,2.99,06/07/24 16:40,"954 Lincoln St, Los Angeles, CA 90001"
212307,Apple Airpods Headphones,1,150,06/24/24 20:32,"313 Jackson St, San Francisco, CA 94016"
212308,Wired Headphones,1,11.99,06/07/24 12:32,"221 West St, Seattle, WA 98101"
212309,Lightning Charging Cable,1,14.95,06/12/24 09:20,"603 Meadow St, San Francisco, CA 94016"
212310,ThinkPad Laptop,1,999.99,06/29/24 12:20,"894 Hickory St, Atlanta, GA 30301"
212311,Flatscreen TV,1,300,06/26/24 20:24,"942 Cherry St, Portland, ME 04101"
,,,,,
212312,AA Batteries (4-pack),1,3.84,06/15/24 08:29,"766 Lincoln St, Los Angeles, CA 90001"
212313,Google Phone,1,600,06/18/24 15:58,"518 2nd St, Los Angeles, CA 90001"
212313,USB-C Charging Cable,1,11.95,06/18/24 15:58,"518 2nd St, Los Angeles, CA 90001"
212314,Apple Airpods Headphones,1,150,06/28/24 00:43,"480 Wilson St, Dallas, TX 75001"
212315,AA Batteries (4-pack),1,3.84,06/03/24 20:39,"691 12th St, Austin, TX 73301"
212316,AA Batteries (4-pack),1,3.84,06/06/24 09:36,"837 River St, New York City, NY 10001"
212317,AA Batteries (4-pack),1,3.84,06/25/24 11:25,"783 Forest St, Dallas, TX 75001"
212318,ThinkPad Laptop,1,999.99,06/17/24 09:30,"126 Jackson St, Seattle, WA 98101"
212319,Bose SoundSport Headphones,1,99.99,06/24/24 11:11,"458 5th St, Seattle, WA 98101"
212320,Bose SoundSport Headphones,1,99.99,06/22/24 20:42,"854 Meadow St, San Francisco, CA 94016"
212321,Flatscreen TV,1,300,06/16/24 23:04,"295 Willow St, San Francisco, CA 94016"
212322,iPhone,1,700,06/24/24 10:58,"946 6th St, San Francisco, CA 94016"
212323,Flatscreen TV,1,300,06/27/24 18:48,"606 Ridge St, Boston, MA 02215"
212324,Lightning Charging Cable,1,14.95,06/30/24 14:03,"85 10th St, New York City, NY 10001"
212325,Macbook Pro Laptop,1,1700,06/28/24 13:14,"511 4th St, San Francisco, CA 94016"
212326,Google Phone,1,600,06/10/24 10:28,"308 Lake St, San Francisco, CA 94016"
212327,Bose SoundSport Headphones,1,99.99,06/06/24 20:00,"713 Walnut St, San Francisco, CA 94016"
212328,AA Batteries (4-pack),1,3.84,06/08/24 17:39,"819 North St, San Francisco, CA 94016"
212329,Flatscreen TV,1,300,06/02/24 17:47,"90 Park St, San Francisco, CA 94016"
212330,20in Monitor,1,109.99,06/28/24 13:55,"705 1st St, Atlanta, GA 30301"
212331,Apple Airpods Headphones,1,150,06/08/24 12:07,"552 5th St, Seattle, WA 98101"
212332,Apple Airpods Headphones,1,150,06/29/24 11:05,"399 Washington St, Dallas, TX 75001"
212333,AA Batteries (4-pack),1,3.84,06/27/24 23:29,"933 Johnson St, Austin, TX 73301"
212334,iPhone,1,700,06/06/24 13:38,"834 Adams St, Boston, MA 02215"
212334,Lightning Charging Cable,1,14.95,06/06/24 13:38,"834 Adams St, Boston, MA 02215"
212334,Apple Airpods Headphones,1,150,06/06/24 13:38,"834 Adams St, Boston, MA 02215"
212334,Wired Headphones,1,11.99,06/06/24 13:38,"834 Adams St, Boston, MA 02215"
212335,34in Ultrawide Monitor,1,379.99,06/16/24 17:15,"76 1st St, Dallas, TX 75001"
212336,27in 4K Gaming Monitor,1,389.99,06/05/24 13:56,"200 9th St, Atlanta, GA 30301"
212337,AAA Batteries (4-pack),1,2.99,06/06/24 09:57,"567 North St, Los Angeles, CA 90001"
212338,Lightning Charging Cable,2,14.95,06/30/24 12:12,"711 2nd St, Portland, OR 97035"
212339,USB-C Charging Cable,1,11.95,06/25/24 22:28,"801 11th St, Austin, TX 73301"
212340,Wired Headphones,1,11.99,06/08/24 23:31,"993 Center St, San Francisco, CA 94016"
212341,34in Ultrawide Monitor,1,379.99,06/14/24 17:36,"320 14th St, San Francisco, CA 94016"
212342,Bose SoundSport Headphones,1,99.99,06/12/24 09:42,"518 Center St, Boston, MA 02215"
212343,27in 4K Gaming Monitor,1,389.99,06/08/24 18:27,"311 Wilson St, Los Angeles, CA 90001"
212344,34in Ultrawide Monitor,1,379.99,06/06/24 14:42,"115 Church St, Portland, OR 97035"
212345,AA Batteries (4-pack),1,3.84,06/14/24 18:01,"857 Ridge St, Austin, TX 73301"
212346,27in 4K Gaming Monitor,1,389.99,06/17/24 22:23,"285 West St, Dallas, TX 75001"
212347,Macbook Pro Laptop,1,1700,06/25/24 01:30,"395 Madison St, Boston, MA 02215"
212348,AA Batteries (4-pack),1,3.84,06/14/24 22:50,"912 Jefferson St, Seattle, WA 98101"
212349,Flatscreen TV,1,300,06/30/24 10:51,"739 11th St, Atlanta, GA 30301"
212350,iPhone,1,700,06/27/24 20:38,"951 Cedar St, Dallas, TX 75001"
212351,Flatscreen TV,1,300,06/11/24 10:02,"242 Sunset St, San Francisco, CA 94016"
212352,Wired Headphones,1,11.99,06/19/24 00:21,"284 Pine St, San Francisco, CA 94016"
212353,USB-C Charging Cable,1,11.95,06/10/24 16:27,"352 Center St, San Francisco, CA 94016"
212354,USB-C Charging Cable,1,11.95,06/09/24 11:26,"547 Elm St, San Francisco, CA 94016"
212355,AAA Batteries (4-pack),3,2.99,06/12/24 20:02,"365 Meadow St, Boston, MA 02215"
212356,AA Batteries (4-pack),1,3.84,06/07/24 20:18,"885 Jackson St, Portland, OR 97035"
212357,Lightning Charging Cable,1,14.95,06/18/24 18:17,"570 Elm St, San Francisco, CA 94016"
212358,ThinkPad Laptop,1,999.99,06/03/24 19:01,"629 Wilson St, Boston, MA 02215"
212359,USB-C Charging Cable,1,11.95,06/21/24 19:31,"122 Willow St, San Francisco, CA 94016"
212360,Wired Headphones,1,11.99,06/03/24 17:56,"375 Chestnut St, San Francisco, CA 94016"
212361,Google Phone,1,600,06/22/24 19:49,"504 Washington St, Atlanta, GA 30301"
212362,Apple Airpods Headphones,2,150,06/14/24 07:48,"52 West St, San Francisco, CA 94016"
212363,27in FHD Monitor,2,149.99,06/21/24 13:14,"828 Spruce St, San Francisco, CA 94016"
212364,Lightning Charging Cable,2,14.95,06/14/24 09:04,"651 Adams St, Los Angeles, CA 90001"
212365,USB-C Charging Cable,1,11.95,06/23/24 21:06,"619 Center St, Los Angeles, CA 90001"
212366,USB-C Charging Cable,1,11.95,06/02/24 09:18,"984 Meadow St, New York City, NY 10001"
212367,27in FHD Monitor,1,149.99,06/14/24 14:06,"27 8th St, Los Angeles, CA 90001"
212368,AAA Batteries (4-pack),1,2.99,06/27/24 15:26,"600 7th St, New York City, NY 10001"
212369,Lightning Charging Cable,1,14.95,06/09/24 19:43,"360 Maple St, Seattle, WA 98101"
212370,AA Batteries (4-pack),1,3.84,06/20/24 10:49,"212 10th St, Boston, MA 02215"
212371,Apple Airpods Headphones,1,150,06/21/24 21:40,"304 Highland St, Dallas, TX 75001"
212372,Wired Headphones,1,11.99,06/05/24 18:08,"906 West St, Austin, TX 73301"
212373,20in Monitor,1,109.99,06/07/24 10:15,"969 Walnut St, Boston, MA 02215"
212374,Bose SoundSport Headphones,1,99.99,06/14/24 12:52,"344 Maple St, Dallas, TX 75001"
212375,Wired Headphones,1,11.99,06/14/24 20:14,"355 6th St, Los Angeles, CA 90001"
212376,27in 4K Gaming Monitor,1,389.99,06/28/24 23:42,"822 Adams St, San Francisco, CA 94016"
212377,Bose SoundSport Headphones,1,99.99,06/03/24 21:49,"585 Adams St, Dallas, TX 75001"
212378,USB-C Charging Cable,1,11.95,06/06/24 15:54,"207 4th St, Portland, OR 97035"
212379,AAA Batteries (4-pack),2,2.99,06/25/24 15:34,"400 Forest St, Atlanta, GA 30301"
212380,ThinkPad Laptop,1,999.99,06/15/24 15:13,"688 1st St, Portland, OR 97035"
212381,Lightning Charging Cable,1,14.95,06/06/24 19:02,"389 2nd St, San Francisco, CA 94016"
212382,USB-C Charging Cable,1,11.95,06/01/24 22:06,"754 North St, Los Angeles, CA 90001"
212382,Flatscreen TV,1,300,06/01/24 22:06,"754 North St, Los Angeles, CA 90001"
212383,Lightning Charging Cable,1,14.95,06/04/24 14:23,"685 Lake St, New York City, NY 10001"
212384,USB-C Charging Cable,1,11.95,06/14/24 12:49,"859 Madison St, Los Angeles, CA 90001"
212385,USB-C Charging Cable,1,11.95,06/15/24 19:05,"156 Center St, Portland, OR 97035"
212386,27in 4K Gaming Monitor,1,389.99,06/19/24 12:00,"300 9th St, Seattle, WA 98101"
212387,Lightning Charging Cable,1,14.95,06/07/24 19:10,"12 North St, New York City, NY 10001"
212388,AA Batteries (4-pack),1,3.84,06/27/24 10:05,"753 Washington St, Dallas, TX 75001"
212389,AA Batteries (4-pack),3,3.84,06/08/24 23:00,"331 12th St, Austin, TX 73301"
212390,AAA Batteries (4-pack),1,2.99,06/16/24 08:55,"185 Lincoln St, New York City, NY 10001"
212391,Lightning Charging Cable,1,14.95,06/17/24 14:54,"595 Highland St, San Francisco, CA 94016"
212392,AA Batteries (4-pack),1,3.84,06/09/24 15:24,"596 13th St, Seattle, WA 98101"
212393,AAA Batteries (4-pack),1,2.99,06/04/24 17:28,"377 Cedar St, New York City, NY 10001"
212394,Wired Headphones,3,11.99,06/08/24 23:00,"823 Ridge St, Atlanta, GA 30301"
212395,Bose SoundSport Headphones,1,99.99,06/12/24 12:20,"900 Pine St, Los Angeles, CA 90001"
212396,Bose SoundSport Headphones,1,99.99,06/28/24 21:44,"941 1st St, Los Angeles, CA 90001"
212397,Wired Headphones,1,11.99,06/05/24 14:20,"4 Wilson St, Boston, MA 02215"
212398,AAA Batteries (4-pack),2,2.99,06/30/24 21:24,"287 Hill St, New York City, NY 10001"
212399,AA Batteries (4-pack),1,3.84,06/11/24 08:57,"407 14th St, Boston, MA 02215"
212400,27in FHD Monitor,1,149.99,06/24/24 18:56,"739 Church St, New York City, NY 10001"
212401,AA Batteries (4-pack),2,3.84,06/10/24 16:06,"624 Wilson St, New York City, NY 10001"
212402,ThinkPad Laptop,1,999.99,06/18/24 08:11,"267 River St, Boston, MA 02215"
212403,Bose SoundSport Headphones,1,99.99,06/30/24 13:56,"222 Forest St, Portland, OR 97035"
212403,Apple Airpods Headphones,1,150,06/30/24 13:56,"222 Forest St, Portland, OR 97035"
212404,Lightning Charging Cable,1,14.95,06/15/24 00:22,"502 Center St, Seattle, WA 98101"
212405,Bose SoundSport Headphones,1,99.99,06/06/24 10:41,"338 Forest St, San Francisco, CA 94016"
212406,Apple Airpods Headphones,1,150,06/12/24 12:08,"69 Willow St, New York City, NY 10001"
212407,20in Monitor,1,109.99,06/28/24 09:58,"785 Chestnut St, San Francisco, CA 94016"
212408,USB-C Charging Cable,1,11.95,06/09/24 21:05,"601 River St, Boston, MA 02215"
212409,Bose SoundSport Headphones,1,99.99,06/19/24 15:10,"472 Adams St, New York City, NY 10001"
212410,Lightning Charging Cable,1,14.95,06/16/24 12:22,"455 9th St, Los Angeles, CA 90001"
212411,Apple Airpods Headphones,1,150,06/09/24 19:43,"287 Wilson St, Portland, OR 97035"
212412,Google Phone,1,600,06/08/24 17:07,"718 Forest St, San Francisco, CA 94016"
212413,27in FHD Monitor,1,149.99,06/15/24 11:48,"481 Hill St, San Francisco, CA 94016"
212414,Lightning Charging Cable,1,14.95,06/01/24 19:48,"52 Highland St, Boston, MA 02215"
212415,AA Batteries (4-pack),2,3.84,06/19/24 08:16,"971 Hickory St, Boston, MA 02215"
212416,Macbook Pro Laptop,1,1700,06/19/24 09:33,"159 West St, Los Angeles, CA 90001"
212417,USB-C Charging Cable,1,11.95,06/13/24 15:45,"349 Adams St, Atlanta, GA 30301"
212418,Macbook Pro Laptop,1,1700,06/20/24 15:49,"159 South St, Los Angeles, CA 90001"
212419,ThinkPad Laptop,1,999.99,06/19/24 16:37,"677 West St, San Francisco, CA 94016"
212420,Lightning Charging Cable,2,14.95,06/18/24 08:27,"788 Walnut St, San Francisco, CA 94016"
212421,34in Ultrawide Monitor,1,379.99,06/07/24 14:09,"160 Adams St, Dallas, TX 75001"
212422,Wired Headphones,1,11.99,06/02/24 11:11,"620 9th St, Austin, TX 73301"
212423,LG Washing Machine,1,600.0,06/25/24 18:22,"343 Dogwood St, Boston, MA 02215"
212424,AAA Batteries (4-pack),2,2.99,06/26/24 16:13,"938 Hickory St, Boston, MA 02215"
212425,Bose SoundSport Headphones,1,99.99,06/16/24 20:30,"988 7th St, New York City, NY 10001"
212426,Wired Headphones,1,11.99,06/25/24 08:51,"727 Cedar St, Portland, OR 97035"
212427,Wired Headphones,1,11.99,06/20/24 23:02,"922 Willow St, San Francisco, CA 94016"
212428,27in 4K Gaming Monitor,1,389.99,06/20/24 22:03,"532 Lake St, Portland, OR 97035"
212429,AA Batteries (4-pack),1,3.84,06/06/24 15:50,"725 7th St, San Francisco, CA 94016"
212430,Apple Airpods Headphones,1,150,06/28/24 16:29,"594 Cedar St, San Francisco, CA 94016"
212431,27in FHD Monitor,1,149.99,06/14/24 23:11,"66 Wilson St, Dallas, TX 75001"
212432,Apple Airpods Headphones,1,150,06/23/24 19:15,"761 Maple St, San Francisco, CA 94016"
212433,Wired Headphones,1,11.99,06/19/24 15:59,"718 Adams St, Boston, MA 02215"
212434,USB-C Charging Cable,1,11.95,06/28/24 09:43,"156 Lakeview St, Los Angeles, CA 90001"
212435,USB-C Charging Cable,1,11.95,06/28/24 11:21,"668 Maple St, Boston, MA 02215"
212436,iPhone,1,700,06/12/24 00:41,"924 11th St, Los Angeles, CA 90001"
212437,AAA Batteries (4-pack),2,2.99,06/14/24 12:28,"59 Lincoln St, Boston, MA 02215"
212438,ThinkPad Laptop,1,999.99,06/05/24 22:48,"52 Main St, Los Angeles, CA 90001"
212439,AA Batteries (4-pack),1,3.84,06/19/24 08:47,"988 West St, Dallas, TX 75001"
212440,Vareebadd Phone,1,400,06/23/24 13:33,"585 Center St, Austin, TX 73301"
212441,USB-C Charging Cable,1,11.95,06/16/24 00:39,"298 Hickory St, San Francisco, CA 94016"
212442,USB-C Charging Cable,1,11.95,06/24/24 12:48,"117 14th St, Portland, OR 97035"
212443,Wired Headphones,1,11.99,06/10/24 10:53,"567 Main St, San Francisco, CA 94016"
212444,AAA Batteries (4-pack),1,2.99,06/17/24 01:44,"230 Jackson St, San Francisco, CA 94016"
212445,USB-C Charging Cable,1,11.95,06/18/24 23:00,"474 Jefferson St, Los Angeles, CA 90001"
212446,34in Ultrawide Monitor,1,379.99,06/27/24 12:16,"477 13th St, Boston, MA 02215"
212447,Lightning Charging Cable,1,14.95,06/13/24 20:22,"857 Lincoln St, Los Angeles, CA 90001"
212448,Bose SoundSport Headphones,1,99.99,06/04/24 17:25,"349 Cedar St, New York City, NY 10001"
212449,AAA Batteries (4-pack),1,2.99,06/24/24 12:17,"915 Johnson St, Boston, MA 02215"
212450,Apple Airpods Headphones,1,150,06/09/24 16:53,"418 9th St, New York City, NY 10001"
212451,Flatscreen TV,1,300,06/24/24 17:36,"121 Lincoln St, Boston, MA 02215"
212452,Apple Airpods Headphones,1,150,06/20/24 22:16,"239 Hill St, San Francisco, CA 94016"
212453,AA Batteries (4-pack),1,3.84,06/24/24 14:37,"504 8th St, Boston, MA 02215"
212454,USB-C Charging Cable,2,11.95,06/12/24 10:48,"728 North St, San Francisco, CA 94016"
212455,Wired Headphones,1,11.99,06/02/24 13:13,"577 Jackson St, Boston, MA 02215"
212456,USB-C Charging Cable,1,11.95,06/11/24 12:43,"891 12th St, Atlanta, GA 30301"
212456,Apple Airpods Headphones,1,150,06/11/24 12:43,"891 12th St, Atlanta, GA 30301"
212457,AAA Batteries (4-pack),1,2.99,06/10/24 11:26,"631 Sunset St, Dallas, TX 75001"
212458,USB-C Charging Cable,2,11.95,06/20/24 22:00,"656 South St, San Francisco, CA 94016"
212459,AA Batteries (4-pack),2,3.84,06/14/24 07:11,"734 Lake St, New York City, NY 10001"
212460,AA Batteries (4-pack),1,3.84,06/03/24 13:01,"966 8th St, New York City, NY 10001"
212461,USB-C Charging Cable,1,11.95,06/27/24 22:30,"413 Willow St, Los Angeles, CA 90001"
212462,Wired Headphones,1,11.99,06/16/24 12:04,"237 Lakeview St, San Francisco, CA 94016"
212463,Flatscreen TV,1,300,06/03/24 14:01,"359 Walnut St, San Francisco, CA 94016"
212464,AA Batteries (4-pack),1,3.84,06/07/24 18:45,"594 Elm St, New York City, NY 10001"
212465,Wired Headphones,1,11.99,06/19/24 14:16,"82 Jackson St, San Francisco, CA 94016"
212466,Wired Headphones,1,11.99,06/13/24 15:08,"106 7th St, Portland, OR 97035"
212467,Apple Airpods Headphones,1,150,06/28/24 10:57,"568 Center St, San Francisco, CA 94016"
212468,AA Batteries (4-pack),1,3.84,06/21/24 08:36,"996 Highland St, Dallas, TX 75001"
212469,AAA Batteries (4-pack),1,2.99,06/21/24 21:55,"944 Main St, Seattle, WA 98101"
212470,34in Ultrawide Monitor,1,379.99,06/28/24 07:47,"609 7th St, New York City, NY 10001"
212471,Lightning Charging Cable,1,14.95,06/12/24 18:41,"642 Walnut St, Austin, TX 73301"
212472,Bose SoundSport Headphones,1,99.99,06/15/24 13:03,"832 Main St, San Francisco, CA 94016"
212473,Wired Headphones,1,11.99,06/16/24 21:49,"530 Hill St, Atlanta, GA 30301"
212474,USB-C Charging Cable,1,11.95,06/15/24 17:48,"75 Spruce St, New York City, NY 10001"
212475,Apple Airpods Headphones,1,150,06/21/24 18:46,"285 Madison St, Dallas, TX 75001"
212476,Vareebadd Phone,1,400,06/07/24 15:25,"214 Dogwood St, Portland, OR 97035"
212476,USB-C Charging Cable,1,11.95,06/07/24 15:25,"214 Dogwood St, Portland, OR 97035"
212477,AA Batteries (4-pack),1,3.84,06/21/24 15:58,"263 River St, San Francisco, CA 94016"
212478,AA Batteries (4-pack),1,3.84,06/15/24 12:11,"463 Hill St, New York City, NY 10001"
212479,iPhone,1,700,06/25/24 18:55,"436 6th St, San Francisco, CA 94016"
212480,USB-C Charging Cable,2,11.95,06/04/24 17:26,"957 Spruce St, Boston, MA 02215"
212481,AAA Batteries (4-pack),1,2.99,06/27/24 23:09,"185 Jefferson St, Seattle, WA 98101"
212482,Apple Airpods Headphones,1,150,06/13/24 20:11,"538 5th St, Los Angeles, CA 90001"
212483,AA Batteries (4-pack),1,3.84,06/15/24 19:35,"100 Forest St, Portland, OR 97035"
212484,iPhone,1,700,06/14/24 16:02,"812 14th St, Los Angeles, CA 90001"
212485,Macbook Pro Laptop,1,1700,06/25/24 18:35,"323 2nd St, Los Angeles, CA 90001"
212486,Wired Headphones,1,11.99,06/23/24 21:47,"424 12th St, Atlanta, GA 30301"
212487,Bose SoundSport Headphones,1,99.99,06/17/24 12:57,"543 Hickory St, San Francisco, CA 94016"
212488,34in Ultrawide Monitor,1,379.99,06/09/24 10:41,"952 Pine St, Portland, OR 97035"
212489,Bose SoundSport Headphones,1,99.99,06/22/24 19:49,"866 8th St, New York City, NY 10001"
212490,AA Batteries (4-pack),1,3.84,06/09/24 22:30,"458 8th St, Los Angeles, CA 90001"
212491,Bose SoundSport Headphones,1,99.99,06/27/24 18:42,"340 11th St, San Francisco, CA 94016"
212492,AAA Batteries (4-pack),2,2.99,06/13/24 21:16,"655 Center St, San Francisco, CA 94016"
212493,Wired Headphones,1,11.99,06/28/24 08:01,"347 North St, Atlanta, GA 30301"
212494,Bose SoundSport Headphones,1,99.99,06/02/24 23:03,"848 10th St, Boston, MA 02215"
212495,USB-C Charging Cable,1,11.95,06/28/24 10:39,"822 Dogwood St, Portland, ME 04101"
212496,Lightning Charging Cable,1,14.95,06/18/24 15:40,"467 Pine St, Los Angeles, CA 90001"
212497,AAA Batteries (4-pack),1,2.99,06/09/24 16:50,"852 Cherry St, Dallas, TX 75001"
212498,34in Ultrawide Monitor,1,379.99,06/04/24 17:44,"338 Cedar St, Boston, MA 02215"
212499,AA Batteries (4-pack),2,3.84,06/12/24 21:10,"532 Park St, Austin, TX 73301"
212500,Lightning Charging Cable,1,14.95,06/15/24 14:05,"470 West St, San Francisco, CA 94016"
212501,34in Ultrawide Monitor,1,379.99,06/11/24 18:20,"269 Lakeview St, San Francisco, CA 94016"
212502,Wired Headphones,1,11.99,06/15/24 18:35,"463 Church St, Atlanta, GA 30301"
212502,Google Phone,1,600,06/15/24 18:35,"463 Church St, Atlanta, GA 30301"
212503,Flatscreen TV,1,300,06/25/24 13:23,"239 Lakeview St, Boston, MA 02215"
212504,Macbook Pro Laptop,1,1700,06/03/24 16:26,"769 Adams St, Boston, MA 02215"
212505,iPhone,1,700,06/26/24 08:37,"786 Madison St, San Francisco, CA 94016"
212506,iPhone,1,700,06/30/24 19:28,"54 Pine St, Boston, MA 02215"
212507,ThinkPad Laptop,1,999.99,06/21/24 22:08,"690 Cedar St, Austin, TX 73301"
212508,Flatscreen TV,1,300,06/25/24 16:47,"893 Cherry St, Los Angeles, CA 90001"
212509,34in Ultrawide Monitor,1,379.99,06/29/24 14:00,"826 Lakeview St, Boston, MA 02215"
212510,iPhone,1,700,06/21/24 17:14,"794 Lake St, Atlanta, GA 30301"
212511,AA Batteries (4-pack),1,3.84,06/16/24 23:29,"308 11th St, Los Angeles, CA 90001"
212512,Google Phone,1,600,06/10/24 20:47,"568 Park St, Atlanta, GA 30301"
212512,Wired Headphones,1,11.99,06/10/24 20:47,"568 Park St, Atlanta, GA 30301"
212513,Apple Airpods Headphones,1,150,06/05/24 14:38,"951 Lake St, Atlanta, GA 30301"
212514,AAA Batteries (4-pack),1,2.99,06/23/24 00:42,"691 Cedar St, San Francisco, CA 94016"
212515,27in 4K Gaming Monitor,1,389.99,06/23/24 17:47,"729 Forest St, Boston, MA 02215"
212515,AAA Batteries (4-pack),1,2.99,06/23/24 17:47,"729 Forest St, Boston, MA 02215"
212516,iPhone,1,700,06/29/24 11:07,"976 West St, Los Angeles, CA 90001"
212517,Wired Headphones,1,11.99,06/29/24 07:58,"702 Washington St, Boston, MA 02215"
212518,Lightning Charging Cable,1,14.95,06/09/24 22:30,"282 Meadow St, Portland, OR 97035"
212519,USB-C Charging Cable,1,11.95,06/17/24 10:42,"63 Ridge St, San Francisco, CA 94016"
212520,Lightning Charging Cable,1,14.95,06/10/24 07:00,"959 Meadow St, San Francisco, CA 94016"
212521,27in FHD Monitor,1,149.99,06/29/24 01:11,"384 Ridge St, Austin, TX 73301"
212522,Lightning Charging Cable,1,14.95,06/18/24 22:26,"190 Center St, Seattle, WA 98101"
212523,Lightning Charging Cable,1,14.95,06/05/24 19:42,"934 6th St, San Francisco, CA 94016"
212524,Lightning Charging Cable,1,14.95,06/16/24 19:26,"586 14th St, San Francisco, CA 94016"
212525,Apple Airpods Headphones,1,150,06/08/24 14:53,"874 Walnut St, New York City, NY 10001"
212526,Apple Airpods Headphones,1,150,06/05/24 21:05,"925 Adams St, Los Angeles, CA 90001"
212527,34in Ultrawide Monitor,1,379.99,06/23/24 19:08,"989 Ridge St, Los Angeles, CA 90001"
212528,Wired Headphones,2,11.99,06/01/24 20:32,"569 Hickory St, Austin, TX 73301"
212529,Bose SoundSport Headphones,1,99.99,06/18/24 00:07,"94 Park St, New York City, NY 10001"
212530,Google Phone,1,600,06/05/24 12:50,"780 Park St, Atlanta, GA 30301"
212531,Wired Headphones,1,11.99,06/27/24 11:52,"810 7th St, Los Angeles, CA 90001"
212532,Apple Airpods Headphones,1,150,06/01/24 16:45,"676 Center St, New York City, NY 10001"
212533,Wired Headphones,1,11.99,06/25/24 15:10,"198 Hill St, Los Angeles, CA 90001"
212534,AA Batteries (4-pack),2,3.84,06/02/24 12:06,"503 South St, Seattle, WA 98101"
212535,Lightning Charging Cable,1,14.95,06/22/24 16:09,"939 13th St, Los Angeles, CA 90001"
212536,USB-C Charging Cable,1,11.95,06/22/24 16:39,"912 Wilson St, Portland, OR 97035"
212537,AAA Batteries (4-pack),1,2.99,06/19/24 17:07,"688 13th St, New York City, NY 10001"
212538,AAA Batteries (4-pack),4,2.99,06/13/24 08:54,"159 Chestnut St, Portland, OR 97035"
212539,Wired Headphones,1,11.99,06/14/24 18:25,"649 14th St, San Francisco, CA 94016"
212540,Macbook Pro Laptop,1,1700,06/13/24 15:03,"435 Center St, Los Angeles, CA 90001"
212541,LG Washing Machine,1,600.0,06/12/24 10:38,"51 7th St, Atlanta, GA 30301"
212542,Bose SoundSport Headphones,1,99.99,06/14/24 17:07,"808 Washington St, Portland, OR 97035"
212543,Google Phone,1,600,06/05/24 11:31,"566 Hill St, Seattle, WA 98101"
212544,iPhone,1,700,06/19/24 19:53,"983 Johnson St, San Francisco, CA 94016"
212544,Wired Headphones,2,11.99,06/19/24 19:53,"983 Johnson St, San Francisco, CA 94016"
212545,27in 4K Gaming Monitor,1,389.99,06/25/24 18:59,"83 Meadow St, San Francisco, CA 94016"
212546,Apple Airpods Headphones,1,150,06/04/24 00:42,"126 6th St, Portland, ME 04101"
212546,Bose SoundSport Headphones,1,99.99,06/04/24 00:42,"126 6th St, Portland, ME 04101"
212547,AAA Batteries (4-pack),1,2.99,06/20/24 00:11,"880 Center St, San Francisco, CA 94016"
212548,Wired Headphones,1,11.99,06/04/24 23:50,"657 Adams St, Dallas, TX 75001"
212549,Lightning Charging Cable,2,14.95,06/22/24 15:00,"249 Hickory St, San Francisco, CA 94016"
212550,20in Monitor,1,109.99,06/21/24 21:42,"606 Madison St, Boston, MA 02215"
212551,ThinkPad Laptop,1,999.99,06/30/24 14:57,"586 Highland St, New York City, NY 10001"
212552,AA Batteries (4-pack),1,3.84,06/16/24 23:10,"323 Lake St, San Francisco, CA 94016"
212553,Apple Airpods Headphones,1,150,06/11/24 23:05,"286 Jefferson St, San Francisco, CA 94016"
212554,iPhone,1,700,06/07/24 19:17,"347 Jefferson St, San Francisco, CA 94016"
212555,Apple Airpods Headphones,1,150,06/27/24 10:51,"967 12th St, Austin, TX 73301"
212556,USB-C Charging Cable,1,11.95,06/09/24 14:32,"42 Cherry St, Boston, MA 02215"
212557,AA Batteries (4-pack),1,3.84,06/07/24 09:01,"370 6th St, Portland, OR 97035"
212558,AAA Batteries (4-pack),1,2.99,06/27/24 10:35,"943 Dogwood St, San Francisco, CA 94016"
212559,AAA Batteries (4-pack),1,2.99,06/28/24 23:09,"658 Hickory St, Atlanta, GA 30301"
212560,27in FHD Monitor,1,149.99,06/24/24 09:56,"882 Johnson St, New York City, NY 10001"
212561,USB-C Charging Cable,1,11.95,06/26/24 01:08,"379 Madison St, New York City, NY 10001"
212562,ThinkPad Laptop,1,999.99,06/08/24 13:30,"756 Highland St, Seattle, WA 98101"
212563,Flatscreen TV,1,300,06/22/24 18:21,"55 Pine St, San Francisco, CA 94016"
212564,Lightning Charging Cable,1,14.95,06/06/24 19:00,"201 Jackson St, San Francisco, CA 94016"
212565,AAA Batteries (4-pack),1,2.99,06/15/24 09:26,"143 11th St, San Francisco, CA 94016"
212566,Lightning Charging Cable,1,14.95,06/16/24 14:49,"456 North St, Seattle, WA 98101"
212567,AA Batteries (4-pack),1,3.84,06/04/24 22:38,"565 Maple St, Boston, MA 02215"
212568,iPhone,1,700,06/24/24 15:53,"405 Ridge St, San Francisco, CA 94016"
212569,34in Ultrawide Monitor,1,379.99,06/29/24 17:56,"173 10th St, Seattle, WA 98101"
212570,Google Phone,1,600,06/08/24 21:44,"964 River St, Portland, OR 97035"
212571,AA Batteries (4-pack),2,3.84,06/11/24 16:26,"601 Forest St, Atlanta, GA 30301"
212572,34in Ultrawide Monitor,1,379.99,06/09/24 23:05,"605 2nd St, San Francisco, CA 94016"
212573,Flatscreen TV,1,300,06/07/24 10:51,"776 7th St, Seattle, WA 98101"
212574,USB-C Charging Cable,1,11.95,06/07/24 10:12,"940 Jefferson St, Dallas, TX 75001"
212575,27in FHD Monitor,1,149.99,06/06/24 16:29,"747 Cedar St, New York City, NY 10001"
212576,Google Phone,1,600,06/03/24 16:37,"38 Hickory St, Seattle, WA 98101"
212576,Wired Headphones,1,11.99,06/03/24 16:37,"38 Hickory St, Seattle, WA 98101"
212577,Bose SoundSport Headphones,1,99.99,06/07/24 11:38,"3 Park St, Boston, MA 02215"
212578,27in FHD Monitor,1,149.99,06/13/24 19:07,"718 2nd St, Los Angeles, CA 90001"
,,,,,
212579,Lightning Charging Cable,1,14.95,06/26/24 20:29,"553 Spruce St, San Francisco, CA 94016"
212580,AAA Batteries (4-pack),1,2.99,06/15/24 13:46,"864 Spruce St, New York City, NY 10001"
212581,Wired Headphones,1,11.99,06/06/24 20:00,"456 Chestnut St, New York City, NY 10001"
212582,AA Batteries (4-pack),1,3.84,06/06/24 23:07,"550 Walnut St, New York City, NY 10001"
212583,Apple Airpods Headphones,1,150,06/14/24 18:57,"260 Jackson St, New York City, NY 10001"
212584,Lightning Charging Cable,1,14.95,06/28/24 12:35,"216 Cherry St, Dallas, TX 75001"
212585,ThinkPad Laptop,1,999.99,06/06/24 20:29,"194 West St, Seattle, WA 98101"
212586,AA Batteries (4-pack),1,3.84,06/23/24 19:54,"470 Sunset St, Boston, MA 02215"
212587,Bose SoundSport Headphones,1,99.99,06/26/24 11:55,"927 Lake St, San Francisco, CA 94016"
212588,USB-C Charging Cable,1,11.95,06/03/24 16:47,"729 Church St, San Francisco, CA 94016"
212589,Apple Airpods Headphones,1,150,06/23/24 12:11,"577 6th St, Dallas, TX 75001"
212590,27in 4K Gaming Monitor,1,389.99,06/06/24 16:52,"168 Meadow St, Dallas, TX 75001"
212591,27in FHD Monitor,1,149.99,06/01/24 22:29,"748 Hill St, Los Angeles, CA 90001"
212592,27in FHD Monitor,1,149.99,06/10/24 22:02,"12 Cedar St, San Francisco, CA 94016"
212593,Wired Headphones,1,11.99,06/04/24 19:39,"541 Hill St, Atlanta, GA 30301"
212594,USB-C Charging Cable,1,11.95,06/30/24 09:22,"999 Hill St, Los Angeles, CA 90001"
212595,Macbook Pro Laptop,1,1700,06/01/24 19:11,"479 Pine St, Atlanta, GA 30301"
212596,27in FHD Monitor,1,149.99,06/13/24 20:07,"159 Lincoln St, San Francisco, CA 94016"
212597,Wired Headphones,1,11.99,06/18/24 08:13,"997 Chestnut St, Los Angeles, CA 90001"
212598,Flatscreen TV,1,300,06/15/24 22:36,"880 Church St, Los Angeles, CA 90001"
212599,USB-C Charging Cable,1,11.95,06/21/24 10:31,"830 2nd St, Atlanta, GA 30301"
212600,Lightning Charging Cable,1,14.95,06/16/24 18:38,"720 Willow St, New York City, NY 10001"
212601,Apple Airpods Headphones,1,150,06/03/24 21:44,"679 Lincoln St, Los Angeles, CA 90001"
212602,AA Batteries (4-pack),1,3.84,06/29/24 14:30,"303 Center St, Los Angeles, CA 90001"
212603,27in 4K Gaming Monitor,1,389.99,06/09/24 04:12,"24 Sunset St, Boston, MA 02215"
212604,27in FHD Monitor,1,149.99,07/01/24 00:50,"449 Church St, San Francisco, CA 94016"
212605,AA Batteries (4-pack),1,3.84,06/20/24 02:12,"634 11th St, Boston, MA 02215"
212606,ThinkPad Laptop,1,999.99,06/03/24 19:19,"134 Meadow St, San Francisco, CA 94016"
212607,USB-C Charging Cable,1,11.95,06/16/24 20:12,"763 Sunset St, New York City, NY 10001"
212608,Wired Headphones,2,11.99,06/08/24 16:24,"137 Cedar St, Seattle, WA 98101"
212609,AA Batteries (4-pack),1,3.84,06/08/24 08:03,"858 11th St, Seattle, WA 98101"
212610,Apple Airpods Headphones,1,150,06/16/24 09:01,"306 Highland St, New York City, NY 10001"
212611,Wired Headphones,1,11.99,06/19/24 17:38,"435 Washington St, New York City, NY 10001"
212612,ThinkPad Laptop,1,999.99,06/11/24 08:19,"965 Jefferson St, Seattle, WA 98101"
212613,Macbook Pro Laptop,1,1700,06/27/24 15:51,"116 12th St, New York City, NY 10001"
212614,USB-C Charging Cable,1,11.95,06/04/24 17:20,"921 Highland St, San Francisco, CA 94016"
212615,AA Batteries (4-pack),2,3.84,06/14/24 09:39,"264 14th St, New York City, NY 10001"
212616,AA Batteries (4-pack),1,3.84,06/10/24 13:50,"850 11th St, San Francisco, CA 94016"
212616,USB-C Charging Cable,1,11.95,06/10/24 13:50,"850 11th St, San Francisco, CA 94016"
212617,iPhone,1,700,06/14/24 21:23,"918 Dogwood St, Seattle, WA 98101"
212617,Wired Headphones,1,11.99,06/14/24 21:23,"918 Dogwood St, Seattle, WA 98101"
212618,AAA Batteries (4-pack),1,2.99,06/30/24 10:09,"279 Walnut St, San Francisco, CA 94016"
212619,Apple Airpods Headphones,1,150,06/07/24 21:14,"734 Park St, Atlanta, GA 30301"
212620,Lightning Charging Cable,1,14.95,06/20/24 08:58,"855 Forest St, Los Angeles, CA 90001"
212621,USB-C Charging Cable,1,11.95,06/24/24 17:27,"252 Lake St, Seattle, WA 98101"
212622,AAA Batteries (4-pack),1,2.99,06/18/24 21:19,"545 Lincoln St, Los Angeles, CA 90001"
212623,AA Batteries (4-pack),2,3.84,06/18/24 14:32,"350 Church St, Austin, TX 73301"
212624,iPhone,1,700,06/30/24 10:47,"109 4th St, New York City, NY 10001"
212624,Lightning Charging Cable,1,14.95,06/30/24 10:47,"109 4th St, New York City, NY 10001"
212625,Wired Headphones,3,11.99,06/07/24 12:30,"889 6th St, San Francisco, CA 94016"
212626,Macbook Pro Laptop,1,1700,06/02/24 01:06,"197 Sunset St, New York City, NY 10001"
212627,Lightning Charging Cable,1,14.95,06/17/24 15:43,"118 Spruce St, San Francisco, CA 94016"
212628,Apple Airpods Headphones,1,150,06/08/24 13:45,"857 7th St, Atlanta, GA 30301"
212629,Flatscreen TV,1,300,06/17/24 09:43,"617 8th St, Los Angeles, CA 90001"
212630,Wired Headphones,1,11.99,06/07/24 10:17,"829 Walnut St, Boston, MA 02215"
212631,Macbook Pro Laptop,1,1700,06/03/24 16:19,"523 Maple St, San Francisco, CA 94016"
212632,Lightning Charging Cable,1,14.95,06/18/24 16:56,"87 5th St, Los Angeles, CA 90001"
212633,USB-C Charging Cable,1,11.95,06/11/24 12:58,"704 8th St, Austin, TX 73301"
212634,Wired Headphones,1,11.99,06/04/24 16:29,"407 Hill St, Austin, TX 73301"
212635,AAA Batteries (4-pack),1,2.99,06/08/24 13:31,"207 Sunset St, Los Angeles, CA 90001"
212636,34in Ultrawide Monitor,1,379.99,06/08/24 10:48,"563 Park St, Seattle, WA 98101"
212637,USB-C Charging Cable,1,11.95,06/02/24 11:29,"434 South St, San Francisco, CA 94016"
212638,34in Ultrawide Monitor,1,379.99,06/14/24 22:40,"289 Park St, New York City, NY 10001"
212639,iPhone,1,700,06/17/24 23:40,"163 2nd St, San Francisco, CA 94016"
212640,USB-C Charging Cable,1,11.95,06/03/24 10:58,"415 11th St, Austin, TX 73301"
212641,Flatscreen TV,1,300,06/03/24 05:12,"41 13th St, San Francisco, CA 94016"
212642,Bose SoundSport Headphones,1,99.99,06/20/24 11:45,"357 Center St, San Francisco, CA 94016"
212643,USB-C Charging Cable,1,11.95,06/30/24 03:07,"767 Jackson St, Dallas, TX 75001"
212644,Wired Headphones,1,11.99,06/21/24 16:26,"493 Lincoln St, New York City, NY 10001"
212644,USB-C Charging Cable,1,11.95,06/21/24 16:26,"493 Lincoln St, New York City, NY 10001"
212645,USB-C Charging Cable,1,11.95,06/24/24 18:03,"114 5th St, Boston, MA 02215"
212646,Wired Headphones,1,11.99,06/13/24 06:38,"350 Hickory St, San Francisco, CA 94016"
212647,Wired Headphones,1,11.99,06/30/24 21:37,"443 Lakeview St, Los Angeles, CA 90001"
212648,Wired Headphones,1,11.99,06/23/24 09:44,"100 8th St, Austin, TX 73301"
212649,AA Batteries (4-pack),4,3.84,06/14/24 15:58,"589 Ridge St, Atlanta, GA 30301"
212650,Apple Airpods Headphones,1,150,06/06/24 18:09,"97 Walnut St, Atlanta, GA 30301"
212651,AAA Batteries (4-pack),2,2.99,06/12/24 10:36,"851 1st St, Dallas, TX 75001"
212652,27in 4K Gaming Monitor,1,389.99,06/19/24 06:37,"413 Forest St, New York City, NY 10001"
212653,USB-C Charging Cable,1,11.95,06/03/24 16:40,"17 11th St, Austin, TX 73301"
212654,34in Ultrawide Monitor,1,379.99,06/19/24 09:12,"286 North St, New York City, NY 10001"
212655,Apple Airpods Headphones,1,150,06/02/24 17:52,"62 12th St, New York City, NY 10001"
212656,iPhone,1,700,06/02/24 15:14,"691 Forest St, Los Angeles, CA 90001"
212657,ThinkPad Laptop,1,999.99,06/28/24 21:29,"670 Maple St, San Francisco, CA 94016"
212658,AA Batteries (4-pack),1,3.84,06/11/24 01:50,"820 West St, Dallas, TX 75001"
212659,34in Ultrawide Monitor,1,379.99,06/15/24 22:25,"78 13th St, Seattle, WA 98101"
212660,Flatscreen TV,1,300,06/26/24 13:52,"590 Lincoln St, San Francisco, CA 94016"
212661,AA Batteries (4-pack),2,3.84,06/08/24 11:18,"733 Meadow St, Atlanta, GA 30301"
212662,Bose SoundSport Headphones,1,99.99,06/30/24 11:05,"341 14th St, San Francisco, CA 94016"
212663,ThinkPad Laptop,1,999.99,06/10/24 11:31,"734 11th St, Dallas, TX 75001"
212664,Bose SoundSport Headphones,1,99.99,06/22/24 01:26,"332 River St, New York City, NY 10001"
212665,iPhone,1,700,06/16/24 20:08,"120 Maple St, Los Angeles, CA 90001"
212666,ThinkPad Laptop,1,999.99,06/11/24 11:28,"700 Cherry St, Boston, MA 02215"
212667,USB-C Charging Cable,1,11.95,06/13/24 22:30,"580 Center St, San Francisco, CA 94016"
212668,Macbook Pro Laptop,1,1700,06/03/24 13:00,"873 Hickory St, Portland, OR 97035"
212669,AA Batteries (4-pack),1,3.84,06/19/24 17:38,"798 Maple St, Boston, MA 02215"
212670,Google Phone,1,600,06/01/24 17:41,"130 Wilson St, Portland, OR 97035"
212671,Apple Airpods Headphones,1,150,06/26/24 13:12,"456 Chestnut St, Portland, OR 97035"
212672,Lightning Charging Cable,1,14.95,06/02/24 22:29,"781 Church St, Boston, MA 02215"
212673,Apple Airpods Headphones,1,150,06/30/24 18:33,"186 West St, San Francisco, CA 94016"
212674,27in 4K Gaming Monitor,1,389.99,06/14/24 07:50,"415 6th St, Seattle, WA 98101"
212675,AAA Batteries (4-pack),1,2.99,06/04/24 00:23,"919 Maple St, Los Angeles, CA 90001"
212676,iPhone,1,700,06/19/24 21:38,"604 Wilson St, Los Angeles, CA 90001"
212677,USB-C Charging Cable,2,11.95,06/29/24 18:20,"554 Hickory St, Boston, MA 02215"
212678,Lightning Charging Cable,1,14.95,06/09/24 19:31,"16 Jefferson St, Los Angeles, CA 90001"
212679,Wired Headphones,1,11.99,06/14/24 10:31,"69 Pine St, Los Angeles, CA 90001"
212680,Lightning Charging Cable,1,14.95,06/05/24 14:03,"271 Lake St, Boston, MA 02215"
212681,AAA Batteries (4-pack),3,2.99,06/24/24 14:54,"827 4th St, Boston, MA 02215"
212682,USB-C Charging Cable,1,11.95,06/15/24 14:42,"892 Sunset St, Dallas, TX 75001"
212683,Bose SoundSport Headphones,1,99.99,06/11/24 17:09,"212 Maple St, Boston, MA 02215"
212684,27in FHD Monitor,1,149.99,06/20/24 11:25,"299 Center St, Los Angeles, CA 90001"
212685,Wired Headphones,2,11.99,06/10/24 18:31,"234 Dogwood St, Austin, TX 73301"
212686,27in 4K Gaming Monitor,1,389.99,06/30/24 19:24,"305 Ridge St, Portland, OR 97035"
212687,Lightning Charging Cable,1,14.95,06/12/24 10:08,"273 1st St, New York City, NY 10001"
212688,USB-C Charging Cable,1,11.95,06/23/24 19:28,"742 Meadow St, San Francisco, CA 94016"
212689,Lightning Charging Cable,1,14.95,06/12/24 13:49,"556 Wilson St, Atlanta, GA 30301"
212690,20in Monitor,1,109.99,06/29/24 20:01,"919 Ridge St, San Francisco, CA 94016"
212691,Wired Headphones,1,11.99,06/12/24 07:56,"842 Adams St, San Francisco, CA 94016"
212692,20in Monitor,1,109.99,06/05/24 19:17,"877 Lincoln St, Seattle, WA 98101"
212693,iPhone,1,700,06/18/24 23:56,"603 West St, Seattle, WA 98101"
212694,Wired Headphones,1,11.99,06/13/24 19:12,"538 Jackson St, New York City, NY 10001"
212695,AAA Batteries (4-pack),1,2.99,06/01/24 19:24,"96 Dogwood St, New York City, NY 10001"
212696,Macbook Pro Laptop,1,1700,06/12/24 23:33,"931 Cherry St, Dallas, TX 75001"
212697,27in FHD Monitor,1,149.99,06/17/24 11:38,"438 10th St, Boston, MA 02215"
212698,AAA Batteries (4-pack),1,2.99,06/16/24 10:26,"7 Chestnut St, San Francisco, CA 94016"
212699,Bose SoundSport Headphones,1,99.99,06/02/24 19:44,"525 Willow St, San Francisco, CA 94016"
212700,USB-C Charging Cable,1,11.95,06/05/24 17:02,"639 6th St, Los Angeles, CA 90001"
212701,20in Monitor,1,109.99,06/03/24 13:58,"434 River St, New York City, NY 10001"
212702,AA Batteries (4-pack),1,3.84,06/11/24 22:29,"602 8th St, Boston, MA 02215"
212703,USB-C Charging Cable,1,11.95,06/13/24 19:31,"449 4th St, Atlanta, GA 30301"
212704,Lightning Charging Cable,1,14.95,06/11/24 14:07,"181 Hickory St, San Francisco, CA 94016"
212705,Macbook Pro Laptop,1,1700,06/26/24 19:33,"971 2nd St, Los Angeles, CA 90001"
212706,Apple Airpods Headphones,1,150,06/06/24 12:35,"330 14th St, San Francisco, CA 94016"
212707,AA Batteries (4-pack),2,3.84,06/24/24 12:17,"769 Washington St, Boston, MA 02215"
212708,Wired Headphones,1,11.99,06/03/24 16:27,"846 Wilson St, San Francisco, CA 94016"
212709,AA Batteries (4-pack),1,3.84,06/01/24 22:14,"454 Chestnut St, San Francisco, CA 94016"
212710,USB-C Charging Cable,1,11.95,06/29/24 16:09,"538 9th St, Portland, OR 97035"
212711,27in FHD Monitor,1,149.99,06/29/24 18:20,"856 Highland St, Atlanta, GA 30301"
212712,20in Monitor,1,109.99,06/07/24 18:12,"981 2nd St, Austin, TX 73301"
212713,Apple Airpods Headphones,1,150,06/18/24 20:08,"541 Jackson St, Los Angeles, CA 90001"
212714,27in 4K Gaming Monitor,1,389.99,06/19/24 21:55,"966 9th St, Boston, MA 02215"
212715,AA Batteries (4-pack),1,3.84,06/10/24 10:32,"556 Maple St, Portland, OR 97035"
212716,Wired Headphones,1,11.99,06/17/24 23:05,"40 Adams St, Los Angeles, CA 90001"
212717,27in FHD Monitor,1,149.99,06/06/24 02:41,"594 13th St, San Francisco, CA 94016"
212718,AAA Batteries (4-pack),2,2.99,06/02/24 07:48,"869 1st St, Atlanta, GA 30301"
212719,AA Batteries (4-pack),1,3.84,06/28/24 07:40,"572 Forest St, San Francisco, CA 94016"
212720,AA Batteries (4-pack),1,3.84,06/23/24 08:59,"224 Meadow St, Los Angeles, CA 90001"
212721,Bose SoundSport Headphones,1,99.99,06/11/24 18:26,"437 4th St, Seattle, WA 98101"
212722,iPhone,1,700,06/28/24 17:56,"968 Lakeview St, Portland, ME 04101"
212723,USB-C Charging Cable,1,11.95,06/01/24 13:32,"520 Meadow St, New York City, NY 10001"
212724,Bose SoundSport Headphones,1,99.99,06/12/24 16:41,"721 Spruce St, Boston, MA 02215"
212725,Apple Airpods Headphones,1,150,06/05/24 14:33,"891 Main St, San Francisco, CA 94016"
212726,20in Monitor,1,109.99,06/12/24 08:26,"107 Wilson St, San Francisco, CA 94016"
212727,Bose SoundSport Headphones,1,99.99,06/11/24 09:36,"546 Chestnut St, New York City, NY 10001"
212728,AA Batteries (4-pack),3,3.84,06/05/24 15:12,"130 Chestnut St, Boston, MA 02215"
212729,34in Ultrawide Monitor,1,379.99,06/14/24 10:57,"915 Walnut St, New York City, NY 10001"
212730,Macbook Pro Laptop,1,1700,06/02/24 12:47,"566 Chestnut St, San Francisco, CA 94016"
212731,Bose SoundSport Headphones,1,99.99,06/27/24 11:09,"288 Wilson St, Boston, MA 02215"
212732,Lightning Charging Cable,1,14.95,06/12/24 19:41,"919 12th St, New York City, NY 10001"
212733,USB-C Charging Cable,1,11.95,06/10/24 20:40,"947 Meadow St, Atlanta, GA 30301"
212734,Apple Airpods Headphones,1,150,06/29/24 15:10,"618 8th St, San Francisco, CA 94016"
212735,AA Batteries (4-pack),1,3.84,06/09/24 08:34,"939 Cherry St, San Francisco, CA 94016"
212736,Bose SoundSport Headphones,1,99.99,06/24/24 03:19,"890 Cherry St, San Francisco, CA 94016"
212737,USB-C Charging Cable,2,11.95,06/17/24 18:42,"929 Park St, Dallas, TX 75001"
212738,Bose SoundSport Headphones,1,99.99,06/02/24 23:10,"231 Spruce St, New York City, NY 10001"
212739,USB-C Charging Cable,1,11.95,06/17/24 19:45,"569 8th St, Los Angeles, CA 90001"
212740,Apple Airpods Headphones,1,150,06/24/24 10:46,"392 Willow St, Seattle, WA 98101"
212741,USB-C Charging Cable,1,11.95,06/12/24 20:09,"807 Lincoln St, New York City, NY 10001"
212742,Wired Headphones,1,11.99,06/18/24 09:43,"159 River St, New York City, NY 10001"
212743,27in 4K Gaming Monitor,1,389.99,06/04/24 16:39,"137 12th St, San Francisco, CA 94016"
212744,Macbook Pro Laptop,1,1700,06/02/24 13:18,"264 Lake St, New York City, NY 10001"
212745,iPhone,1,700,06/09/24 14:01,"13 Chestnut St, Seattle, WA 98101"
212745,Lightning Charging Cable,1,14.95,06/09/24 14:01,"13 Chestnut St, Seattle, WA 98101"
212746,AA Batteries (4-pack),2,3.84,06/05/24 10:54,"121 Maple St, Portland, ME 04101"
212747,AA Batteries (4-pack),2,3.84,06/15/24 19:50,"832 7th St, Seattle, WA 98101"
212748,AA Batteries (4-pack),3,3.84,06/13/24 16:00,"711 Church St, San Francisco, CA 94016"
212749,Lightning Charging Cable,1,14.95,06/09/24 21:57,"725 12th St, New York City, NY 10001"
212750,AA Batteries (4-pack),1,3.84,06/20/24 22:06,"104 Washington St, New York City, NY 10001"
212751,AA Batteries (4-pack),1,3.84,06/12/24 09:41,"11 Jackson St, Portland, OR 97035"
212752,iPhone,1,700,06/06/24 07:01,"748 2nd St, Boston, MA 02215"
212753,Google Phone,1,600,06/12/24 16:52,"581 Chestnut St, Atlanta, GA 30301"
212753,USB-C Charging Cable,1,11.95,06/12/24 16:52,"581 Chestnut St, Atlanta, GA 30301"
212753,Wired Headphones,1,11.99,06/12/24 16:52,"581 Chestnut St, Atlanta, GA 30301"
212754,34in Ultrawide Monitor,1,379.99,06/09/24 19:43,"624 13th St, New York City, NY 10001"
212755,USB-C Charging Cable,1,11.95,06/07/24 22:23,"332 10th St, San Francisco, CA 94016"
212756,AAA Batteries (4-pack),1,2.99,06/22/24 20:35,"240 14th St, Boston, MA 02215"
212756,Wired Headphones,2,11.99,06/22/24 20:35,"240 14th St, Boston, MA 02215"
212757,AA Batteries (4-pack),2,3.84,06/14/24 18:19,"925 Adams St, Atlanta, GA 30301"
212758,Google Phone,1,600,06/14/24 04:17,"999 Jackson St, Austin, TX 73301"
212758,USB-C Charging Cable,1,11.95,06/14/24 04:17,"999 Jackson St, Austin, TX 73301"
212759,Wired Headphones,1,11.99,06/26/24 16:35,"306 13th St, San Francisco, CA 94016"
212759,USB-C Charging Cable,2,11.95,06/26/24 16:35,"306 13th St, San Francisco, CA 94016"
212760,Apple Airpods Headphones,1,150,06/26/24 18:41,"80 Lincoln St, Austin, TX 73301"
212761,AA Batteries (4-pack),1,3.84,06/14/24 16:57,"92 Sunset St, Boston, MA 02215"
212762,AAA Batteries (4-pack),1,2.99,06/26/24 14:07,"457 Elm St, Austin, TX 73301"
212763,AAA Batteries (4-pack),1,2.99,06/24/24 05:13,"907 Cedar St, Seattle, WA 98101"
212764,27in 4K Gaming Monitor,1,389.99,06/19/24 14:16,"997 Jefferson St, Dallas, TX 75001"
212765,Flatscreen TV,1,300,06/28/24 22:56,"212 Lake St, Portland, OR 97035"
212766,AAA Batteries (4-pack),2,2.99,06/21/24 01:50,"635 12th St, Austin, TX 73301"
212767,Google Phone,1,600,06/23/24 21:53,"788 12th St, Boston, MA 02215"
212768,AA Batteries (4-pack),1,3.84,06/16/24 23:22,"563 Hill St, Atlanta, GA 30301"
212769,AA Batteries (4-pack),1,3.84,06/30/24 21:39,"532 Washington St, San Francisco, CA 94016"
212770,USB-C Charging Cable,1,11.95,06/20/24 08:02,"522 4th St, Dallas, TX 75001"
212771,USB-C Charging Cable,1,11.95,06/28/24 13:57,"922 2nd St, Portland, OR 97035"
212772,USB-C Charging Cable,1,11.95,06/23/24 10:01,"766 Forest St, Los Angeles, CA 90001"
212773,iPhone,1,700,06/24/24 17:52,"855 11th St, San Francisco, CA 94016"
212774,Vareebadd Phone,1,400,06/06/24 11:03,"464 Park St, Seattle, WA 98101"
212774,USB-C Charging Cable,1,11.95,06/06/24 11:03,"464 Park St, Seattle, WA 98101"
212774,Bose SoundSport Headphones,1,99.99,06/06/24 11:03,"464 Park St, Seattle, WA 98101"
212775,AAA Batteries (4-pack),3,2.99,06/16/24 00:31,"307 Highland St, Dallas, TX 75001"
212776,Apple Airpods Headphones,1,150,06/22/24 09:54,"894 Lakeview St, Portland, OR 97035"
212777,Apple Airpods Headphones,1,150,06/26/24 18:40,"923 Lincoln St, Seattle, WA 98101"
212778,USB-C Charging Cable,1,11.95,06/28/24 17:28,"248 Walnut St, San Francisco, CA 94016"
212779,Google Phone,1,600,06/07/24 16:07,"969 Lincoln St, Seattle, WA 98101"
212780,USB-C Charging Cable,1,11.95,06/18/24 16:59,"536 Maple St, Seattle, WA 98101"
212781,AAA Batteries (4-pack),3,2.99,06/22/24 22:23,"360 Wilson St, Dallas, TX 75001"
212782,27in 4K Gaming Monitor,1,389.99,06/12/24 17:17,"286 10th St, New York City, NY 10001"
212783,Wired Headphones,1,11.99,06/26/24 13:40,"118 Johnson St, Dallas, TX 75001"
212784,Apple Airpods Headphones,1,150,06/23/24 02:31,"24 Wilson St, New York City, NY 10001"
212785,Apple Airpods Headphones,1,150,06/27/24 14:05,"693 Chestnut St, Boston, MA 02215"
212786,AA Batteries (4-pack),1,3.84,06/09/24 09:32,"714 10th St, New York City, NY 10001"
212787,USB-C Charging Cable,1,11.95,06/02/24 11:34,"707 8th St, San Francisco, CA 94016"
212788,Bose SoundSport Headphones,1,99.99,06/08/24 16:09,"331 2nd St, Boston, MA 02215"
212789,AA Batteries (4-pack),1,3.84,06/27/24 23:41,"521 Elm St, San Francisco, CA 94016"
212790,USB-C Charging Cable,2,11.95,06/16/24 22:15,"374 13th St, Seattle, WA 98101"
212791,Wired Headphones,1,11.99,06/23/24 14:54,"987 2nd St, Dallas, TX 75001"
212792,27in FHD Monitor,1,149.99,06/30/24 14:42,"12 Hill St, Austin, TX 73301"
212793,Bose SoundSport Headphones,1,99.99,06/25/24 13:13,"724 North St, Los Angeles, CA 90001"
212794,AAA Batteries (4-pack),1,2.99,06/24/24 07:14,"678 Maple St, San Francisco, CA 94016"
212795,Apple Airpods Headphones,1,150,06/09/24 18:23,"11 Lake St, Boston, MA 02215"
212796,Wired Headphones,1,11.99,06/20/24 15:38,"462 7th St, Austin, TX 73301"
212797,Apple Airpods Headphones,1,150,06/04/24 17:29,"353 Meadow St, Dallas, TX 75001"
212798,AA Batteries (4-pack),1,3.84,06/06/24 13:45,"314 Cherry St, San Francisco, CA 94016"
212799,Bose SoundSport Headphones,1,99.99,06/07/24 09:54,"437 Spruce St, Dallas, TX 75001"
212800,iPhone,1,700,06/14/24 19:29,"17 Cherry St, Portland, OR 97035"
212801,iPhone,1,700,06/18/24 08:05,"772 7th St, Boston, MA 02215"
212802,Bose SoundSport Headphones,1,99.99,06/05/24 17:41,"637 Cedar St, Portland, OR 97035"
212803,USB-C Charging Cable,1,11.95,06/29/24 13:37,"888 Dogwood St, Austin, TX 73301"
212804,Wired Headphones,1,11.99,06/28/24 09:29,"15 1st St, San Francisco, CA 94016"
212805,Lightning Charging Cable,2,14.95,06/25/24 20:10,"402 Forest St, Los Angeles, CA 90001"
212806,Wired Headphones,1,11.99,06/27/24 21:57,"601 Forest St, Austin, TX 73301"
212807,Bose SoundSport Headphones,1,99.99,06/25/24 18:09,"146 South St, Seattle, WA 98101"
212808,Google Phone,1,600,06/04/24 09:02,"770 9th St, San Francisco, CA 94016"
212809,AAA Batteries (4-pack),4,2.99,06/24/24 22:43,"120 10th St, San Francisco, CA 94016"
212810,34in Ultrawide Monitor,1,379.99,06/16/24 13:25,"285 12th St, Boston, MA 02215"
212811,27in FHD Monitor,1,149.99,06/04/24 19:42,"482 Hill St, San Francisco, CA 94016"
212812,Vareebadd Phone,1,400,06/29/24 09:58,"68 Sunset St, New York City, NY 10001"
212813,AAA Batteries (4-pack),2,2.99,06/26/24 21:21,"768 Jackson St, Portland, ME 04101"
212813,Bose SoundSport Headphones,1,99.99,06/26/24 21:21,"768 Jackson St, Portland, ME 04101"
212814,Flatscreen TV,1,300,06/12/24 19:11,"706 Pine St, San Francisco, CA 94016"
212815,Vareebadd Phone,1,400,06/29/24 20:10,"471 11th St, New York City, NY 10001"
212815,Wired Headphones,1,11.99,06/29/24 20:10,"471 11th St, New York City, NY 10001"
212816,Bose SoundSport Headphones,1,99.99,06/07/24 23:09,"517 Pine St, Los Angeles, CA 90001"
212817,27in FHD Monitor,1,149.99,06/08/24 19:37,"826 8th St, San Francisco, CA 94016"
212818,Bose SoundSport Headphones,1,99.99,06/24/24 12:01,"361 Elm St, New York City, NY 10001"
212819,AAA Batteries (4-pack),1,2.99,06/15/24 13:38,"32 West St, San Francisco, CA 94016"
212820,AA Batteries (4-pack),1,3.84,06/21/24 22:50,"291 Jefferson St, New York City, NY 10001"
212821,27in FHD Monitor,1,149.99,06/03/24 15:50,"109 8th St, Los Angeles, CA 90001"
212822,Apple Airpods Headphones,1,150,06/17/24 21:11,"876 South St, New York City, NY 10001"
212823,Wired Headphones,2,11.99,06/27/24 06:25,"300 South St, Atlanta, GA 30301"
212824,27in FHD Monitor,1,149.99,06/13/24 19:45,"37 7th St, San Francisco, CA 94016"
212825,Wired Headphones,2,11.99,06/29/24 19:39,"576 West St, San Francisco, CA 94016"
212826,Apple Airpods Headphones,1,150,06/30/24 09:49,"123 Church St, Atlanta, GA 30301"
212827,AAA Batteries (4-pack),1,2.99,06/12/24 09:21,"716 Ridge St, San Francisco, CA 94016"
212828,Bose SoundSport Headphones,1,99.99,06/28/24 19:48,"875 8th St, Dallas, TX 75001"
212829,Lightning Charging Cable,1,14.95,06/30/24 11:57,"183 Sunset St, New York City, NY 10001"
212830,Apple Airpods Headphones,1,150,06/27/24 19:44,"954 12th St, Seattle, WA 98101"
212831,iPhone,1,700,06/20/24 13:07,"571 Chestnut St, Dallas, TX 75001"
212832,20in Monitor,1,109.99,06/07/24 12:12,"479 Madison St, Austin, TX 73301"
212833,AAA Batteries (4-pack),3,2.99,06/04/24 01:50,"365 2nd St, San Francisco, CA 94016"
,,,,,
212834,AA Batteries (4-pack),1,3.84,06/12/24 08:55,"436 Meadow St, San Francisco, CA 94016"
212835,Apple Airpods Headphones,1,150,06/27/24 16:47,"705 West St, Boston, MA 02215"
212836,AA Batteries (4-pack),1,3.84,06/28/24 18:29,"403 Jefferson St, New York City, NY 10001"
212837,Lightning Charging Cable,1,14.95,06/18/24 20:03,"477 8th St, San Francisco, CA 94016"
212838,iPhone,1,700,06/28/24 20:25,"409 8th St, Los Angeles, CA 90001"
212839,Lightning Charging Cable,2,14.95,06/23/24 00:12,"529 8th St, San Francisco, CA 94016"
212840,Wired Headphones,1,11.99,06/23/24 00:06,"293 Pine St, Los Angeles, CA 90001"
212841,20in Monitor,1,109.99,06/07/24 09:18,"75 Lake St, Seattle, WA 98101"
212842,34in Ultrawide Monitor,1,379.99,06/12/24 10:26,"820 Jefferson St, Atlanta, GA 30301"
212843,AAA Batteries (4-pack),1,2.99,06/25/24 05:11,"491 Ridge St, San Francisco, CA 94016"
212844,Apple Airpods Headphones,1,150,06/23/24 18:56,"727 Hickory St, Austin, TX 73301"
212845,USB-C Charging Cable,2,11.95,06/27/24 12:56,"190 Highland St, Boston, MA 02215"
212846,Lightning Charging Cable,1,14.95,06/20/24 22:40,"162 South St, New York City, NY 10001"
212847,USB-C Charging Cable,1,11.95,06/07/24 18:29,"641 Johnson St, New York City, NY 10001"
212848,27in 4K Gaming Monitor,1,389.99,06/22/24 19:00,"106 South St, San Francisco, CA 94016"
212849,USB-C Charging Cable,1,11.95,06/17/24 02:04,"365 Maple St, Austin, TX 73301"
212850,ThinkPad Laptop,1,999.99,06/24/24 12:58,"141 8th St, San Francisco, CA 94016"
212851,USB-C Charging Cable,2,11.95,06/20/24 18:14,"999 Main St, Austin, TX 73301"
212852,AA Batteries (4-pack),1,3.84,06/02/24 17:07,"476 Cherry St, San Francisco, CA 94016"
212853,Wired Headphones,1,11.99,06/01/24 08:37,"522 2nd St, San Francisco, CA 94016"
212854,34in Ultrawide Monitor,1,379.99,06/14/24 20:55,"656 Adams St, Los Angeles, CA 90001"
212855,AA Batteries (4-pack),2,3.84,06/09/24 19:31,"759 Madison St, Portland, OR 97035"
212856,USB-C Charging Cable,2,11.95,06/01/24 21:03,"671 Church St, San Francisco, CA 94016"
212857,Wired Headphones,3,11.99,06/22/24 00:24,"747 Walnut St, Los Angeles, CA 90001"
212858,Lightning Charging Cable,1,14.95,06/23/24 14:16,"69 9th St, San Francisco, CA 94016"
212859,USB-C Charging Cable,1,11.95,06/17/24 15:17,"347 Center St, San Francisco, CA 94016"
212860,Wired Headphones,1,11.99,06/02/24 12:45,"134 Ridge St, Seattle, WA 98101"
212861,Apple Airpods Headphones,1,150,06/13/24 01:00,"32 8th St, San Francisco, CA 94016"
212861,Wired Headphones,1,11.99,06/13/24 01:00,"32 8th St, San Francisco, CA 94016"
212862,27in FHD Monitor,1,149.99,06/14/24 22:39,"663 Walnut St, San Francisco, CA 94016"
212863,Google Phone,1,600,06/02/24 15:25,"884 Pine St, Boston, MA 02215"
212864,Apple Airpods Headphones,1,150,06/26/24 18:54,"977 Johnson St, Boston, MA 02215"
212865,Macbook Pro Laptop,1,1700,06/29/24 21:55,"92 Forest St, New York City, NY 10001"
212866,Apple Airpods Headphones,1,150,06/02/24 22:13,"382 Wilson St, San Francisco, CA 94016"
212867,Lightning Charging Cable,1,14.95,06/04/24 12:59,"942 14th St, Austin, TX 73301"
212868,34in Ultrawide Monitor,1,379.99,06/11/24 20:56,"632 12th St, Boston, MA 02215"
212869,AAA Batteries (4-pack),1,2.99,06/25/24 19:21,"599 Forest St, Boston, MA 02215"
212870,AA Batteries (4-pack),1,3.84,06/17/24 20:58,"691 4th St, Austin, TX 73301"
212871,Bose SoundSport Headphones,3,99.99,06/03/24 20:37,"289 North St, San Francisco, CA 94016"
212872,USB-C Charging Cable,1,11.95,06/25/24 04:06,"470 South St, San Francisco, CA 94016"
212873,Wired Headphones,1,11.99,06/23/24 17:43,"59 Meadow St, Atlanta, GA 30301"
212874,27in FHD Monitor,1,149.99,06/20/24 08:53,"911 Park St, Dallas, TX 75001"
212875,iPhone,1,700,06/28/24 23:52,"419 Dogwood St, San Francisco, CA 94016"
212875,Lightning Charging Cable,1,14.95,06/28/24 23:52,"419 Dogwood St, San Francisco, CA 94016"
212876,AA Batteries (4-pack),1,3.84,06/21/24 14:04,"660 Center St, San Francisco, CA 94016"
212877,AAA Batteries (4-pack),1,2.99,06/29/24 15:27,"375 Hill St, Dallas, TX 75001"
212878,Wired Headphones,1,11.99,06/10/24 02:26,"51 Walnut St, San Francisco, CA 94016"
212879,Flatscreen TV,1,300,06/15/24 10:16,"211 Sunset St, San Francisco, CA 94016"
212880,USB-C Charging Cable,1,11.95,06/24/24 14:28,"514 Center St, Dallas, TX 75001"
212881,USB-C Charging Cable,1,11.95,06/15/24 20:05,"402 Wilson St, New York City, NY 10001"
212882,USB-C Charging Cable,1,11.95,06/19/24 14:45,"932 Chestnut St, San Francisco, CA 94016"
212883,27in 4K Gaming Monitor,1,389.99,06/03/24 20:24,"241 14th St, Portland, OR 97035"
212884,27in FHD Monitor,1,149.99,06/25/24 17:58,"963 River St, Los Angeles, CA 90001"
212885,27in FHD Monitor,1,149.99,06/27/24 20:38,"319 Meadow St, New York City, NY 10001"
212886,Vareebadd Phone,1,400,06/24/24 13:29,"378 8th St, Boston, MA 02215"
212887,Wired Headphones,1,11.99,06/28/24 19:39,"912 6th St, Los Angeles, CA 90001"
212888,AA Batteries (4-pack),1,3.84,06/26/24 17:07,"905 Dogwood St, New York City, NY 10001"
212889,ThinkPad Laptop,1,999.99,06/16/24 14:57,"561 2nd St, Los Angeles, CA 90001"
212890,27in FHD Monitor,1,149.99,06/22/24 09:41,"263 Cedar St, Los Angeles, CA 90001"
Order ID,Product,Quantity Ordered,Price Each,Order Date,Purchase Address
212891,AA Batteries (4-pack),2,3.84,06/02/24 13:29,"968 Hickory St, Seattle, WA 98101"
212892,AA Batteries (4-pack),1,3.84,06/27/24 07:08,"507 Maple St, San Francisco, CA 94016"
212893,Lightning Charging Cable,1,14.95,06/11/24 15:42,"269 Hickory St, San Francisco, CA 94016"
212894,Bose SoundSport Headphones,1,99.99,06/27/24 21:37,"299 Chestnut St, Los Angeles, CA 90001"
212895,USB-C Charging Cable,2,11.95,06/06/24 23:01,"227 Lakeview St, Seattle, WA 98101"
212896,Lightning Charging Cable,1,14.95,06/06/24 23:06,"132 Hill St, San Francisco, CA 94016"
212897,Google Phone,1,600,06/25/24 13:15,"194 8th St, Boston, MA 02215"
212898,Bose SoundSport Headphones,1,99.99,06/30/24 22:12,"760 4th St, Los Angeles, CA 90001"
212899,Wired Headphones,1,11.99,06/08/24 13:06,"555 Park St, New York City, NY 10001"
212900,Wired Headphones,1,11.99,06/07/24 23:15,"488 9th St, Los Angeles, CA 90001"
212901,Apple Airpods Headphones,1,150,06/06/24 10:48,"873 8th St, Atlanta, GA 30301"
212902,AAA Batteries (4-pack),2,2.99,06/01/24 17:32,"355 2nd St, Seattle, WA 98101"
212903,USB-C Charging Cable,1,11.95,06/16/24 13:01,"204 Center St, San Francisco, CA 94016"
212904,27in 4K Gaming Monitor,1,389.99,06/14/24 22:30,"86 Hickory St, San Francisco, CA 94016"
212905,Apple Airpods Headphones,1,150,06/26/24 22:03,"552 Main St, Los Angeles, CA 90001"
212906,AAA Batteries (4-pack),1,2.99,06/07/24 11:02,"444 Forest St, Los Angeles, CA 90001"
212907,Google Phone,1,600,06/01/24 19:29,"294 North St, Boston, MA 02215"
212908,Bose SoundSport Headphones,1,99.99,06/27/24 11:59,"657 13th St, New York City, NY 10001"
212909,27in FHD Monitor,1,149.99,06/08/24 17:31,"885 Chestnut St, Los Angeles, CA 90001"
212910,Apple Airpods Headphones,1,150,06/22/24 22:50,"258 Washington St, New York City, NY 10001"
212911,AAA Batteries (4-pack),1,2.99,06/20/24 15:10,"808 Hill St, Portland, OR 97035"
212912,20in Monitor,1,109.99,06/29/24 13:33,"583 Hickory St, Seattle, WA 98101"
212913,AAA Batteries (4-pack),1,2.99,06/26/24 22:41,"688 9th St, Austin, TX 73301"
212914,AAA Batteries (4-pack),2,2.99,06/19/24 18:53,"734 South St, Los Angeles, CA 90001"
212915,iPhone,1,700,06/23/24 12:16,"4 West St, Atlanta, GA 30301"
212916,Lightning Charging Cable,1,14.95,06/07/24 13:17,"491 10th St, Boston, MA 02215"
212917,Vareebadd Phone,1,400,06/30/24 13:34,"492 Spruce St, Portland, OR 97035"
212918,Wired Headphones,1,11.99,06/08/24 23:48,"649 Jackson St, New York City, NY 10001"
212919,27in FHD Monitor,1,149.99,06/16/24 08:25,"467 7th St, Seattle, WA 98101"
212920,Lightning Charging Cable,1,14.95,06/13/24 22:38,"71 Walnut St, Boston, MA 02215"
212921,Lightning Charging Cable,1,14.95,06/25/24 20:35,"978 North St, Los Angeles, CA 90001"
212922,27in FHD Monitor,1,149.99,06/22/24 16:04,"333 River St, Los Angeles, CA 90001"
212923,iPhone,1,700,06/22/24 11:17,"252 Dogwood St, Portland, OR 97035"
212924,AA Batteries (4-pack),2,3.84,06/06/24 20:06,"931 Cedar St, San Francisco, CA 94016"
212925,27in 4K Gaming Monitor,1,389.99,06/27/24 15:09,"407 12th St, Seattle, WA 98101"
212926,Flatscreen TV,1,300,06/29/24 22:20,"257 14th St, New York City, NY 10001"
212927,iPhone,1,700,06/14/24 08:12,"923 Center St, Boston, MA 02215"
212928,USB-C Charging Cable,1,11.95,06/26/24 12:18,"581 7th St, Los Angeles, CA 90001"
212929,34in Ultrawide Monitor,1,379.99,06/12/24 11:47,"963 Ridge St, San Francisco, CA 94016"
212930,Wired Headphones,1,11.99,06/19/24 12:32,"757 Chestnut St, New York City, NY 10001"
212931,Flatscreen TV,1,300,06/06/24 13:39,"198 Meadow St, Dallas, TX 75001"
212932,Google Phone,1,600,06/09/24 17:49,"614 Jackson St, Los Angeles, CA 90001"
212933,Lightning Charging Cable,3,14.95,06/27/24 19:46,"355 Lakeview St, Portland, ME 04101"
212934,Lightning Charging Cable,1,14.95,06/24/24 12:14,"686 2nd St, New York City, NY 10001"
212935,AAA Batteries (4-pack),3,2.99,06/30/24 21:47,"173 Spruce St, Boston, MA 02215"
212936,Wired Headphones,1,11.99,06/09/24 15:56,"322 Johnson St, San Francisco, CA 94016"
212937,LG Washing Machine,1,600.0,06/18/24 09:18,"712 Cedar St, Portland, OR 97035"
212937,AAA Batteries (4-pack),4,2.99,06/18/24 09:18,"712 Cedar St, Portland, OR 97035"
212938,34in Ultrawide Monitor,1,379.99,06/24/24 07:55,"580 Cedar St, San Francisco, CA 94016"
212939,Lightning Charging Cable,2,14.95,06/29/24 12:02,"197 Park St, Dallas, TX 75001"
212940,ThinkPad Laptop,1,999.99,06/17/24 18:19,"577 Madison St, New York City, NY 10001"
212941,iPhone,1,700,06/02/24 17:25,"943 Ridge St, New York City, NY 10001"
212942,Wired Headphones,1,11.99,06/20/24 20:53,"218 9th St, Los Angeles, CA 90001"
212943,USB-C Charging Cable,1,11.95,06/13/24 21:34,"216 Lincoln St, Dallas, TX 75001"
212944,Apple Airpods Headphones,1,150,06/17/24 22:59,"139 Chestnut St, Dallas, TX 75001"
212945,iPhone,1,700,06/18/24 14:41,"263 Ridge St, Austin, TX 73301"
212946,AAA Batteries (4-pack),3,2.99,06/07/24 13:50,"516 River St, Atlanta, GA 30301"
212947,Apple Airpods Headphones,1,150,06/01/24 11:03,"975 Sunset St, New York City, NY 10001"
212948,AA Batteries (4-pack),1,3.84,06/17/24 21:00,"791 River St, San Francisco, CA 94016"
212949,AAA Batteries (4-pack),1,2.99,06/18/24 20:18,"210 12th St, San Francisco, CA 94016"
212950,Lightning Charging Cable,1,14.95,06/27/24 15:34,"670 Sunset St, Seattle, WA 98101"
212951,AA Batteries (4-pack),2,3.84,06/26/24 19:17,"182 11th St, Los Angeles, CA 90001"
212952,ThinkPad Laptop,1,999.99,06/16/24 12:20,"859 Walnut St, San Francisco, CA 94016"
212953,27in 4K Gaming Monitor,1,389.99,06/07/24 16:48,"741 Chestnut St, Dallas, TX 75001"
212954,Flatscreen TV,1,300,06/25/24 17:08,"211 Lakeview St, New York City, NY 10001"
212955,Apple Airpods Headphones,1,150,06/04/24 23:22,"988 Cedar St, New York City, NY 10001"
212956,Flatscreen TV,1,300,06/20/24 20:50,"224 10th St, Austin, TX 73301"
,,,,,
212957,AA Batteries (4-pack),1,3.84,06/04/24 10:48,"628 Church St, New York City, NY 10001"
212958,AAA Batteries (4-pack),2,2.99,06/11/24 00:22,"181 Cedar St, New York City, NY 10001"
212959,AAA Batteries (4-pack),1,2.99,06/26/24 11:42,"583 Wilson St, Boston, MA 02215"
212960,Apple Airpods Headphones,1,150,06/17/24 22:01,"13 Lincoln St, New York City, NY 10001"
212960,Wired Headphones,1,11.99,06/17/24 22:01,"13 Lincoln St, New York City, NY 10001"
212961,Wired Headphones,1,11.99,06/22/24 11:08,"622 River St, Dallas, TX 75001"
212961,34in Ultrawide Monitor,1,379.99,06/22/24 11:08,"622 River St, Dallas, TX 75001"
212962,Wired Headphones,1,11.99,06/24/24 19:30,"282 Sunset St, Atlanta, GA 30301"
212963,USB-C Charging Cable,2,11.95,06/20/24 09:35,"262 Forest St, Los Angeles, CA 90001"
212964,Apple Airpods Headphones,1,150,06/13/24 20:37,"971 14th St, Boston, MA 02215"
212965,Apple Airpods Headphones,1,150,06/17/24 12:46,"334 Park St, New York City, NY 10001"
212966,Lightning Charging Cable,1,14.95,06/30/24 20:03,"651 Cedar St, Dallas, TX 75001"
212967,USB-C Charging Cable,1,11.95,06/18/24 17:10,"593 Jackson St, Portland, OR 97035"
212968,AAA Batteries (4-pack),4,2.99,06/13/24 22:21,"492 Highland St, San Francisco, CA 94016"
212969,Lightning Charging Cable,1,14.95,06/15/24 09:30,"480 14th St, Boston, MA 02215"
212970,AA Batteries (4-pack),1,3.84,06/22/24 07:11,"318 Center St, Portland, OR 97035"
212971,34in Ultrawide Monitor,1,379.99,06/12/24 10:14,"721 Hickory St, Austin, TX 73301"
Order ID,Product,Quantity Ordered,Price Each,Order Date,Purchase Address
212972,AA Batteries (4-pack),1,3.84,06/11/24 19:46,"170 Highland St, Dallas, TX 75001"
212973,34in Ultrawide Monitor,1,379.99,06/29/24 04:59,"834 12th St, Dallas, TX 75001"
212974,Flatscreen TV,1,300,06/03/24 17:39,"49 Center St, San Francisco, CA 94016"
212975,Wired Headphones,1,11.99,06/08/24 11:08,"280 12th St, Los Angeles, CA 90001"
212976,Google Phone,1,600,06/28/24 13:04,"231 Hickory St, Portland, ME 04101"
212977,Lightning Charging Cable,1,14.95,06/15/24 18:11,"198 2nd St, San Francisco, CA 94016"
212978,Apple Airpods Headphones,1,150,06/04/24 06:20,"271 8th St, San Francisco, CA 94016"
212979,Flatscreen TV,1,300,06/01/24 12:05,"35 Cherry St, San Francisco, CA 94016"
212980,iPhone,1,700,06/30/24 12:25,"772 Lake St, Los Angeles, CA 90001"
212980,Lightning Charging Cable,1,14.95,06/30/24 12:25,"772 Lake St, Los Angeles, CA 90001"
212981,Macbook Pro Laptop,1,1700,06/08/24 19:29,"370 West St, Atlanta, GA 30301"
212982,AA Batteries (4-pack),1,3.84,06/27/24 09:43,"248 Center St, Atlanta, GA 30301"
212983,AAA Batteries (4-pack),1,2.99,06/24/24 11:37,"959 Jefferson St, Boston, MA 02215"
212984,20in Monitor,1,109.99,06/21/24 16:17,"801 Meadow St, San Francisco, CA 94016"
212985,Lightning Charging Cable,1,14.95,06/27/24 20:38,"138 Hill St, New York City, NY 10001"
212986,Apple Airpods Headphones,1,150,06/29/24 10:18,"507 Madison St, Dallas, TX 75001"
212987,Wired Headphones,1,11.99,06/10/24 19:17,"754 13th St, San Francisco, CA 94016"
212988,Macbook Pro Laptop,1,1700,06/09/24 00:20,"948 8th St, San Francisco, CA 94016"
212989,Lightning Charging Cable,1,14.95,06/15/24 19:51,"670 8th St, San Francisco, CA 94016"
212990,USB-C Charging Cable,1,11.95,06/08/24 11:07,"969 Lakeview St, Boston, MA 02215"
212991,USB-C Charging Cable,2,11.95,06/30/24 11:45,"221 Ridge St, San Francisco, CA 94016"
212992,AA Batteries (4-pack),1,3.84,06/29/24 16:22,"939 Hickory St, Los Angeles, CA 90001"
212993,USB-C Charging Cable,1,11.95,06/19/24 15:38,"532 2nd St, Los Angeles, CA 90001"
212994,20in Monitor,1,109.99,06/25/24 23:27,"589 Walnut St, San Francisco, CA 94016"
212995,Wired Headphones,1,11.99,06/03/24 13:40,"764 Forest St, New York City, NY 10001"
212996,Wired Headphones,1,11.99,06/06/24 15:59,"131 2nd St, Boston, MA 02215"
212997,USB-C Charging Cable,1,11.95,06/20/24 19:11,"857 13th St, Seattle, WA 98101"
212998,AA Batteries (4-pack),2,3.84,06/29/24 09:00,"575 Jackson St, Los Angeles, CA 90001"
212999,Flatscreen TV,1,300,06/24/24 09:51,"197 West St, Portland, OR 97035"
213000,Wired Headphones,1,11.99,06/26/24 23:22,"925 North St, Boston, MA 02215"
213001,AA Batteries (4-pack),1,3.84,06/04/24 10:38,"146 Maple St, Austin, TX 73301"
213002,Lightning Charging Cable,1,14.95,06/07/24 22:09,"688 Spruce St, Boston, MA 02215"
213003,27in FHD Monitor,1,149.99,06/06/24 22:02,"131 Washington St, San Francisco, CA 94016"
213004,27in FHD Monitor,1,149.99,06/14/24 20:36,"976 Meadow St, Seattle, WA 98101"
213005,27in 4K Gaming Monitor,1,389.99,06/26/24 18:20,"943 Elm St, Atlanta, GA 30301"
213006,Wired Headphones,1,11.99,06/09/24 06:39,"478 Dogwood St, San Francisco, CA 94016"
213007,AAA Batteries (4-pack),1,2.99,06/26/24 16:26,"367 Meadow St, Dallas, TX 75001"
213008,AAA Batteries (4-pack),1,2.99,06/29/24 08:59,"314 Pine St, New York City, NY 10001"
213009,AA Batteries (4-pack),2,3.84,06/23/24 13:51,"786 Maple St, San Francisco, CA 94016"
213010,AAA Batteries (4-pack),2,2.99,06/06/24 11:42,"99 Center St, San Francisco, CA 94016"
213011,AA Batteries (4-pack),1,3.84,06/15/24 07:53,"166 Hill St, New York City, NY 10001"
213012,27in FHD Monitor,1,149.99,06/20/24 09:38,"922 Ridge St, Los Angeles, CA 90001"
213013,AAA Batteries (4-pack),1,2.99,06/29/24 11:19,"48 Adams St, Los Angeles, CA 90001"
213014,AA Batteries (4-pack),2,3.84,06/04/24 12:58,"426 Cedar St, Dallas, TX 75001"
213015,USB-C Charging Cable,1,11.95,06/14/24 19:50,"152 11th St, Seattle, WA 98101"
213016,Lightning Charging Cable,1,14.95,06/03/24 13:13,"601 Spruce St, Los Angeles, CA 90001"
213017,USB-C Charging Cable,1,11.95,06/17/24 12:12,"879 Highland St, Los Angeles, CA 90001"
213018,27in FHD Monitor,1,149.99,06/06/24 10:24,"578 12th St, San Francisco, CA 94016"
213019,AAA Batteries (4-pack),1,2.99,06/04/24 00:04,"280 10th St, San Francisco, CA 94016"
213020,Lightning Charging Cable,1,14.95,06/01/24 19:03,"411 River St, Austin, TX 73301"
213021,Flatscreen TV,1,300,06/17/24 14:06,"31 Jefferson St, New York City, NY 10001"
213022,Flatscreen TV,1,300,06/07/24 15:50,"739 Maple St, Atlanta, GA 30301"
213023,Bose SoundSport Headphones,1,99.99,06/16/24 08:46,"322 Cherry St, Atlanta, GA 30301"
213024,USB-C Charging Cable,1,11.95,06/18/24 13:50,"328 11th St, San Francisco, CA 94016"
213025,27in FHD Monitor,1,149.99,06/12/24 15:33,"369 9th St, Dallas, TX 75001"
213026,AA Batteries (4-pack),1,3.84,06/08/24 13:02,"400 Adams St, Boston, MA 02215"
213027,iPhone,1,700,06/30/24 23:12,"615 Adams St, Los Angeles, CA 90001"
213028,Apple Airpods Headphones,1,150,06/18/24 15:18,"121 Spruce St, Portland, OR 97035"
213029,Wired Headphones,1,11.99,06/14/24 18:30,"642 Lincoln St, Boston, MA 02215"
213030,34in Ultrawide Monitor,1,379.99,06/08/24 09:36,"317 Chestnut St, New York City, NY 10001"
213031,Google Phone,1,600,06/17/24 07:27,"92 5th St, Los Angeles, CA 90001"
213032,USB-C Charging Cable,1,11.95,06/12/24 19:32,"307 Willow St, New York City, NY 10001"
213033,iPhone,1,700,06/16/24 11:32,"993 Lincoln St, San Francisco, CA 94016"
213033,Lightning Charging Cable,1,14.95,06/16/24 11:32,"993 Lincoln St, San Francisco, CA 94016"
213034,20in Monitor,1,109.99,06/27/24 00:31,"956 Dogwood St, New York City, NY 10001"
213035,USB-C Charging Cable,1,11.95,06/23/24 20:03,"398 2nd St, Dallas, TX 75001"
213035,USB-C Charging Cable,1,11.95,06/23/24 20:03,"398 2nd St, Dallas, TX 75001"
213036,Lightning Charging Cable,1,14.95,06/30/24 22:10,"918 Washington St, Atlanta, GA 30301"
213037,Wired Headphones,2,11.99,06/10/24 15:16,"655 Pine St, Dallas, TX 75001"
213038,Wired Headphones,1,11.99,06/09/24 19:19,"718 Willow St, Los Angeles, CA 90001"
213039,USB-C Charging Cable,1,11.95,06/29/24 18:13,"309 Willow St, Los Angeles, CA 90001"
213040,USB-C Charging Cable,1,11.95,06/01/24 09:55,"196 7th St, Portland, OR 97035"
213041,Wired Headphones,1,11.99,06/03/24 10:26,"720 South St, Portland, OR 97035"
213042,Bose SoundSport Headphones,1,99.99,06/24/24 18:35,"960 Spruce St, San Francisco, CA 94016"
213043,AA Batteries (4-pack),3,3.84,06/10/24 12:16,"495 Center St, New York City, NY 10001"
213044,USB-C Charging Cable,1,11.95,06/22/24 23:20,"979 Pine St, San Francisco, CA 94016"
213045,Bose SoundSport Headphones,1,99.99,06/30/24 20:40,"845 Madison St, Portland, ME 04101"
213046,Wired Headphones,1,11.99,06/30/24 16:23,"697 Cherry St, Dallas, TX 75001"
213047,AAA Batteries (4-pack),1,2.99,06/06/24 16:58,"303 Wilson St, Atlanta, GA 30301"
213048,Macbook Pro Laptop,1,1700,06/29/24 10:01,"255 West St, Austin, TX 73301"
213049,AAA Batteries (4-pack),2,2.99,06/21/24 12:55,"844 Willow St, Portland, ME 04101"
213050,27in 4K Gaming Monitor,1,389.99,06/19/24 17:58,"78 Center St, Los Angeles, CA 90001"
213051,Wired Headphones,1,11.99,06/16/24 20:06,"92 13th St, Los Angeles, CA 90001"
213052,Bose SoundSport Headphones,1,99.99,06/09/24 18:45,"927 10th St, Boston, MA 02215"
213053,27in FHD Monitor,1,149.99,06/18/24 12:29,"944 Walnut St, Los Angeles, CA 90001"
213054,Google Phone,1,600,06/21/24 12:07,"476 Forest St, Boston, MA 02215"
213055,AAA Batteries (4-pack),3,2.99,06/01/24 13:34,"482 Spruce St, San Francisco, CA 94016"
213056,USB-C Charging Cable,1,11.95,06/11/24 13:01,"743 5th St, Los Angeles, CA 90001"
213057,AAA Batteries (4-pack),2,2.99,06/20/24 12:05,"526 Meadow St, Los Angeles, CA 90001"
213058,Lightning Charging Cable,1,14.95,06/13/24 21:11,"233 River St, Portland, OR 97035"
213059,Lightning Charging Cable,1,14.95,06/04/24 11:32,"46 Adams St, Atlanta, GA 30301"
213060,AA Batteries (4-pack),1,3.84,06/21/24 12:35,"453 7th St, Boston, MA 02215"
213061,ThinkPad Laptop,1,999.99,06/04/24 13:17,"564 10th St, New York City, NY 10001"
213062,27in FHD Monitor,1,149.99,06/30/24 08:41,"518 2nd St, Boston, MA 02215"
213063,AA Batteries (4-pack),1,3.84,06/10/24 10:24,"68 Wilson St, New York City, NY 10001"
213064,AA Batteries (4-pack),1,3.84,06/25/24 19:50,"514 Johnson St, San Francisco, CA 94016"
213065,Lightning Charging Cable,1,14.95,06/23/24 13:56,"670 13th St, Atlanta, GA 30301"
213066,Apple Airpods Headphones,1,150,06/23/24 13:12,"452 13th St, San Francisco, CA 94016"
213067,Lightning Charging Cable,1,14.95,06/19/24 22:34,"958 8th St, Los Angeles, CA 90001"
213068,AAA Batteries (4-pack),2,2.99,06/08/24 16:56,"796 8th St, Seattle, WA 98101"
213069,Apple Airpods Headphones,1,150,06/19/24 00:17,"59 8th St, San Francisco, CA 94016"
213070,Bose SoundSport Headphones,1,99.99,06/26/24 09:12,"636 Madison St, New York City, NY 10001"
213071,AA Batteries (4-pack),1,3.84,06/14/24 19:10,"622 Walnut St, Dallas, TX 75001"
213072,AAA Batteries (4-pack),2,2.99,06/17/24 14:34,"191 Meadow St, Atlanta, GA 30301"
213073,Flatscreen TV,1,300,06/19/24 10:55,"68 Sunset St, Portland, OR 97035"
213074,Bose SoundSport Headphones,1,99.99,06/13/24 08:28,"351 5th St, Boston, MA 02215"
213075,Apple Airpods Headphones,1,150,06/17/24 19:54,"658 Main St, Austin, TX 73301"
213076,AA Batteries (4-pack),1,3.84,06/21/24 00:56,"211 Cherry St, Seattle, WA 98101"
213077,Wired Headphones,1,11.99,06/03/24 20:37,"717 Church St, Austin, TX 73301"
213078,Google Phone,1,600,06/28/24 08:57,"863 West St, New York City, NY 10001"
213078,USB-C Charging Cable,1,11.95,06/28/24 08:57,"863 West St, New York City, NY 10001"
213079,USB-C Charging Cable,2,11.95,06/24/24 10:26,"667 Sunset St, San Francisco, CA 94016"
213080,Wired Headphones,1,11.99,06/25/24 20:37,"361 Cherry St, Los Angeles, CA 90001"
213081,LG Dryer,1,600.0,06/29/24 17:53,"513 Main St, Atlanta, GA 30301"
213082,Wired Headphones,1,11.99,06/11/24 16:11,"449 Johnson St, Portland, OR 97035"
213083,Apple Airpods Headphones,1,150,06/20/24 17:43,"944 Lakeview St, San Francisco, CA 94016"
213084,Lightning Charging Cable,1,14.95,06/27/24 11:57,"754 9th St, New York City, NY 10001"
213085,Wired Headphones,1,11.99,06/21/24 11:31,"550 Church St, New York City, NY 10001"
213086,20in Monitor,1,109.99,06/03/24 19:15,"506 Lakeview St, Seattle, WA 98101"
213087,ThinkPad Laptop,1,999.99,06/29/24 16:50,"612 Washington St, San Francisco, CA 94016"
213088,Apple Airpods Headphones,1,150,06/11/24 08:57,"426 Madison St, Atlanta, GA 30301"
213089,Apple Airpods Headphones,1,150,06/04/24 10:18,"661 Willow St, Portland, OR 97035"
213090,Bose SoundSport Headphones,1,99.99,06/10/24 11:27,"468 Lincoln St, San Francisco, CA 94016"
213091,USB-C Charging Cable,1,11.95,06/11/24 10:20,"895 Spruce St, San Francisco, CA 94016"
213092,27in 4K Gaming Monitor,1,389.99,06/05/24 16:42,"919 Washington St, New York City, NY 10001"
213093,USB-C Charging Cable,1,11.95,06/10/24 17:32,"484 Highland St, New York City, NY 10001"
213094,LG Washing Machine,1,600.0,06/02/24 13:06,"269 Willow St, San Francisco, CA 94016"
213095,AA Batteries (4-pack),1,3.84,06/17/24 16:58,"883 11th St, San Francisco, CA 94016"
213096,Flatscreen TV,1,300,06/12/24 12:51,"453 Lincoln St, Seattle, WA 98101"
213097,Google Phone,1,600,06/04/24 21:10,"611 Hickory St, San Francisco, CA 94016"
213098,AA Batteries (4-pack),2,3.84,06/16/24 11:10,"941 Wilson St, Austin, TX 73301"
213099,27in FHD Monitor,1,149.99,06/30/24 20:22,"347 6th St, Los Angeles, CA 90001"
213100,Wired Headphones,1,11.99,06/13/24 09:27,"422 Wilson St, Portland, OR 97035"
213101,AAA Batteries (4-pack),1,2.99,06/04/24 12:19,"231 Lake St, Dallas, TX 75001"
213102,USB-C Charging Cable,1,11.95,06/07/24 22:48,"506 Center St, Atlanta, GA 30301"
213103,Lightning Charging Cable,1,14.95,06/11/24 18:51,"76 14th St, San Francisco, CA 94016"
213104,Lightning Charging Cable,1,14.95,06/17/24 10:14,"507 8th St, Austin, TX 73301"
213105,Lightning Charging Cable,1,14.95,06/08/24 13:18,"276 Wilson St, Dallas, TX 75001"
213106,USB-C Charging Cable,1,11.95,06/11/24 16:07,"62 Church St, Dallas, TX 75001"
213107,AAA Batteries (4-pack),2,2.99,06/27/24 11:03,"341 River St, Portland, OR 97035"
213108,AAA Batteries (4-pack),1,2.99,06/13/24 08:39,"738 Cedar St, Dallas, TX 75001"
213109,27in 4K Gaming Monitor,1,389.99,06/03/24 16:12,"821 Walnut St, San Francisco, CA 94016"
213110,iPhone,1,700,06/07/24 17:26,"864 9th St, New York City, NY 10001"
213111,USB-C Charging Cable,1,11.95,06/15/24 22:38,"740 6th St, San Francisco, CA 94016"
213112,Lightning Charging Cable,1,14.95,06/12/24 18:16,"93 11th St, Los Angeles, CA 90001"
213113,Bose SoundSport Headphones,1,99.99,06/08/24 17:45,"573 Adams St, New York City, NY 10001"
213114,Bose SoundSport Headphones,1,99.99,06/27/24 17:17,"158 4th St, Portland, ME 04101"
213115,Wired Headphones,1,11.99,06/04/24 12:37,"63 Jefferson St, Portland, OR 97035"
213116,20in Monitor,1,109.99,06/17/24 08:46,"344 2nd St, San Francisco, CA 94016"
213117,AA Batteries (4-pack),2,3.84,06/14/24 13:29,"518 9th St, San Francisco, CA 94016"
213118,Apple Airpods Headphones,1,150,06/13/24 09:50,"757 South St, San Francisco, CA 94016"
213119,Apple Airpods Headphones,1,150,06/14/24 13:15,"764 11th St, San Francisco, CA 94016"
213120,Bose SoundSport Headphones,1,99.99,06/24/24 07:08,"933 Madison St, Atlanta, GA 30301"
213121,Wired Headphones,1,11.99,06/11/24 12:38,"258 2nd St, Portland, OR 97035"
213122,USB-C Charging Cable,1,11.95,06/06/24 11:19,"243 11th St, Portland, OR 97035"
213123,27in 4K Gaming Monitor,1,389.99,06/08/24 19:47,"760 11th St, New York City, NY 10001"
213124,Lightning Charging Cable,1,14.95,06/19/24 16:40,"183 Elm St, Los Angeles, CA 90001"
213125,Macbook Pro Laptop,1,1700,06/20/24 11:01,"148 Wilson St, Austin, TX 73301"
213126,Vareebadd Phone,1,400,06/09/24 12:36,"877 Spruce St, San Francisco, CA 94016"
213127,AA Batteries (4-pack),2,3.84,06/29/24 18:36,"985 Adams St, New York City, NY 10001"
213128,USB-C Charging Cable,1,11.95,06/20/24 10:02,"136 Johnson St, San Francisco, CA 94016"
213129,Apple Airpods Headphones,1,150,06/20/24 14:58,"69 Lincoln St, San Francisco, CA 94016"
213130,27in 4K Gaming Monitor,1,389.99,06/21/24 15:42,"46 Washington St, Austin, TX 73301"
213131,Flatscreen TV,1,300,06/21/24 12:09,"537 Church St, New York City, NY 10001"
213132,AA Batteries (4-pack),2,3.84,06/19/24 00:06,"657 12th St, Los Angeles, CA 90001"
213133,34in Ultrawide Monitor,1,379.99,06/12/24 11:13,"658 Highland St, New York City, NY 10001"
213134,Lightning Charging Cable,1,14.95,06/05/24 16:24,"596 Wilson St, Boston, MA 02215"
213135,USB-C Charging Cable,1,11.95,06/09/24 08:51,"306 7th St, Los Angeles, CA 90001"
213136,Wired Headphones,1,11.99,06/03/24 23:26,"922 Highland St, Dallas, TX 75001"
213137,Flatscreen TV,1,300,06/05/24 22:34,"506 Cherry St, San Francisco, CA 94016"
213138,Google Phone,1,600,06/29/24 15:17,"665 South St, New York City, NY 10001"
213138,USB-C Charging Cable,1,11.95,06/29/24 15:17,"665 South St, New York City, NY 10001"
213138,Wired Headphones,1,11.99,06/29/24 15:17,"665 South St, New York City, NY 10001"
213139,iPhone,1,700,06/24/24 17:35,"315 4th St, Seattle, WA 98101"
213140,ThinkPad Laptop,1,999.99,06/17/24 18:11,"503 Park St, San Francisco, CA 94016"
213141,27in FHD Monitor,1,149.99,06/10/24 09:22,"766 Center St, Austin, TX 73301"
213142,USB-C Charging Cable,1,11.95,06/24/24 14:28,"387 1st St, Los Angeles, CA 90001"
213143,AA Batteries (4-pack),2,3.84,06/22/24 12:36,"429 14th St, New York City, NY 10001"
213144,AAA Batteries (4-pack),2,2.99,06/23/24 23:57,"444 Jefferson St, Boston, MA 02215"
213145,Lightning Charging Cable,1,14.95,06/20/24 14:22,"165 13th St, Dallas, TX 75001"
213146,AAA Batteries (4-pack),1,2.99,06/18/24 22:34,"855 Hill St, Los Angeles, CA 90001"
213147,AA Batteries (4-pack),1,3.84,06/02/24 09:55,"782 Hill St, Portland, OR 97035"
213148,27in FHD Monitor,1,149.99,06/04/24 14:54,"744 9th St, San Francisco, CA 94016"
213149,AA Batteries (4-pack),1,3.84,06/15/24 14:56,"102 Church St, San Francisco, CA 94016"
213150,iPhone,1,700,06/16/24 10:44,"148 Chestnut St, Seattle, WA 98101"
213151,AA Batteries (4-pack),2,3.84,06/09/24 19:51,"196 13th St, New York City, NY 10001"
213152,Bose SoundSport Headphones,1,99.99,06/17/24 14:10,"835 Park St, Los Angeles, CA 90001"
213153,AAA Batteries (4-pack),1,2.99,06/08/24 17:01,"720 7th St, New York City, NY 10001"
213154,USB-C Charging Cable,1,11.95,06/12/24 19:34,"446 1st St, Atlanta, GA 30301"
213155,Lightning Charging Cable,1,14.95,06/22/24 07:44,"831 Madison St, Austin, TX 73301"
213156,iPhone,1,700,06/15/24 16:01,"547 12th St, San Francisco, CA 94016"
213157,Lightning Charging Cable,2,14.95,06/30/24 17:53,"228 8th St, Los Angeles, CA 90001"
213158,AA Batteries (4-pack),1,3.84,06/06/24 17:01,"427 7th St, Seattle, WA 98101"
213159,iPhone,1,700,06/30/24 18:37,"349 Madison St, Los Angeles, CA 90001"
213159,Apple Airpods Headphones,1,150,06/30/24 18:37,"349 Madison St, Los Angeles, CA 90001"
213160,Apple Airpods Headphones,1,150,06/27/24 11:41,"973 Lake St, Dallas, TX 75001"
213161,AA Batteries (4-pack),2,3.84,06/04/24 14:37,"913 4th St, Dallas, TX 75001"
213162,Apple Airpods Headphones,1,150,06/12/24 13:55,"12 Sunset St, Portland, OR 97035"
213163,USB-C Charging Cable,1,11.95,06/01/24 12:51,"798 5th St, Seattle, WA 98101"
213164,Macbook Pro Laptop,1,1700,06/15/24 18:11,"928 Forest St, Los Angeles, CA 90001"
213165,AA Batteries (4-pack),1,3.84,06/16/24 11:22,"912 Walnut St, New York City, NY 10001"
213166,Google Phone,1,600,06/05/24 16:42,"64 Church St, Seattle, WA 98101"
213167,Lightning Charging Cable,1,14.95,06/05/24 21:19,"917 Maple St, San Francisco, CA 94016"
213168,AA Batteries (4-pack),2,3.84,06/02/24 21:22,"644 Hill St, Seattle, WA 98101"
213169,Apple Airpods Headphones,1,150,06/24/24 16:54,"217 Madison St, Boston, MA 02215"
213170,Lightning Charging Cable,1,14.95,06/06/24 10:39,"826 Sunset St, Boston, MA 02215"
213171,iPhone,1,700,06/19/24 18:38,"75 Willow St, Portland, OR 97035"
213172,Lightning Charging Cable,2,14.95,06/08/24 14:10,"418 Hickory St, Austin, TX 73301"
213173,27in 4K Gaming Monitor,1,389.99,06/15/24 14:23,"935 River St, New York City, NY 10001"
213174,Wired Headphones,1,11.99,06/11/24 17:50,"40 1st St, Atlanta, GA 30301"
213175,iPhone,1,700,06/04/24 16:40,"816 Willow St, Boston, MA 02215"
213175,Lightning Charging Cable,1,14.95,06/04/24 16:40,"816 Willow St, Boston, MA 02215"
213176,Wired Headphones,1,11.99,06/12/24 21:12,"640 2nd St, Los Angeles, CA 90001"
213177,AA Batteries (4-pack),1,3.84,06/29/24 15:23,"343 Walnut St, San Francisco, CA 94016"
213178,27in FHD Monitor,1,149.99,06/19/24 08:59,"42 10th St, Boston, MA 02215"
213179,Apple Airpods Headphones,1,150,06/15/24 12:44,"796 Hill St, Los Angeles, CA 90001"
213180,Wired Headphones,1,11.99,06/21/24 18:22,"579 Wilson St, Los Angeles, CA 90001"
213181,Flatscreen TV,1,300,06/25/24 14:48,"791 Johnson St, Portland, OR 97035"
213182,USB-C Charging Cable,1,11.95,06/10/24 09:33,"626 Highland St, San Francisco, CA 94016"
213183,USB-C Charging Cable,1,11.95,06/27/24 12:49,"938 North St, Los Angeles, CA 90001"
213184,AA Batteries (4-pack),4,3.84,06/02/24 10:37,"703 Main St, San Francisco, CA 94016"
213185,27in 4K Gaming Monitor,1,389.99,06/26/24 15:21,"200 9th St, San Francisco, CA 94016"
213186,USB-C Charging Cable,1,11.95,06/10/24 17:21,"558 Ridge St, Los Angeles, CA 90001"
213187,27in 4K Gaming Monitor,1,389.99,06/06/24 21:14,"575 North St, San Francisco, CA 94016"
213188,AAA Batteries (4-pack),1,2.99,06/13/24 21:33,"339 1st St, San Francisco, CA 94016"
213189,27in FHD Monitor,1,149.99,06/08/24 00:03,"190 Center St, Austin, TX 73301"
213190,Vareebadd Phone,1,400,06/17/24 17:16,"506 Highland St, Austin, TX 73301"
213191,Bose SoundSport Headphones,1,99.99,06/03/24 09:26,"67 Spruce St, San Francisco, CA 94016"
213192,Google Phone,1,600,06/11/24 17:23,"260 Elm St, Portland, OR 97035"
213192,USB-C Charging Cable,1,11.95,06/11/24 17:23,"260 Elm St, Portland, OR 97035"
213193,Apple Airpods Headphones,1,150,06/10/24 15:53,"700 Forest St, Los Angeles, CA 90001"
213194,Apple Airpods Headphones,1,150,06/12/24 21:33,"342 Walnut St, Seattle, WA 98101"
213195,Lightning Charging Cable,1,14.95,06/30/24 13:22,"205 Highland St, New York City, NY 10001"
,,,,,
213196,LG Washing Machine,1,600.0,06/08/24 17:59,"592 Hickory St, Atlanta, GA 30301"
213197,AAA Batteries (4-pack),1,2.99,06/08/24 21:59,"634 Forest St, New York City, NY 10001"
213198,Wired Headphones,1,11.99,06/14/24 09:34,"137 Maple St, New York City, NY 10001"
213199,Wired Headphones,1,11.99,06/12/24 06:02,"374 Ridge St, Dallas, TX 75001"
213200,27in 4K Gaming Monitor,1,389.99,06/16/24 15:32,"479 Pine St, Atlanta, GA 30301"
213201,Wired Headphones,1,11.99,06/01/24 22:59,"749 7th St, Dallas, TX 75001"
213202,Google Phone,1,600,06/12/24 18:14,"774 Maple St, New York City, NY 10001"
213203,AAA Batteries (4-pack),2,2.99,06/15/24 16:49,"628 Church St, New York City, NY 10001"
213204,Bose SoundSport Headphones,2,99.99,06/13/24 21:32,"520 Johnson St, San Francisco, CA 94016"
213205,27in FHD Monitor,1,149.99,06/10/24 16:20,"49 River St, Portland, OR 97035"
213206,Lightning Charging Cable,2,14.95,06/21/24 12:50,"109 8th St, Portland, OR 97035"
213207,Lightning Charging Cable,1,14.95,06/12/24 22:51,"931 Walnut St, Los Angeles, CA 90001"
213208,Wired Headphones,3,11.99,06/12/24 14:35,"994 Dogwood St, San Francisco, CA 94016"
213209,Flatscreen TV,1,300,06/02/24 01:59,"472 Wilson St, San Francisco, CA 94016"
213210,AAA Batteries (4-pack),2,2.99,06/22/24 18:15,"156 Madison St, Seattle, WA 98101"
213211,Bose SoundSport Headphones,1,99.99,06/05/24 16:59,"415 Chestnut St, San Francisco, CA 94016"
213212,Google Phone,1,600,06/29/24 13:21,"977 Church St, Los Angeles, CA 90001"
213212,USB-C Charging Cable,2,11.95,06/29/24 13:21,"977 Church St, Los Angeles, CA 90001"
213213,Lightning Charging Cable,1,14.95,06/30/24 20:46,"233 Wilson St, Boston, MA 02215"
213214,Lightning Charging Cable,1,14.95,06/13/24 23:02,"306 14th St, Portland, OR 97035"
213215,27in FHD Monitor,1,149.99,06/26/24 20:58,"624 Madison St, Boston, MA 02215"
213216,iPhone,1,700,06/22/24 08:04,"40 Washington St, Los Angeles, CA 90001"
213216,Lightning Charging Cable,1,14.95,06/22/24 08:04,"40 Washington St, Los Angeles, CA 90001"
213217,AA Batteries (4-pack),3,3.84,06/03/24 15:34,"763 6th St, Seattle, WA 98101"
213218,Wired Headphones,1,11.99,06/29/24 18:13,"423 9th St, San Francisco, CA 94016"
213219,AAA Batteries (4-pack),2,2.99,06/18/24 18:48,"46 Cedar St, Seattle, WA 98101"
213220,Lightning Charging Cable,1,14.95,06/18/24 01:19,"264 9th St, Los Angeles, CA 90001"
213221,AAA Batteries (4-pack),1,2.99,06/06/24 14:20,"20 Meadow St, Atlanta, GA 30301"
213222,Wired Headphones,1,11.99,06/11/24 14:39,"369 2nd St, Los Angeles, CA 90001"
213223,Flatscreen TV,1,300,06/30/24 01:28,"369 River St, Austin, TX 73301"
213224,Lightning Charging Cable,1,14.95,06/24/24 23:59,"746 West St, San Francisco, CA 94016"
213225,AAA Batteries (4-pack),2,2.99,06/02/24 07:06,"758 1st St, San Francisco, CA 94016"
213226,AAA Batteries (4-pack),1,2.99,06/08/24 18:07,"355 4th St, New York City, NY 10001"
213227,34in Ultrawide Monitor,1,379.99,06/12/24 14:41,"921 Church St, San Francisco, CA 94016"
213228,Lightning Charging Cable,1,14.95,06/07/24 19:31,"783 West St, Boston, MA 02215"
213229,Bose SoundSport Headphones,1,99.99,06/21/24 21:48,"707 Ridge St, Portland, OR 97035"
213230,Wired Headphones,2,11.99,06/21/24 15:25,"404 Chestnut St, Boston, MA 02215"
213231,AA Batteries (4-pack),2,3.84,06/08/24 19:46,"163 Ridge St, San Francisco, CA 94016"
213231,27in 4K Gaming Monitor,1,389.99,06/08/24 19:46,"163 Ridge St, San Francisco, CA 94016"
213232,Lightning Charging Cable,1,14.95,06/14/24 13:00,"305 14th St, Boston, MA 02215"
213233,Lightning Charging Cable,1,14.95,06/02/24 10:55,"790 West St, San Francisco, CA 94016"
213234,AAA Batteries (4-pack),1,2.99,06/06/24 18:32,"603 Jackson St, Dallas, TX 75001"
213235,Bose SoundSport Headphones,1,99.99,06/17/24 17:20,"235 Willow St, Boston, MA 02215"
213236,AAA Batteries (4-pack),1,2.99,06/01/24 13:23,"134 Hill St, Los Angeles, CA 90001"
213237,Wired Headphones,1,11.99,06/20/24 19:09,"449 North St, Seattle, WA 98101"
213238,Apple Airpods Headphones,1,150,06/30/24 14:28,"849 Lake St, Atlanta, GA 30301"
213239,AA Batteries (4-pack),1,3.84,06/19/24 08:05,"263 13th St, Dallas, TX 75001"
213240,USB-C Charging Cable,3,11.95,06/26/24 12:05,"85 South St, Boston, MA 02215"
213241,Macbook Pro Laptop,1,1700,06/04/24 19:44,"527 West St, Portland, OR 97035"
213242,27in FHD Monitor,1,149.99,06/05/24 17:10,"654 1st St, Boston, MA 02215"
213243,Lightning Charging Cable,1,14.95,06/01/24 19:08,"34 Lincoln St, Seattle, WA 98101"
213244,AAA Batteries (4-pack),2,2.99,06/23/24 13:54,"303 Ridge St, Seattle, WA 98101"
213245,AA Batteries (4-pack),1,3.84,06/15/24 15:08,"185 River St, Los Angeles, CA 90001"
213246,AA Batteries (4-pack),1,3.84,06/06/24 11:59,"265 Highland St, Atlanta, GA 30301"
213247,Google Phone,1,600,06/19/24 15:35,"26 Hill St, Los Angeles, CA 90001"
213247,Wired Headphones,1,11.99,06/19/24 15:35,"26 Hill St, Los Angeles, CA 90001"
213248,AAA Batteries (4-pack),2,2.99,06/21/24 17:42,"595 Cherry St, Dallas, TX 75001"
213249,Wired Headphones,1,11.99,06/18/24 16:48,"743 Lakeview St, New York City, NY 10001"
213250,USB-C Charging Cable,1,11.95,06/15/24 00:01,"913 4th St, San Francisco, CA 94016"
213251,Wired Headphones,1,11.99,06/17/24 21:34,"321 8th St, Boston, MA 02215"
213252,iPhone,1,700,06/06/24 10:06,"251 Chestnut St, Los Angeles, CA 90001"
213253,Bose SoundSport Headphones,1,99.99,06/08/24 11:33,"732 Highland St, Dallas, TX 75001"
213254,27in 4K Gaming Monitor,1,389.99,06/06/24 12:00,"626 Ridge St, San Francisco, CA 94016"
213255,AAA Batteries (4-pack),1,2.99,06/11/24 10:35,"933 12th St, Seattle, WA 98101"
213256,Flatscreen TV,1,300,06/15/24 11:16,"489 Lincoln St, Atlanta, GA 30301"
213257,Apple Airpods Headphones,1,150,06/08/24 11:06,"593 Cedar St, Dallas, TX 75001"
213258,27in 4K Gaming Monitor,1,389.99,06/22/24 17:37,"109 Cherry St, Seattle, WA 98101"
213259,USB-C Charging Cable,1,11.95,06/17/24 21:52,"976 Main St, Boston, MA 02215"
213260,34in Ultrawide Monitor,1,379.99,06/23/24 23:57,"811 Center St, Austin, TX 73301"
213261,Wired Headphones,1,11.99,06/17/24 08:18,"42 Sunset St, Seattle, WA 98101"
213262,Wired Headphones,1,11.99,06/19/24 12:52,"710 5th St, San Francisco, CA 94016"
213263,Lightning Charging Cable,1,14.95,06/04/24 09:04,"546 Forest St, Los Angeles, CA 90001"
213264,34in Ultrawide Monitor,1,379.99,06/24/24 18:17,"913 Hill St, Austin, TX 73301"
213265,AAA Batteries (4-pack),2,2.99,06/20/24 21:10,"795 1st St, San Francisco, CA 94016"
213266,20in Monitor,1,109.99,06/07/24 14:33,"422 10th St, Seattle, WA 98101"
213267,Apple Airpods Headphones,1,150,06/24/24 19:59,"631 Ridge St, Boston, MA 02215"
213267,AAA Batteries (4-pack),5,2.99,06/24/24 19:59,"631 Ridge St, Boston, MA 02215"
213268,iPhone,1,700,06/21/24 20:13,"307 South St, Atlanta, GA 30301"
213268,Lightning Charging Cable,1,14.95,06/21/24 20:13,"307 South St, Atlanta, GA 30301"
213269,Macbook Pro Laptop,1,1700,06/04/24 12:12,"301 Pine St, Boston, MA 02215"
213270,USB-C Charging Cable,1,11.95,06/21/24 15:21,"909 Forest St, Austin, TX 73301"
213271,USB-C Charging Cable,1,11.95,06/02/24 22:01,"19 Cedar St, New York City, NY 10001"
213272,27in 4K Gaming Monitor,1,389.99,06/28/24 08:43,"484 Johnson St, San Francisco, CA 94016"
213273,Lightning Charging Cable,1,14.95,06/30/24 21:06,"268 8th St, Los Angeles, CA 90001"
213274,iPhone,1,700,06/21/24 23:59,"434 Lake St, Los Angeles, CA 90001"
213274,Lightning Charging Cable,1,14.95,06/21/24 23:59,"434 Lake St, Los Angeles, CA 90001"
213275,Lightning Charging Cable,1,14.95,06/14/24 17:02,"819 Wilson St, New York City, NY 10001"
213276,AAA Batteries (4-pack),2,2.99,06/06/24 16:44,"399 Madison St, Los Angeles, CA 90001"
213277,Lightning Charging Cable,1,14.95,06/14/24 10:16,"766 Forest St, Atlanta, GA 30301"
213278,iPhone,1,700,06/22/24 08:56,"305 Johnson St, New York City, NY 10001"
213279,AA Batteries (4-pack),1,3.84,06/11/24 15:16,"339 Chestnut St, Los Angeles, CA 90001"
213280,AAA Batteries (4-pack),2,2.99,06/28/24 11:36,"559 6th St, Boston, MA 02215"
213281,27in FHD Monitor,1,149.99,06/10/24 16:10,"361 North St, San Francisco, CA 94016"
213282,Wired Headphones,1,11.99,06/10/24 17:39,"849 Jefferson St, New York City, NY 10001"
213283,Apple Airpods Headphones,1,150,06/15/24 19:08,"30 River St, San Francisco, CA 94016"
213284,Lightning Charging Cable,1,14.95,06/03/24 21:21,"114 Madison St, San Francisco, CA 94016"
213285,AAA Batteries (4-pack),1,2.99,06/22/24 04:09,"579 Walnut St, Atlanta, GA 30301"
213286,AA Batteries (4-pack),1,3.84,06/19/24 12:21,"869 Johnson St, Los Angeles, CA 90001"
213287,Lightning Charging Cable,1,14.95,06/19/24 18:56,"314 2nd St, New York City, NY 10001"
213288,USB-C Charging Cable,1,11.95,06/16/24 12:32,"718 Spruce St, Atlanta, GA 30301"
213289,34in Ultrawide Monitor,1,379.99,06/19/24 22:33,"404 11th St, Seattle, WA 98101"
213290,Lightning Charging Cable,1,14.95,06/19/24 21:42,"466 Adams St, San Francisco, CA 94016"
213291,AAA Batteries (4-pack),1,2.99,06/05/24 23:06,"246 Spruce St, Dallas, TX 75001"
213292,AAA Batteries (4-pack),2,2.99,06/25/24 00:05,"175 Wilson St, New York City, NY 10001"
213293,ThinkPad Laptop,1,999.99,06/06/24 15:30,"824 6th St, Los Angeles, CA 90001"
213294,Google Phone,1,600,06/22/24 13:33,"522 13th St, Portland, ME 04101"
213295,27in FHD Monitor,1,149.99,06/05/24 16:36,"312 13th St, Los Angeles, CA 90001"
213296,Bose SoundSport Headphones,1,99.99,06/29/24 20:41,"464 Cherry St, San Francisco, CA 94016"
213297,AA Batteries (4-pack),1,3.84,06/30/24 13:49,"186 Elm St, Dallas, TX 75001"
213298,Apple Airpods Headphones,1,150,06/01/24 14:22,"959 Lakeview St, San Francisco, CA 94016"
213299,iPhone,1,700,06/05/24 14:09,"699 14th St, New York City, NY 10001"
213299,Lightning Charging Cable,1,14.95,06/05/24 14:09,"699 14th St, New York City, NY 10001"
213300,Vareebadd Phone,1,400,06/24/24 16:54,"110 Jefferson St, Dallas, TX 75001"
213301,Macbook Pro Laptop,1,1700,06/16/24 12:45,"376 Park St, San Francisco, CA 94016"
213302,27in 4K Gaming Monitor,1,389.99,06/02/24 15:11,"905 11th St, San Francisco, CA 94016"
213303,Apple Airpods Headphones,1,150,06/07/24 20:09,"309 Jefferson St, New York City, NY 10001"
213304,Lightning Charging Cable,1,14.95,06/27/24 11:12,"377 11th St, Boston, MA 02215"
213305,34in Ultrawide Monitor,1,379.99,06/24/24 04:40,"505 Park St, Los Angeles, CA 90001"
213306,Lightning Charging Cable,2,14.95,06/23/24 20:38,"543 Walnut St, Los Angeles, CA 90001"
213307,34in Ultrawide Monitor,1,379.99,06/30/24 12:43,"985 2nd St, New York City, NY 10001"
213308,Wired Headphones,1,11.99,06/29/24 09:29,"216 Chestnut St, Los Angeles, CA 90001"
213309,Wired Headphones,1,11.99,06/05/24 20:59,"100 5th St, Seattle, WA 98101"
213310,USB-C Charging Cable,1,11.95,06/08/24 04:00,"451 Hickory St, Boston, MA 02215"
213311,Bose SoundSport Headphones,1,99.99,06/14/24 15:49,"292 Park St, Atlanta, GA 30301"
213312,Macbook Pro Laptop,1,1700,06/13/24 02:46,"834 Main St, Dallas, TX 75001"
213313,AAA Batteries (4-pack),2,2.99,06/05/24 11:36,"851 1st St, Los Angeles, CA 90001"
213314,AA Batteries (4-pack),1,3.84,06/30/24 09:54,"269 2nd St, Los Angeles, CA 90001"
213315,Lightning Charging Cable,1,14.95,06/15/24 15:08,"275 8th St, Seattle, WA 98101"
213316,Google Phone,1,600,06/23/24 00:34,"529 Chestnut St, San Francisco, CA 94016"
213317,Wired Headphones,1,11.99,06/09/24 08:24,"319 Chestnut St, Los Angeles, CA 90001"
213318,27in 4K Gaming Monitor,1,389.99,06/10/24 06:59,"947 Cherry St, Dallas, TX 75001"
213319,AAA Batteries (4-pack),1,2.99,06/20/24 10:31,"646 Spruce St, San Francisco, CA 94016"
213320,iPhone,1,700,06/10/24 13:55,"998 8th St, New York City, NY 10001"
213321,Apple Airpods Headphones,1,150,06/16/24 18:40,"864 8th St, Atlanta, GA 30301"
213322,27in 4K Gaming Monitor,1,389.99,06/17/24 21:06,"763 Lake St, Atlanta, GA 30301"
213323,Lightning Charging Cable,1,14.95,06/27/24 11:25,"102 Elm St, Boston, MA 02215"
213324,Apple Airpods Headphones,1,150,06/07/24 17:54,"838 Washington St, Seattle, WA 98101"
213325,27in 4K Gaming Monitor,1,389.99,06/24/24 23:00,"237 Meadow St, New York City, NY 10001"
213326,27in FHD Monitor,1,149.99,06/28/24 19:32,"671 Wilson St, San Francisco, CA 94016"
213327,Lightning Charging Cable,1,14.95,06/25/24 14:07,"221 Walnut St, Boston, MA 02215"
213328,Flatscreen TV,1,300,06/24/24 20:10,"191 Lake St, Los Angeles, CA 90001"
213329,AA Batteries (4-pack),1,3.84,06/12/24 14:42,"1 8th St, Dallas, TX 75001"
213330,34in Ultrawide Monitor,1,379.99,06/03/24 09:38,"60 North St, San Francisco, CA 94016"
213331,Lightning Charging Cable,1,14.95,06/22/24 13:50,"320 Wilson St, Los Angeles, CA 90001"
213331,Macbook Pro Laptop,1,1700,06/22/24 13:50,"320 Wilson St, Los Angeles, CA 90001"
213332,27in 4K Gaming Monitor,1,389.99,06/04/24 20:46,"325 Ridge St, San Francisco, CA 94016"
213332,USB-C Charging Cable,1,11.95,06/04/24 20:46,"325 Ridge St, San Francisco, CA 94016"
213333,Apple Airpods Headphones,1,150,06/03/24 19:50,"55 Johnson St, San Francisco, CA 94016"
213334,Lightning Charging Cable,1,14.95,06/08/24 12:41,"678 River St, Seattle, WA 98101"
213335,Wired Headphones,1,11.99,06/22/24 15:27,"474 Hill St, Los Angeles, CA 90001"
213336,Wired Headphones,1,11.99,06/01/24 21:29,"393 11th St, Los Angeles, CA 90001"
213337,USB-C Charging Cable,1,11.95,06/17/24 11:42,"815 12th St, Austin, TX 73301"
213338,Bose SoundSport Headphones,1,99.99,06/26/24 07:48,"769 10th St, San Francisco, CA 94016"
213339,Flatscreen TV,1,300,06/08/24 11:44,"859 Willow St, Atlanta, GA 30301"
213340,Wired Headphones,1,11.99,06/13/24 10:31,"249 Lake St, New York City, NY 10001"
213341,27in 4K Gaming Monitor,1,389.99,06/12/24 22:58,"271 Sunset St, San Francisco, CA 94016"
213342,AA Batteries (4-pack),1,3.84,06/07/24 17:16,"195 5th St, Portland, OR 97035"
213343,Lightning Charging Cable,1,14.95,06/13/24 14:57,"562 11th St, San Francisco, CA 94016"
213344,USB-C Charging Cable,3,11.95,06/16/24 11:42,"511 12th St, New York City, NY 10001"
213345,Wired Headphones,1,11.99,06/16/24 13:39,"617 6th St, San Francisco, CA 94016"
213346,iPhone,1,700,06/17/24 08:56,"656 Ridge St, Austin, TX 73301"
213347,Macbook Pro Laptop,1,1700,06/02/24 19:24,"56 5th St, Austin, TX 73301"
213348,AAA Batteries (4-pack),1,2.99,06/17/24 21:41,"451 Lake St, San Francisco, CA 94016"
213349,AAA Batteries (4-pack),2,2.99,06/20/24 11:22,"737 4th St, Boston, MA 02215"
213350,Wired Headphones,1,11.99,06/16/24 04:37,"315 Meadow St, Atlanta, GA 30301"
213351,Lightning Charging Cable,1,14.95,06/11/24 22:48,"207 Church St, Atlanta, GA 30301"
213352,27in 4K Gaming Monitor,1,389.99,06/01/24 23:32,"557 Pine St, San Francisco, CA 94016"
213353,USB-C Charging Cable,1,11.95,06/13/24 15:45,"958 Cedar St, Austin, TX 73301"
213354,34in Ultrawide Monitor,1,379.99,06/04/24 20:52,"565 Main St, New York City, NY 10001"
213355,AAA Batteries (4-pack),1,2.99,06/25/24 15:01,"313 Wilson St, Atlanta, GA 30301"
213356,Lightning Charging Cable,1,14.95,06/17/24 15:24,"741 Forest St, New York City, NY 10001"
213357,USB-C Charging Cable,2,11.95,06/10/24 09:36,"352 Spruce St, Portland, OR 97035"
213358,AA Batteries (4-pack),1,3.84,06/26/24 17:54,"994 Lake St, Austin, TX 73301"
213359,34in Ultrawide Monitor,1,379.99,06/18/24 20:57,"81 9th St, San Francisco, CA 94016"
213360,Bose SoundSport Headphones,1,99.99,06/21/24 08:35,"162 Willow St, Portland, OR 97035"
213361,Apple Airpods Headphones,1,150,06/12/24 11:49,"116 7th St, Seattle, WA 98101"
213362,Google Phone,1,600,06/03/24 18:47,"163 Elm St, San Francisco, CA 94016"
213363,27in 4K Gaming Monitor,1,389.99,06/27/24 19:47,"674 1st St, San Francisco, CA 94016"
213364,Wired Headphones,1,11.99,06/17/24 16:00,"35 Forest St, Austin, TX 73301"
213365,iPhone,1,700,06/29/24 11:56,"999 Church St, San Francisco, CA 94016"
213365,Wired Headphones,1,11.99,06/29/24 11:56,"999 Church St, San Francisco, CA 94016"
213366,LG Dryer,1,600.0,06/19/24 15:19,"842 Jefferson St, San Francisco, CA 94016"
213367,iPhone,1,700,06/14/24 01:11,"506 12th St, Seattle, WA 98101"
213367,Lightning Charging Cable,1,14.95,06/14/24 01:11,"506 12th St, Seattle, WA 98101"
213368,AAA Batteries (4-pack),1,2.99,06/15/24 10:58,"379 Lakeview St, San Francisco, CA 94016"
213369,Apple Airpods Headphones,1,150,06/23/24 20:46,"217 14th St, Dallas, TX 75001"
213370,AA Batteries (4-pack),1,3.84,06/05/24 10:54,"778 Spruce St, San Francisco, CA 94016"
213371,20in Monitor,1,109.99,06/25/24 14:57,"486 Cherry St, Los Angeles, CA 90001"
213372,AA Batteries (4-pack),1,3.84,06/13/24 15:54,"576 Elm St, San Francisco, CA 94016"
213373,Wired Headphones,1,11.99,06/05/24 21:09,"899 South St, San Francisco, CA 94016"
213374,USB-C Charging Cable,1,11.95,06/07/24 19:47,"868 Hill St, San Francisco, CA 94016"
213375,AA Batteries (4-pack),2,3.84,06/20/24 21:07,"665 2nd St, Boston, MA 02215"
213376,Bose SoundSport Headphones,1,99.99,06/07/24 09:25,"615 13th St, Los Angeles, CA 90001"
213377,Apple Airpods Headphones,1,150,06/04/24 13:58,"500 Center St, Los Angeles, CA 90001"
213378,Lightning Charging Cable,1,14.95,06/27/24 19:49,"881 Dogwood St, San Francisco, CA 94016"
213379,Lightning Charging Cable,1,14.95,06/20/24 23:58,"506 Highland St, New York City, NY 10001"
213380,Wired Headphones,1,11.99,06/17/24 10:05,"802 South St, San Francisco, CA 94016"
213381,AAA Batteries (4-pack),2,2.99,06/08/24 23:58,"828 Willow St, Seattle, WA 98101"
213382,Google Phone,1,600,06/01/24 12:47,"608 North St, Los Angeles, CA 90001"
213383,Apple Airpods Headphones,1,150,06/15/24 09:15,"460 Ridge St, Dallas, TX 75001"
213384,USB-C Charging Cable,1,11.95,06/04/24 08:23,"464 12th St, New York City, NY 10001"
213385,AAA Batteries (4-pack),1,2.99,06/18/24 15:06,"471 Main St, Dallas, TX 75001"
213386,ThinkPad Laptop,1,999.99,06/15/24 22:43,"339 Main St, Boston, MA 02215"
213387,Apple Airpods Headphones,1,150,06/09/24 18:40,"485 Cherry St, San Francisco, CA 94016"
213388,USB-C Charging Cable,1,11.95,06/21/24 07:38,"308 Dogwood St, Atlanta, GA 30301"
213389,ThinkPad Laptop,1,999.99,06/16/24 18:23,"4 River St, New York City, NY 10001"
213390,USB-C Charging Cable,1,11.95,06/05/24 21:02,"348 River St, Los Angeles, CA 90001"
213391,Wired Headphones,1,11.99,06/02/24 20:24,"213 Forest St, Atlanta, GA 30301"
213392,ThinkPad Laptop,1,999.99,06/10/24 11:01,"784 Cedar St, Dallas, TX 75001"
213393,Bose SoundSport Headphones,1,99.99,06/21/24 16:06,"158 Willow St, Atlanta, GA 30301"
213394,AAA Batteries (4-pack),2,2.99,06/29/24 16:34,"838 Pine St, Boston, MA 02215"
213395,Lightning Charging Cable,1,14.95,06/04/24 07:53,"188 Chestnut St, San Francisco, CA 94016"
213396,Lightning Charging Cable,3,14.95,06/14/24 14:02,"614 South St, New York City, NY 10001"
213397,Wired Headphones,1,11.99,06/15/24 17:06,"430 Forest St, San Francisco, CA 94016"
213398,AAA Batteries (4-pack),3,2.99,06/29/24 09:58,"893 8th St, Portland, ME 04101"
213399,27in 4K Gaming Monitor,1,389.99,06/26/24 20:02,"636 Sunset St, Boston, MA 02215"
213400,AA Batteries (4-pack),1,3.84,06/24/24 14:45,"427 Maple St, San Francisco, CA 94016"
213401,iPhone,1,700,06/19/24 19:12,"404 Madison St, Austin, TX 73301"
213401,Lightning Charging Cable,1,14.95,06/19/24 19:12,"404 Madison St, Austin, TX 73301"
213401,Apple Airpods Headphones,1,150,06/19/24 19:12,"404 Madison St, Austin, TX 73301"
213402,Bose SoundSport Headphones,1,99.99,06/30/24 11:24,"312 Lakeview St, Los Angeles, CA 90001"
213403,Apple Airpods Headphones,1,150,06/05/24 15:27,"285 Park St, San Francisco, CA 94016"
213404,Bose SoundSport Headphones,1,99.99,06/16/24 20:23,"676 Lakeview St, San Francisco, CA 94016"
213405,Wired Headphones,1,11.99,06/13/24 18:25,"283 14th St, Los Angeles, CA 90001"
213406,27in FHD Monitor,1,149.99,06/14/24 09:30,"761 8th St, Austin, TX 73301"
213407,AA Batteries (4-pack),3,3.84,06/14/24 20:34,"695 Park St, Boston, MA 02215"
213408,Apple Airpods Headphones,1,150,06/11/24 15:25,"612 13th St, New York City, NY 10001"
213409,AAA Batteries (4-pack),1,2.99,06/05/24 23:53,"868 Willow St, San Francisco, CA 94016"
213410,AA Batteries (4-pack),2,3.84,06/08/24 08:35,"937 8th St, Portland, OR 97035"
213411,Wired Headphones,2,11.99,06/10/24 22:04,"211 Park St, San Francisco, CA 94016"
213412,AA Batteries (4-pack),1,3.84,06/04/24 00:29,"142 13th St, San Francisco, CA 94016"
213413,USB-C Charging Cable,1,11.95,06/22/24 20:19,"144 Walnut St, San Francisco, CA 94016"
213414,Apple Airpods Headphones,1,150,06/29/24 21:15,"947 Lincoln St, New York City, NY 10001"
213415,AA Batteries (4-pack),1,3.84,06/12/24 14:50,"490 Adams St, Los Angeles, CA 90001"
213416,Flatscreen TV,1,300,06/09/24 11:10,"204 Center St, Austin, TX 73301"
213417,ThinkPad Laptop,1,999.99,06/10/24 13:20,"73 Main St, Portland, OR 97035"
213418,ThinkPad Laptop,1,999.99,06/15/24 18:53,"958 Elm St, Dallas, TX 75001"
213419,Apple Airpods Headphones,1,150,06/20/24 09:57,"821 6th St, Boston, MA 02215"
213420,Lightning Charging Cable,1,14.95,06/03/24 20:08,"514 Hickory St, Los Angeles, CA 90001"
213421,Wired Headphones,1,11.99,06/24/24 12:16,"463 Dogwood St, Portland, OR 97035"
213422,Lightning Charging Cable,1,14.95,06/29/24 17:01,"69 Hill St, Dallas, TX 75001"
213423,AA Batteries (4-pack),2,3.84,06/16/24 20:04,"742 Madison St, Boston, MA 02215"
213424,Lightning Charging Cable,1,14.95,06/16/24 17:58,"556 Johnson St, San Francisco, CA 94016"
213425,Wired Headphones,1,11.99,06/15/24 17:43,"200 8th St, Los Angeles, CA 90001"
213426,iPhone,1,700,06/21/24 17:39,"644 7th St, Portland, OR 97035"
213426,AAA Batteries (4-pack),1,2.99,06/21/24 17:39,"644 7th St, Portland, OR 97035"
213427,AA Batteries (4-pack),1,3.84,06/10/24 13:43,"768 9th St, San Francisco, CA 94016"
213428,27in FHD Monitor,1,149.99,06/22/24 19:11,"25 Park St, San Francisco, CA 94016"
213429,USB-C Charging Cable,1,11.95,06/27/24 08:52,"140 Cherry St, Los Angeles, CA 90001"
213430,AAA Batteries (4-pack),1,2.99,06/20/24 14:10,"681 Maple St, New York City, NY 10001"
213431,LG Washing Machine,1,600.0,06/10/24 13:07,"643 Pine St, Seattle, WA 98101"
213432,34in Ultrawide Monitor,1,379.99,06/03/24 16:41,"486 Main St, Seattle, WA 98101"
213433,AAA Batteries (4-pack),1,2.99,06/17/24 15:21,"823 4th St, Los Angeles, CA 90001"
213434,USB-C Charging Cable,1,11.95,06/26/24 23:13,"598 Main St, Boston, MA 02215"
213435,Macbook Pro Laptop,1,1700,06/09/24 13:40,"511 Cedar St, New York City, NY 10001"
213436,Wired Headphones,2,11.99,06/23/24 09:01,"971 11th St, San Francisco, CA 94016"
213437,Bose SoundSport Headphones,1,99.99,06/22/24 11:08,"636 9th St, Austin, TX 73301"
213438,Apple Airpods Headphones,1,150,06/29/24 13:44,"839 11th St, Austin, TX 73301"
213439,Wired Headphones,1,11.99,06/28/24 13:10,"925 Walnut St, Los Angeles, CA 90001"
213440,Lightning Charging Cable,2,14.95,06/22/24 20:23,"657 5th St, Los Angeles, CA 90001"
213441,USB-C Charging Cable,1,11.95,06/04/24 00:48,"952 Dogwood St, Austin, TX 73301"
213442,iPhone,1,700,06/05/24 12:08,"693 Ridge St, San Francisco, CA 94016"
213443,Lightning Charging Cable,1,14.95,06/23/24 23:30,"572 Madison St, Los Angeles, CA 90001"
213444,Vareebadd Phone,1,400,06/26/24 15:09,"792 Main St, San Francisco, CA 94016"
213444,Bose SoundSport Headphones,2,99.99,06/26/24 15:09,"792 Main St, San Francisco, CA 94016"
213445,27in 4K Gaming Monitor,1,389.99,06/10/24 19:47,"615 Hill St, Los Angeles, CA 90001"
213446,27in 4K Gaming Monitor,1,389.99,06/23/24 14:06,"979 South St, Atlanta, GA 30301"
213447,iPhone,1,700,06/08/24 23:26,"962 Jackson St, San Francisco, CA 94016"
213448,Flatscreen TV,1,300,06/24/24 11:41,"935 Highland St, Seattle, WA 98101"
213449,Google Phone,1,600,06/19/24 14:24,"339 Chestnut St, Dallas, TX 75001"
213450,Apple Airpods Headphones,1,150,06/09/24 13:32,"836 Madison St, New York City, NY 10001"
213451,AAA Batteries (4-pack),1,2.99,06/13/24 10:20,"49 Cedar St, San Francisco, CA 94016"
213451,Lightning Charging Cable,1,14.95,06/13/24 10:20,"49 Cedar St, San Francisco, CA 94016"
213452,Wired Headphones,1,11.99,06/02/24 12:17,"393 Park St, Portland, OR 97035"
213453,Apple Airpods Headphones,1,150,06/24/24 13:10,"811 7th St, Los Angeles, CA 90001"
213454,Flatscreen TV,1,300,06/01/24 19:54,"408 Hill St, Boston, MA 02215"
213455,Apple Airpods Headphones,1,150,06/12/24 11:57,"158 Church St, San Francisco, CA 94016"
213456,USB-C Charging Cable,1,11.95,06/24/24 10:08,"231 Forest St, San Francisco, CA 94016"
213457,USB-C Charging Cable,1,11.95,06/23/24 11:24,"941 2nd St, Portland, OR 97035"
213458,AA Batteries (4-pack),1,3.84,06/24/24 21:35,"781 8th St, Seattle, WA 98101"
213459,AA Batteries (4-pack),3,3.84,06/03/24 14:53,"633 2nd St, Los Angeles, CA 90001"
213460,AA Batteries (4-pack),1,3.84,06/17/24 18:02,"480 Chestnut St, Boston, MA 02215"
213461,USB-C Charging Cable,1,11.95,06/17/24 16:37,"97 River St, Boston, MA 02215"
213462,Wired Headphones,1,11.99,06/17/24 06:19,"30 South St, Los Angeles, CA 90001"
213463,Lightning Charging Cable,1,14.95,06/04/24 03:19,"497 8th St, Dallas, TX 75001"
213464,Lightning Charging Cable,1,14.95,06/19/24 19:13,"720 Johnson St, San Francisco, CA 94016"
213465,Lightning Charging Cable,1,14.95,06/15/24 15:46,"697 Washington St, Dallas, TX 75001"
213466,Bose SoundSport Headphones,1,99.99,06/04/24 21:12,"165 Madison St, Los Angeles, CA 90001"
213467,ThinkPad Laptop,1,999.99,06/29/24 21:45,"544 Cherry St, Atlanta, GA 30301"
213468,Lightning Charging Cable,1,14.95,06/04/24 11:13,"171 Walnut St, San Francisco, CA 94016"
213469,27in FHD Monitor,1,149.99,06/22/24 17:43,"146 Willow St, Dallas, TX 75001"
213470,Apple Airpods Headphones,1,150,06/18/24 11:46,"206 River St, Dallas, TX 75001"
213471,AA Batteries (4-pack),1,3.84,06/07/24 00:08,"592 Washington St, Seattle, WA 98101"
213472,Flatscreen TV,1,300,06/07/24 20:38,"38 Main St, San Francisco, CA 94016"
213473,AA Batteries (4-pack),1,3.84,06/03/24 12:09,"981 Lakeview St, Atlanta, GA 30301"
213474,34in Ultrawide Monitor,1,379.99,06/28/24 14:30,"109 Ridge St, Seattle, WA 98101"
213475,34in Ultrawide Monitor,1,379.99,06/07/24 18:14,"924 Walnut St, Atlanta, GA 30301"
213476,Apple Airpods Headphones,1,150,06/17/24 10:05,"178 14th St, San Francisco, CA 94016"
213477,AA Batteries (4-pack),1,3.84,06/08/24 18:27,"762 Ridge St, Austin, TX 73301"
213478,Lightning Charging Cable,1,14.95,06/10/24 02:32,"692 Forest St, Dallas, TX 75001"
213479,20in Monitor,1,109.99,06/28/24 14:08,"816 Lake St, Dallas, TX 75001"
213480,Wired Headphones,2,11.99,06/13/24 22:50,"435 Jefferson St, Dallas, TX 75001"
213481,Wired Headphones,1,11.99,06/28/24 18:45,"339 4th St, Seattle, WA 98101"
213482,USB-C Charging Cable,1,11.95,06/29/24 12:08,"916 5th St, Los Angeles, CA 90001"
213483,AAA Batteries (4-pack),1,2.99,06/08/24 19:00,"577 Adams St, Boston, MA 02215"
213484,AAA Batteries (4-pack),2,2.99,06/11/24 11:57,"255 11th St, Seattle, WA 98101"
213485,USB-C Charging Cable,1,11.95,06/29/24 21:55,"875 Center St, San Francisco, CA 94016"
213486,27in FHD Monitor,1,149.99,06/25/24 17:44,"258 Jefferson St, New York City, NY 10001"
213487,Bose SoundSport Headphones,1,99.99,06/24/24 14:54,"353 Johnson St, Boston, MA 02215"
213488,AAA Batteries (4-pack),1,2.99,06/10/24 17:26,"343 2nd St, San Francisco, CA 94016"
213489,27in FHD Monitor,2,149.99,06/03/24 15:42,"263 Walnut St, Boston, MA 02215"
213490,27in FHD Monitor,1,149.99,06/01/24 13:04,"373 Forest St, Atlanta, GA 30301"
213491,Flatscreen TV,1,300,06/23/24 07:55,"638 Park St, San Francisco, CA 94016"
213492,USB-C Charging Cable,1,11.95,06/19/24 09:12,"448 Sunset St, Seattle, WA 98101"
213493,20in Monitor,1,109.99,06/24/24 02:26,"241 Main St, Los Angeles, CA 90001"
213493,Wired Headphones,1,11.99,06/24/24 02:26,"241 Main St, Los Angeles, CA 90001"
213494,Apple Airpods Headphones,1,150,06/23/24 10:28,"288 Church St, Boston, MA 02215"
213495,27in 4K Gaming Monitor,1,389.99,06/25/24 13:17,"647 Cherry St, Atlanta, GA 30301"
213496,Wired Headphones,1,11.99,06/21/24 10:49,"29 8th St, Atlanta, GA 30301"
213497,USB-C Charging Cable,1,11.95,06/19/24 21:43,"920 Meadow St, Atlanta, GA 30301"
213498,Lightning Charging Cable,1,14.95,06/21/24 18:35,"397 Sunset St, San Francisco, CA 94016"
213499,iPhone,1,700,06/29/24 10:50,"181 River St, Boston, MA 02215"
213500,Wired Headphones,1,11.99,06/01/24 09:41,"717 North St, Los Angeles, CA 90001"
213501,Bose SoundSport Headphones,1,99.99,06/20/24 10:51,"701 Lake St, San Francisco, CA 94016"
213502,USB-C Charging Cable,2,11.95,06/01/24 18:36,"337 4th St, Boston, MA 02215"
213503,Apple Airpods Headphones,1,150,06/15/24 17:47,"82 West St, Atlanta, GA 30301"
213504,Bose SoundSport Headphones,1,99.99,06/17/24 22:08,"929 Washington St, San Francisco, CA 94016"
213505,Wired Headphones,2,11.99,06/21/24 20:09,"523 10th St, Seattle, WA 98101"
213506,Apple Airpods Headphones,1,150,06/13/24 08:53,"296 Hill St, San Francisco, CA 94016"
213507,Wired Headphones,3,11.99,06/30/24 14:53,"549 Lincoln St, Portland, OR 97035"
213508,Apple Airpods Headphones,1,150,06/14/24 16:09,"975 Main St, New York City, NY 10001"
213509,20in Monitor,1,109.99,06/19/24 20:04,"464 Madison St, San Francisco, CA 94016"
213510,AA Batteries (4-pack),1,3.84,06/01/24 21:24,"125 Jefferson St, Boston, MA 02215"
213511,AA Batteries (4-pack),1,3.84,06/01/24 12:58,"256 Hill St, Atlanta, GA 30301"
213512,USB-C Charging Cable,2,11.95,06/18/24 18:51,"645 Chestnut St, Los Angeles, CA 90001"
213513,iPhone,1,700,06/06/24 18:52,"747 Jackson St, San Francisco, CA 94016"
213514,27in 4K Gaming Monitor,1,389.99,06/19/24 12:33,"929 11th St, Boston, MA 02215"
213515,iPhone,1,700,06/19/24 13:47,"693 Cherry St, Los Angeles, CA 90001"
213515,Apple Airpods Headphones,1,150,06/19/24 13:47,"693 Cherry St, Los Angeles, CA 90001"
213516,34in Ultrawide Monitor,1,379.99,06/01/24 17:51,"348 Hill St, Los Angeles, CA 90001"
213517,USB-C Charging Cable,2,11.95,06/04/24 16:21,"510 Ridge St, New York City, NY 10001"
213518,20in Monitor,1,109.99,06/16/24 09:50,"573 River St, Seattle, WA 98101"
213519,Wired Headphones,1,11.99,06/25/24 23:33,"481 River St, Portland, OR 97035"
213520,Wired Headphones,1,11.99,06/26/24 17:27,"383 Madison St, San Francisco, CA 94016"
213521,Macbook Pro Laptop,1,1700,06/21/24 18:38,"525 Forest St, San Francisco, CA 94016"
213522,Lightning Charging Cable,1,14.95,06/27/24 10:34,"373 Cherry St, Boston, MA 02215"
213523,USB-C Charging Cable,1,11.95,06/25/24 11:53,"128 Main St, Dallas, TX 75001"
213524,iPhone,1,700,06/23/24 23:43,"75 Lake St, Dallas, TX 75001"
213524,Wired Headphones,1,11.99,06/23/24 23:43,"75 Lake St, Dallas, TX 75001"
213525,Apple Airpods Headphones,1,150,06/07/24 16:16,"897 Spruce St, San Francisco, CA 94016"
213526,Wired Headphones,1,11.99,06/27/24 06:30,"415 Elm St, San Francisco, CA 94016"
213527,Wired Headphones,1,11.99,06/16/24 14:35,"636 Wilson St, San Francisco, CA 94016"
213528,Lightning Charging Cable,1,14.95,06/28/24 16:44,"53 Adams St, San Francisco, CA 94016"
213529,27in FHD Monitor,1,149.99,06/06/24 12:00,"521 Wilson St, Los Angeles, CA 90001"
213530,Bose SoundSport Headphones,1,99.99,06/14/24 18:59,"804 7th St, New York City, NY 10001"
213531,Vareebadd Phone,1,400,06/17/24 13:24,"436 North St, New York City, NY 10001"
213532,Wired Headphones,1,11.99,06/02/24 11:45,"467 Sunset St, Seattle, WA 98101"
213533,Wired Headphones,1,11.99,06/24/24 12:08,"441 Church St, Portland, OR 97035"
213534,AA Batteries (4-pack),1,3.84,06/26/24 01:37,"754 West St, San Francisco, CA 94016"
213535,LG Washing Machine,1,600.0,06/16/24 16:59,"166 Ridge St, San Francisco, CA 94016"
213536,Wired Headphones,1,11.99,06/20/24 16:59,"911 Hill St, Los Angeles, CA 90001"
213537,Apple Airpods Headphones,1,150,06/21/24 13:59,"772 West St, New York City, NY 10001"
213538,Wired Headphones,1,11.99,06/13/24 17:51,"507 Jackson St, Portland, OR 97035"
213539,AA Batteries (4-pack),1,3.84,06/10/24 09:51,"656 West St, Portland, ME 04101"
213540,AAA Batteries (4-pack),1,2.99,06/15/24 17:03,"996 Lake St, San Francisco, CA 94016"
213540,iPhone,1,700,06/15/24 17:03,"996 Lake St, San Francisco, CA 94016"
213541,Bose SoundSport Headphones,1,99.99,06/11/24 18:41,"523 Park St, Seattle, WA 98101"
213542,Apple Airpods Headphones,1,150,06/05/24 02:29,"479 River St, San Francisco, CA 94016"
213543,Bose SoundSport Headphones,1,99.99,06/10/24 19:54,"768 Meadow St, New York City, NY 10001"
213544,Lightning Charging Cable,1,14.95,06/18/24 14:45,"613 Dogwood St, San Francisco, CA 94016"
213545,AAA Batteries (4-pack),2,2.99,06/10/24 11:23,"531 Cedar St, Atlanta, GA 30301"
213546,Google Phone,1,600,06/19/24 13:04,"822 11th St, Atlanta, GA 30301"
213546,USB-C Charging Cable,1,11.95,06/19/24 13:04,"822 11th St, Atlanta, GA 30301"
213547,AAA Batteries (4-pack),2,2.99,06/09/24 15:33,"295 Willow St, Austin, TX 73301"
213548,Wired Headphones,1,11.99,06/27/24 06:59,"619 Park St, San Francisco, CA 94016"
213549,Apple Airpods Headphones,1,150,06/16/24 12:47,"692 5th St, Boston, MA 02215"
213550,AA Batteries (4-pack),1,3.84,06/09/24 20:36,"433 6th St, New York City, NY 10001"
213551,AA Batteries (4-pack),1,3.84,06/25/24 19:32,"323 Maple St, Boston, MA 02215"
213552,Macbook Pro Laptop,1,1700,06/05/24 11:26,"889 Dogwood St, Portland, OR 97035"
213553,Lightning Charging Cable,1,14.95,06/07/24 08:32,"20 Spruce St, San Francisco, CA 94016"
213554,iPhone,1,700,06/02/24 00:38,"890 Jefferson St, San Francisco, CA 94016"
213554,Flatscreen TV,1,300,06/02/24 00:38,"890 Jefferson St, San Francisco, CA 94016"
213555,Lightning Charging Cable,1,14.95,06/26/24 18:48,"542 9th St, Los Angeles, CA 90001"
213556,Lightning Charging Cable,1,14.95,06/28/24 17:55,"357 Church St, San Francisco, CA 94016"
213557,Wired Headphones,2,11.99,06/03/24 18:36,"330 4th St, Seattle, WA 98101"
213558,USB-C Charging Cable,1,11.95,06/10/24 10:13,"90 Elm St, Atlanta, GA 30301"
213559,Google Phone,1,600,06/10/24 12:14,"621 Cedar St, Los Angeles, CA 90001"
213559,USB-C Charging Cable,1,11.95,06/10/24 12:14,"621 Cedar St, Los Angeles, CA 90001"
213560,AAA Batteries (4-pack),1,2.99,06/25/24 22:42,"762 Willow St, Atlanta, GA 30301"
213561,Bose SoundSport Headphones,1,99.99,06/22/24 09:55,"801 Spruce St, Boston, MA 02215"
213562,AA Batteries (4-pack),1,3.84,06/15/24 14:45,"596 1st St, Los Angeles, CA 90001"
213563,Flatscreen TV,1,300,06/02/24 21:11,"139 7th St, Austin, TX 73301"
213564,iPhone,1,700,06/12/24 17:59,"606 Lake St, Seattle, WA 98101"
213565,Bose SoundSport Headphones,1,99.99,06/16/24 14:14,"364 1st St, San Francisco, CA 94016"
213566,AAA Batteries (4-pack),1,2.99,06/14/24 12:27,"940 Elm St, New York City, NY 10001"
213567,ThinkPad Laptop,1,999.99,06/19/24 13:25,"386 Chestnut St, Portland, OR 97035"
213568,USB-C Charging Cable,1,11.95,06/09/24 14:44,"842 North St, Dallas, TX 75001"
213569,Wired Headphones,1,11.99,06/23/24 12:48,"970 Jefferson St, Seattle, WA 98101"
213570,Lightning Charging Cable,3,14.95,06/22/24 10:48,"49 Elm St, San Francisco, CA 94016"
213571,USB-C Charging Cable,1,11.95,06/21/24 19:04,"887 Walnut St, San Francisco, CA 94016"
213572,AAA Batteries (4-pack),1,2.99,06/07/24 10:03,"674 Meadow St, Dallas, TX 75001"
213573,USB-C Charging Cable,1,11.95,06/06/24 13:24,"548 Jackson St, Dallas, TX 75001"
213574,AA Batteries (4-pack),1,3.84,06/24/24 10:08,"514 2nd St, Los Angeles, CA 90001"
213575,AAA Batteries (4-pack),1,2.99,06/29/24 15:22,"671 7th St, New York City, NY 10001"
213576,iPhone,1,700,06/27/24 17:53,"7 Cedar St, San Francisco, CA 94016"
213577,20in Monitor,1,109.99,06/09/24 17:55,"931 Jefferson St, Seattle, WA 98101"
213578,ThinkPad Laptop,1,999.99,06/22/24 14:57,"504 Highland St, Seattle, WA 98101"
213579,Apple Airpods Headphones,1,150,06/25/24 20:49,"708 14th St, Austin, TX 73301"
213580,USB-C Charging Cable,1,11.95,06/25/24 19:25,"166 12th St, Boston, MA 02215"
213581,Bose SoundSport Headphones,1,99.99,06/21/24 09:02,"113 1st St, Los Angeles, CA 90001"
213582,AA Batteries (4-pack),2,3.84,06/01/24 14:29,"519 Church St, Seattle, WA 98101"
213583,34in Ultrawide Monitor,1,379.99,06/14/24 11:51,"138 12th St, San Francisco, CA 94016"
213584,USB-C Charging Cable,1,11.95,06/17/24 13:31,"452 Hill St, San Francisco, CA 94016"
213585,Bose SoundSport Headphones,1,99.99,06/21/24 12:32,"969 Cherry St, New York City, NY 10001"
213586,AA Batteries (4-pack),2,3.84,06/04/24 18:44,"504 Washington St, San Francisco, CA 94016"
213587,27in FHD Monitor,1,149.99,06/27/24 22:47,"46 Walnut St, Los Angeles, CA 90001"
213588,34in Ultrawide Monitor,1,379.99,06/29/24 17:14,"988 Willow St, Atlanta, GA 30301"
213589,27in FHD Monitor,1,149.99,06/01/24 15:38,"634 Maple St, Austin, TX 73301"
213590,Bose SoundSport Headphones,2,99.99,06/16/24 22:07,"231 Lakeview St, Los Angeles, CA 90001"
213591,Apple Airpods Headphones,1,150,06/30/24 14:01,"642 Spruce St, Dallas, TX 75001"
213592,34in Ultrawide Monitor,1,379.99,06/15/24 16:43,"706 Madison St, Boston, MA 02215"
213593,ThinkPad Laptop,1,999.99,06/25/24 19:32,"800 6th St, Boston, MA 02215"
213594,LG Dryer,1,600.0,06/03/24 22:48,"988 Jackson St, Boston, MA 02215"
213595,34in Ultrawide Monitor,1,379.99,06/30/24 08:51,"842 6th St, Los Angeles, CA 90001"
213596,Wired Headphones,2,11.99,06/29/24 22:56,"104 North St, San Francisco, CA 94016"
213597,Lightning Charging Cable,1,14.95,06/22/24 21:10,"261 10th St, San Francisco, CA 94016"
213598,AAA Batteries (4-pack),2,2.99,06/17/24 20:46,"264 14th St, Boston, MA 02215"
213599,AAA Batteries (4-pack),1,2.99,06/12/24 21:28,"954 13th St, Boston, MA 02215"
213600,Apple Airpods Headphones,1,150,06/21/24 11:15,"115 Cedar St, Seattle, WA 98101"
213601,USB-C Charging Cable,1,11.95,06/21/24 09:35,"687 Maple St, Los Angeles, CA 90001"
213602,Apple Airpods Headphones,1,150,06/14/24 21:05,"532 Main St, Los Angeles, CA 90001"
213603,Lightning Charging Cable,1,14.95,06/01/24 13:32,"161 8th St, Dallas, TX 75001"
213604,Apple Airpods Headphones,1,150,06/24/24 12:30,"820 Elm St, Austin, TX 73301"
213605,Apple Airpods Headphones,1,150,06/19/24 20:21,"530 5th St, Dallas, TX 75001"
213606,AAA Batteries (4-pack),1,2.99,06/01/24 19:58,"387 4th St, Atlanta, GA 30301"
213607,Wired Headphones,1,11.99,06/16/24 12:24,"516 6th St, Los Angeles, CA 90001"
213608,27in 4K Gaming Monitor,1,389.99,06/27/24 19:16,"891 Lakeview St, San Francisco, CA 94016"
213609,Lightning Charging Cable,1,14.95,06/13/24 12:04,"318 9th St, New York City, NY 10001"
213610,iPhone,1,700,06/03/24 21:04,"713 12th St, New York City, NY 10001"
213611,Apple Airpods Headphones,1,150,06/08/24 14:03,"993 Johnson St, Portland, ME 04101"
213612,ThinkPad Laptop,1,999.99,06/30/24 08:37,"241 Highland St, San Francisco, CA 94016"
213613,AAA Batteries (4-pack),1,2.99,06/23/24 11:13,"924 Park St, New York City, NY 10001"
213614,AA Batteries (4-pack),1,3.84,06/28/24 01:28,"727 7th St, Los Angeles, CA 90001"
213615,Lightning Charging Cable,1,14.95,06/11/24 09:26,"785 Lake St, Boston, MA 02215"
213616,AAA Batteries (4-pack),2,2.99,06/08/24 22:45,"717 Jackson St, San Francisco, CA 94016"
213617,Lightning Charging Cable,1,14.95,06/08/24 14:16,"171 Lakeview St, Boston, MA 02215"
213618,Bose SoundSport Headphones,1,99.99,06/14/24 20:29,"141 North St, Los Angeles, CA 90001"
213619,Google Phone,1,600,06/29/24 21:24,"895 13th St, Los Angeles, CA 90001"
213620,Lightning Charging Cable,1,14.95,06/18/24 08:57,"426 Elm St, San Francisco, CA 94016"
213621,Bose SoundSport Headphones,1,99.99,06/19/24 15:05,"491 12th St, New York City, NY 10001"
213622,Bose SoundSport Headphones,1,99.99,06/21/24 21:44,"752 North St, New York City, NY 10001"
213623,Apple Airpods Headphones,1,150,06/18/24 23:21,"914 8th St, Los Angeles, CA 90001"
213624,AAA Batteries (4-pack),1,2.99,06/05/24 12:51,"953 5th St, Atlanta, GA 30301"
213625,AA Batteries (4-pack),1,3.84,06/04/24 18:40,"249 4th St, San Francisco, CA 94016"
213626,20in Monitor,1,109.99,06/25/24 07:31,"20 Wilson St, Atlanta, GA 30301"
213627,Bose SoundSport Headphones,1,99.99,06/28/24 08:28,"256 Meadow St, Atlanta, GA 30301"
213628,USB-C Charging Cable,1,11.95,06/07/24 16:51,"926 Maple St, San Francisco, CA 94016"
213629,27in 4K Gaming Monitor,1,389.99,06/26/24 17:31,"353 South St, New York City, NY 10001"
213630,USB-C Charging Cable,2,11.95,06/12/24 19:12,"747 Highland St, Los Angeles, CA 90001"
213631,Lightning Charging Cable,1,14.95,06/01/24 17:04,"630 Forest St, Los Angeles, CA 90001"
213632,20in Monitor,1,109.99,06/23/24 17:12,"948 5th St, Boston, MA 02215"
213633,34in Ultrawide Monitor,1,379.99,06/25/24 18:30,"264 13th St, Los Angeles, CA 90001"
213634,Wired Headphones,1,11.99,06/14/24 15:52,"816 Adams St, San Francisco, CA 94016"
213635,27in 4K Gaming Monitor,1,389.99,06/25/24 09:22,"657 Park St, Los Angeles, CA 90001"
213636,34in Ultrawide Monitor,1,379.99,06/23/24 18:40,"401 Chestnut St, Atlanta, GA 30301"
213637,AA Batteries (4-pack),2,3.84,06/30/24 12:20,"168 Forest St, Seattle, WA 98101"
213638,Apple Airpods Headphones,1,150,06/14/24 18:20,"919 Wilson St, New York City, NY 10001"
213639,AAA Batteries (4-pack),1,2.99,06/28/24 13:14,"645 Highland St, Boston, MA 02215"
213640,Flatscreen TV,1,300,06/20/24 08:10,"808 North St, Atlanta, GA 30301"
213641,Bose SoundSport Headphones,1,99.99,06/23/24 23:41,"527 Chestnut St, Atlanta, GA 30301"
213642,Flatscreen TV,1,300,06/12/24 15:13,"771 4th St, Austin, TX 73301"
Order ID,Product,Quantity Ordered,Price Each,Order Date,Purchase Address
213643,Lightning Charging Cable,1,14.95,06/09/24 13:47,"595 Lincoln St, San Francisco, CA 94016"
213644,20in Monitor,1,109.99,06/19/24 20:57,"804 River St, Portland, ME 04101"
213645,Flatscreen TV,1,300,06/23/24 17:24,"391 South St, Dallas, TX 75001"
213646,AAA Batteries (4-pack),1,2.99,06/15/24 16:35,"372 10th St, Portland, OR 97035"
213647,Flatscreen TV,1,300,06/23/24 04:00,"493 Walnut St, Atlanta, GA 30301"
213648,USB-C Charging Cable,2,11.95,06/20/24 11:48,"778 Adams St, San Francisco, CA 94016"
213649,Bose SoundSport Headphones,1,99.99,06/01/24 19:10,"954 Cedar St, San Francisco, CA 94016"
213650,AAA Batteries (4-pack),1,2.99,06/12/24 15:44,"459 Johnson St, San Francisco, CA 94016"
213651,Vareebadd Phone,1,400,06/26/24 13:12,"262 Madison St, Seattle, WA 98101"
213652,ThinkPad Laptop,1,999.99,06/04/24 15:53,"554 Forest St, Atlanta, GA 30301"
213653,iPhone,1,700,06/04/24 15:16,"722 West St, Seattle, WA 98101"
213654,AAA Batteries (4-pack),3,2.99,06/17/24 23:31,"194 Johnson St, San Francisco, CA 94016"
213655,Wired Headphones,1,11.99,06/23/24 20:38,"69 12th St, Dallas, TX 75001"
213656,AA Batteries (4-pack),1,3.84,06/11/24 21:21,"912 Willow St, San Francisco, CA 94016"
213657,Apple Airpods Headphones,1,150,06/08/24 18:43,"380 Spruce St, Dallas, TX 75001"
213658,ThinkPad Laptop,1,999.99,06/02/24 17:42,"302 Lakeview St, New York City, NY 10001"
213659,Bose SoundSport Headphones,1,99.99,06/21/24 14:51,"988 Wilson St, Los Angeles, CA 90001"
213660,USB-C Charging Cable,1,11.95,07/01/24 02:06,"505 Cherry St, San Francisco, CA 94016"
213661,Macbook Pro Laptop,1,1700,06/23/24 14:14,"55 Cedar St, Austin, TX 73301"
213662,AAA Batteries (4-pack),2,2.99,06/16/24 04:48,"350 2nd St, Seattle, WA 98101"
213663,Wired Headphones,1,11.99,06/13/24 07:55,"467 Cherry St, Atlanta, GA 30301"
213664,Flatscreen TV,1,300,06/15/24 12:30,"903 14th St, Atlanta, GA 30301"
213665,Wired Headphones,1,11.99,06/04/24 21:22,"191 Dogwood St, Atlanta, GA 30301"
213666,AAA Batteries (4-pack),1,2.99,06/09/24 10:49,"23 Church St, Seattle, WA 98101"
213667,Lightning Charging Cable,1,14.95,06/15/24 12:57,"483 Main St, New York City, NY 10001"
213668,Apple Airpods Headphones,1,150,06/14/24 07:23,"249 Jackson St, San Francisco, CA 94016"
213669,Apple Airpods Headphones,1,150,06/16/24 13:35,"98 Washington St, Dallas, TX 75001"
213670,Lightning Charging Cable,1,14.95,06/07/24 11:27,"12 Johnson St, New York City, NY 10001"
213671,AA Batteries (4-pack),1,3.84,06/13/24 11:16,"384 Cedar St, Boston, MA 02215"
213672,AAA Batteries (4-pack),3,2.99,06/13/24 16:48,"7 8th St, Los Angeles, CA 90001"
213673,AA Batteries (4-pack),1,3.84,06/01/24 18:15,"772 Meadow St, San Francisco, CA 94016"
213674,Apple Airpods Headphones,1,150,06/22/24 19:26,"903 6th St, Seattle, WA 98101"
213675,AA Batteries (4-pack),1,3.84,06/22/24 11:59,"207 1st St, Portland, OR 97035"
213676,Wired Headphones,1,11.99,06/29/24 15:08,"791 10th St, Los Angeles, CA 90001"
213677,USB-C Charging Cable,1,11.95,06/22/24 21:09,"701 Lake St, Seattle, WA 98101"
213678,AA Batteries (4-pack),1,3.84,06/05/24 10:42,"14 2nd St, Boston, MA 02215"
213679,USB-C Charging Cable,1,11.95,06/29/24 00:36,"141 6th St, Boston, MA 02215"
213680,Lightning Charging Cable,1,14.95,06/03/24 09:56,"441 Forest St, Los Angeles, CA 90001"
213681,iPhone,1,700,06/22/24 18:54,"451 Hill St, Boston, MA 02215"
213682,USB-C Charging Cable,1,11.95,06/14/24 17:31,"843 Dogwood St, Los Angeles, CA 90001"
213683,27in FHD Monitor,1,149.99,06/13/24 14:16,"702 Chestnut St, Atlanta, GA 30301"
213684,USB-C Charging Cable,1,11.95,06/27/24 10:53,"203 Lake St, San Francisco, CA 94016"
213685,Apple Airpods Headphones,1,150,06/28/24 12:26,"405 7th St, Los Angeles, CA 90001"
213686,AA Batteries (4-pack),2,3.84,06/19/24 14:45,"707 North St, Seattle, WA 98101"
213687,34in Ultrawide Monitor,1,379.99,06/15/24 21:00,"716 Sunset St, San Francisco, CA 94016"
213688,Lightning Charging Cable,1,14.95,06/01/24 11:24,"137 North St, Austin, TX 73301"
213689,LG Washing Machine,1,600.0,06/16/24 05:48,"621 Chestnut St, Seattle, WA 98101"
213690,AAA Batteries (4-pack),1,2.99,06/10/24 19:22,"375 Madison St, New York City, NY 10001"
213691,AA Batteries (4-pack),2,3.84,06/02/24 20:09,"313 4th St, Austin, TX 73301"
213692,Google Phone,1,600,06/15/24 00:57,"954 Maple St, San Francisco, CA 94016"
213692,USB-C Charging Cable,1,11.95,06/15/24 00:57,"954 Maple St, San Francisco, CA 94016"
213693,AAA Batteries (4-pack),4,2.99,06/06/24 15:02,"699 Church St, San Francisco, CA 94016"
213694,Wired Headphones,1,11.99,06/22/24 18:58,"394 Chestnut St, San Francisco, CA 94016"
213695,Apple Airpods Headphones,1,150,06/08/24 13:58,"829 Jackson St, Dallas, TX 75001"
213696,Wired Headphones,1,11.99,06/24/24 19:05,"399 6th St, Seattle, WA 98101"
213697,iPhone,1,700,06/04/24 00:40,"319 Park St, Portland, OR 97035"
213697,Lightning Charging Cable,1,14.95,06/04/24 00:40,"319 Park St, Portland, OR 97035"
213698,AA Batteries (4-pack),1,3.84,06/27/24 10:04,"642 Main St, Atlanta, GA 30301"
213699,Wired Headphones,1,11.99,07/01/24 00:31,"470 Spruce St, Boston, MA 02215"
213700,Apple Airpods Headphones,1,150,06/08/24 13:54,"61 2nd St, Los Angeles, CA 90001"
213701,Apple Airpods Headphones,1,150,06/12/24 11:14,"480 Jefferson St, Seattle, WA 98101"
213702,AAA Batteries (4-pack),2,2.99,06/04/24 11:56,"873 Wilson St, Atlanta, GA 30301"
213703,AA Batteries (4-pack),2,3.84,06/20/24 14:24,"250 Lakeview St, Dallas, TX 75001"
213704,Apple Airpods Headphones,1,150,06/28/24 20:48,"14 Pine St, Los Angeles, CA 90001"
213705,AAA Batteries (4-pack),1,2.99,06/02/24 18:11,"406 8th St, San Francisco, CA 94016"
213706,USB-C Charging Cable,3,11.95,06/15/24 00:05,"740 River St, Dallas, TX 75001"
213707,Wired Headphones,1,11.99,06/17/24 15:00,"114 Elm St, Boston, MA 02215"
213708,34in Ultrawide Monitor,1,379.99,06/17/24 13:59,"949 Hickory St, New York City, NY 10001"
213709,Macbook Pro Laptop,1,1700,06/23/24 17:47,"434 Washington St, San Francisco, CA 94016"
213710,Lightning Charging Cable,1,14.95,06/11/24 10:39,"582 1st St, New York City, NY 10001"
213711,Google Phone,1,600,06/15/24 15:22,"321 Lincoln St, Atlanta, GA 30301"
213712,USB-C Charging Cable,1,11.95,06/06/24 08:39,"60 Forest St, New York City, NY 10001"
213713,Bose SoundSport Headphones,1,99.99,06/16/24 18:19,"659 Lincoln St, San Francisco, CA 94016"
213713,AA Batteries (4-pack),1,3.84,06/16/24 18:19,"659 Lincoln St, San Francisco, CA 94016"
213714,ThinkPad Laptop,1,999.99,06/02/24 17:48,"733 Washington St, San Francisco, CA 94016"
213715,iPhone,1,700,06/07/24 01:29,"726 5th St, San Francisco, CA 94016"
213716,Apple Airpods Headphones,1,150,06/04/24 20:26,"905 Dogwood St, Atlanta, GA 30301"
213717,LG Dryer,1,600.0,06/24/24 19:52,"317 14th St, San Francisco, CA 94016"
213718,USB-C Charging Cable,1,11.95,06/21/24 01:06,"272 4th St, Los Angeles, CA 90001"
213719,Wired Headphones,1,11.99,06/13/24 22:37,"712 South St, Seattle, WA 98101"
213720,Google Phone,1,600,06/14/24 15:40,"299 Willow St, Los Angeles, CA 90001"
213720,ThinkPad Laptop,1,999.99,06/14/24 15:40,"299 Willow St, Los Angeles, CA 90001"
213721,Lightning Charging Cable,1,14.95,06/29/24 23:32,"203 Chestnut St, Boston, MA 02215"
213722,Apple Airpods Headphones,1,150,06/21/24 21:31,"221 6th St, San Francisco, CA 94016"
213723,AA Batteries (4-pack),1,3.84,06/11/24 08:50,"162 Wilson St, New York City, NY 10001"
213724,USB-C Charging Cable,1,11.95,06/20/24 05:55,"880 2nd St, Dallas, TX 75001"
213725,Google Phone,1,600,06/12/24 15:05,"219 Church St, Los Angeles, CA 90001"
213726,Bose SoundSport Headphones,1,99.99,06/16/24 14:13,"389 Chestnut St, Los Angeles, CA 90001"
213727,Google Phone,1,600,06/18/24 21:17,"822 8th St, Seattle, WA 98101"
213728,27in FHD Monitor,1,149.99,06/06/24 01:06,"824 Ridge St, Boston, MA 02215"
213729,Wired Headphones,1,11.99,06/10/24 19:17,"976 Ridge St, Seattle, WA 98101"
213729,Macbook Pro Laptop,1,1700,06/10/24 19:17,"976 Ridge St, Seattle, WA 98101"
213730,Macbook Pro Laptop,1,1700,06/15/24 17:54,"783 4th St, Austin, TX 73301"
213731,AAA Batteries (4-pack),1,2.99,06/24/24 20:19,"673 2nd St, Los Angeles, CA 90001"
213732,Apple Airpods Headphones,1,150,06/19/24 16:13,"423 Main St, Austin, TX 73301"
213733,Apple Airpods Headphones,1,150,06/24/24 06:48,"414 6th St, Dallas, TX 75001"
213734,AA Batteries (4-pack),1,3.84,06/26/24 12:06,"112 2nd St, Seattle, WA 98101"
213735,Bose SoundSport Headphones,1,99.99,06/20/24 15:52,"661 Ridge St, New York City, NY 10001"
213736,ThinkPad Laptop,1,999.99,06/21/24 13:39,"108 Pine St, Seattle, WA 98101"
213737,AA Batteries (4-pack),1,3.84,06/10/24 21:04,"85 1st St, Los Angeles, CA 90001"
213738,Vareebadd Phone,1,400,06/23/24 10:58,"368 Spruce St, Portland, ME 04101"
213738,Wired Headphones,2,11.99,06/23/24 10:58,"368 Spruce St, Portland, ME 04101"
213739,USB-C Charging Cable,1,11.95,06/15/24 20:36,"899 Willow St, San Francisco, CA 94016"
213740,27in 4K Gaming Monitor,1,389.99,06/17/24 12:55,"110 Chestnut St, Portland, OR 97035"
213741,Wired Headphones,1,11.99,06/27/24 23:12,"32 Washington St, San Francisco, CA 94016"
213742,34in Ultrawide Monitor,1,379.99,06/14/24 10:44,"78 Jefferson St, Dallas, TX 75001"
213743,AA Batteries (4-pack),1,3.84,06/05/24 08:04,"701 Maple St, Austin, TX 73301"
213744,USB-C Charging Cable,1,11.95,06/08/24 16:34,"757 Spruce St, San Francisco, CA 94016"
213745,Lightning Charging Cable,1,14.95,06/09/24 21:35,"225 12th St, San Francisco, CA 94016"
213746,27in 4K Gaming Monitor,1,389.99,06/12/24 11:09,"877 Church St, Austin, TX 73301"
213747,AA Batteries (4-pack),1,3.84,06/02/24 09:09,"40 Sunset St, Dallas, TX 75001"
213748,AA Batteries (4-pack),1,3.84,06/12/24 14:20,"55 Elm St, Dallas, TX 75001"
213749,USB-C Charging Cable,1,11.95,06/26/24 11:28,"207 Park St, Portland, OR 97035"
213750,AA Batteries (4-pack),2,3.84,06/19/24 20:25,"861 Washington St, San Francisco, CA 94016"
213751,Wired Headphones,1,11.99,06/07/24 22:58,"502 1st St, San Francisco, CA 94016"
213752,20in Monitor,1,109.99,06/01/24 13:38,"121 Chestnut St, Atlanta, GA 30301"
213753,AA Batteries (4-pack),1,3.84,06/25/24 15:33,"499 Sunset St, Los Angeles, CA 90001"
213754,Wired Headphones,2,11.99,06/30/24 10:55,"971 14th St, Boston, MA 02215"
213754,Apple Airpods Headphones,2,150,06/30/24 10:55,"971 14th St, Boston, MA 02215"
213755,AA Batteries (4-pack),1,3.84,06/24/24 18:30,"266 14th St, San Francisco, CA 94016"
213756,Wired Headphones,1,11.99,06/09/24 06:58,"208 River St, San Francisco, CA 94016"
213757,Macbook Pro Laptop,1,1700,06/12/24 12:00,"992 14th St, Dallas, TX 75001"
213758,ThinkPad Laptop,1,999.99,06/27/24 15:58,"698 Park St, San Francisco, CA 94016"
213759,LG Washing Machine,1,600.0,06/13/24 15:03,"259 5th St, Boston, MA 02215"
213760,AA Batteries (4-pack),1,3.84,06/03/24 10:37,"916 7th St, San Francisco, CA 94016"
213761,AA Batteries (4-pack),2,3.84,06/03/24 11:19,"642 12th St, San Francisco, CA 94016"
213762,27in FHD Monitor,1,149.99,06/22/24 11:22,"920 5th St, San Francisco, CA 94016"
213763,Apple Airpods Headphones,1,150,06/14/24 17:25,"137 2nd St, Boston, MA 02215"
213764,AA Batteries (4-pack),1,3.84,06/17/24 13:23,"68 Cedar St, Dallas, TX 75001"
213765,Lightning Charging Cable,1,14.95,06/09/24 21:18,"706 North St, San Francisco, CA 94016"
213766,Flatscreen TV,1,300,06/19/24 15:25,"276 Spruce St, Seattle, WA 98101"
213767,34in Ultrawide Monitor,1,379.99,06/25/24 11:52,"351 Lake St, New York City, NY 10001"
213768,34in Ultrawide Monitor,1,379.99,06/23/24 15:25,"858 Highland St, Atlanta, GA 30301"
213769,Lightning Charging Cable,1,14.95,06/22/24 23:44,"606 Dogwood St, San Francisco, CA 94016"
213770,34in Ultrawide Monitor,1,379.99,06/28/24 19:06,"671 13th St, San Francisco, CA 94016"
213771,27in FHD Monitor,1,149.99,06/01/24 23:41,"242 5th St, Los Angeles, CA 90001"
213772,Apple Airpods Headphones,1,150,06/23/24 12:24,"132 Madison St, New York City, NY 10001"
213773,Bose SoundSport Headphones,1,99.99,06/23/24 00:01,"145 Madison St, San Francisco, CA 94016"
213774,Bose SoundSport Headphones,1,99.99,06/30/24 12:12,"744 River St, Atlanta, GA 30301"
213775,34in Ultrawide Monitor,1,379.99,06/09/24 20:13,"761 8th St, Los Angeles, CA 90001"
213776,USB-C Charging Cable,1,11.95,06/19/24 17:33,"556 Dogwood St, San Francisco, CA 94016"
213777,AA Batteries (4-pack),1,3.84,06/18/24 12:33,"156 Church St, Atlanta, GA 30301"
213778,Wired Headphones,1,11.99,06/08/24 13:27,"901 1st St, Boston, MA 02215"
213779,AAA Batteries (4-pack),1,2.99,06/01/24 10:43,"78 Cedar St, Dallas, TX 75001"
213780,Wired Headphones,1,11.99,06/18/24 14:10,"211 8th St, Los Angeles, CA 90001"
213781,USB-C Charging Cable,1,11.95,06/09/24 19:19,"21 River St, Los Angeles, CA 90001"
213782,27in FHD Monitor,1,149.99,06/21/24 11:36,"375 Ridge St, San Francisco, CA 94016"
213783,iPhone,1,700,06/02/24 17:22,"732 1st St, Los Angeles, CA 90001"
213784,Lightning Charging Cable,1,14.95,06/11/24 11:17,"56 14th St, Boston, MA 02215"
213785,AAA Batteries (4-pack),3,2.99,06/19/24 10:30,"644 Washington St, New York City, NY 10001"
213786,20in Monitor,1,109.99,06/07/24 11:03,"498 Dogwood St, Boston, MA 02215"
213787,AA Batteries (4-pack),2,3.84,06/26/24 12:34,"91 5th St, Boston, MA 02215"
213788,AAA Batteries (4-pack),2,2.99,06/08/24 16:03,"812 South St, Los Angeles, CA 90001"
213789,Apple Airpods Headphones,1,150,06/01/24 22:26,"348 Lincoln St, Dallas, TX 75001"
213790,Wired Headphones,1,11.99,06/10/24 02:17,"772 Lake St, Seattle, WA 98101"
213791,Wired Headphones,1,11.99,06/10/24 20:05,"805 Madison St, Los Angeles, CA 90001"
213792,Wired Headphones,1,11.99,06/21/24 09:26,"377 Cedar St, San Francisco, CA 94016"
213793,34in Ultrawide Monitor,1,379.99,06/24/24 09:22,"173 Cherry St, San Francisco, CA 94016"
213794,USB-C Charging Cable,1,11.95,06/11/24 11:15,"194 Johnson St, San Francisco, CA 94016"
213795,AA Batteries (4-pack),1,3.84,06/17/24 13:55,"697 Church St, San Francisco, CA 94016"
213796,USB-C Charging Cable,1,11.95,06/16/24 17:27,"418 Hill St, Austin, TX 73301"
213797,Macbook Pro Laptop,1,1700,06/14/24 09:59,"323 Lake St, Atlanta, GA 30301"
213797,Lightning Charging Cable,1,14.95,06/14/24 09:59,"323 Lake St, Atlanta, GA 30301"
213798,Macbook Pro Laptop,1,1700,06/16/24 11:48,"975 10th St, San Francisco, CA 94016"
213799,27in 4K Gaming Monitor,1,389.99,06/02/24 15:09,"243 4th St, Los Angeles, CA 90001"
213800,Apple Airpods Headphones,1,150,06/10/24 17:28,"422 Madison St, Boston, MA 02215"
213801,AA Batteries (4-pack),3,3.84,06/07/24 10:57,"890 1st St, Boston, MA 02215"
213802,Apple Airpods Headphones,1,150,06/29/24 21:36,"926 Lakeview St, New York City, NY 10001"
213802,Lightning Charging Cable,1,14.95,06/29/24 21:36,"926 Lakeview St, New York City, NY 10001"
213803,27in FHD Monitor,1,149.99,06/30/24 11:48,"569 6th St, Seattle, WA 98101"
213804,Lightning Charging Cable,1,14.95,06/27/24 22:11,"152 10th St, San Francisco, CA 94016"
213805,34in Ultrawide Monitor,1,379.99,06/23/24 16:52,"737 Spruce St, San Francisco, CA 94016"
213805,LG Washing Machine,1,600.0,06/23/24 16:52,"737 Spruce St, San Francisco, CA 94016"
213806,AAA Batteries (4-pack),3,2.99,06/27/24 15:35,"571 River St, Los Angeles, CA 90001"
213807,Wired Headphones,1,11.99,06/04/24 10:50,"656 Park St, New York City, NY 10001"
213808,Wired Headphones,1,11.99,06/29/24 02:02,"582 10th St, San Francisco, CA 94016"
213809,Wired Headphones,1,11.99,06/14/24 18:41,"769 Hill St, Boston, MA 02215"
213810,ThinkPad Laptop,1,999.99,06/01/24 23:10,"37 Adams St, Atlanta, GA 30301"
213811,34in Ultrawide Monitor,1,379.99,06/21/24 19:29,"481 Lincoln St, New York City, NY 10001"
213812,Apple Airpods Headphones,1,150,06/11/24 20:21,"197 Sunset St, Los Angeles, CA 90001"
213813,Wired Headphones,1,11.99,06/08/24 20:26,"700 Meadow St, Dallas, TX 75001"
213814,USB-C Charging Cable,1,11.95,06/20/24 16:40,"278 Sunset St, New York City, NY 10001"
213815,Lightning Charging Cable,1,14.95,06/10/24 11:13,"821 Hill St, San Francisco, CA 94016"
213816,Google Phone,1,600,06/19/24 16:44,"402 10th St, San Francisco, CA 94016"
213817,USB-C Charging Cable,1,11.95,06/03/24 19:13,"989 Cherry St, San Francisco, CA 94016"
213818,Lightning Charging Cable,1,14.95,06/14/24 20:19,"231 Lincoln St, San Francisco, CA 94016"
213819,27in 4K Gaming Monitor,1,389.99,06/05/24 10:46,"47 Jackson St, Los Angeles, CA 90001"
213820,Bose SoundSport Headphones,1,99.99,06/20/24 09:05,"137 River St, Atlanta, GA 30301"
213821,AA Batteries (4-pack),3,3.84,06/09/24 07:59,"175 Ridge St, Los Angeles, CA 90001"
213822,Wired Headphones,1,11.99,06/25/24 09:52,"533 12th St, San Francisco, CA 94016"
213823,USB-C Charging Cable,1,11.95,06/19/24 18:53,"355 Sunset St, Seattle, WA 98101"
213824,AA Batteries (4-pack),1,3.84,06/03/24 21:38,"426 Willow St, San Francisco, CA 94016"
213825,Wired Headphones,1,11.99,06/29/24 20:21,"930 8th St, San Francisco, CA 94016"
213826,USB-C Charging Cable,1,11.95,06/09/24 14:20,"54 Dogwood St, Boston, MA 02215"
213827,34in Ultrawide Monitor,1,379.99,06/09/24 04:17,"84 10th St, Atlanta, GA 30301"
213828,Lightning Charging Cable,1,14.95,06/18/24 15:24,"664 Jefferson St, Seattle, WA 98101"
213829,USB-C Charging Cable,1,11.95,06/11/24 11:38,"909 Chestnut St, Austin, TX 73301"
213829,AAA Batteries (4-pack),1,2.99,06/11/24 11:38,"909 Chestnut St, Austin, TX 73301"
213830,USB-C Charging Cable,2,11.95,06/12/24 13:28,"713 Church St, San Francisco, CA 94016"
213831,Wired Headphones,1,11.99,06/27/24 14:13,"164 Main St, Boston, MA 02215"
213832,AAA Batteries (4-pack),2,2.99,06/09/24 12:23,"840 Cherry St, Dallas, TX 75001"
213833,AA Batteries (4-pack),1,3.84,06/01/24 17:12,"379 Spruce St, Los Angeles, CA 90001"
213834,Wired Headphones,1,11.99,06/20/24 21:22,"158 Lakeview St, Seattle, WA 98101"
213835,20in Monitor,1,109.99,06/30/24 15:59,"242 Spruce St, Portland, OR 97035"
213836,AA Batteries (4-pack),1,3.84,06/20/24 10:41,"936 Hill St, Los Angeles, CA 90001"
213837,Lightning Charging Cable,1,14.95,06/16/24 05:43,"735 Madison St, Atlanta, GA 30301"
213838,Macbook Pro Laptop,1,1700,06/29/24 01:21,"656 8th St, Boston, MA 02215"
213839,Lightning Charging Cable,1,14.95,06/29/24 12:18,"80 Madison St, Los Angeles, CA 90001"
213840,ThinkPad Laptop,1,999.99,06/11/24 08:47,"444 4th St, New York City, NY 10001"
213841,Apple Airpods Headphones,1,150,06/30/24 10:54,"286 6th St, Atlanta, GA 30301"
213842,USB-C Charging Cable,2,11.95,06/24/24 19:11,"529 Spruce St, San Francisco, CA 94016"
213843,LG Dryer,1,600.0,06/14/24 23:27,"195 Maple St, Los Angeles, CA 90001"
213844,34in Ultrawide Monitor,1,379.99,06/26/24 14:28,"598 Hickory St, San Francisco, CA 94016"
213845,iPhone,1,700,06/12/24 20:17,"875 Lake St, New York City, NY 10001"
213845,Lightning Charging Cable,1,14.95,06/12/24 20:17,"875 Lake St, New York City, NY 10001"
213846,AAA Batteries (4-pack),1,2.99,06/20/24 13:06,"187 10th St, Dallas, TX 75001"
213847,Lightning Charging Cable,1,14.95,06/16/24 11:59,"153 North St, New York City, NY 10001"
213848,34in Ultrawide Monitor,1,379.99,06/28/24 12:33,"456 Cherry St, Dallas, TX 75001"
213849,AAA Batteries (4-pack),1,2.99,06/25/24 17:33,"642 Washington St, Dallas, TX 75001"
213850,Google Phone,1,600,06/25/24 12:59,"214 Madison St, Atlanta, GA 30301"
213851,AA Batteries (4-pack),1,3.84,06/30/24 08:42,"963 4th St, San Francisco, CA 94016"
213852,Apple Airpods Headphones,1,150,06/20/24 21:45,"230 Johnson St, San Francisco, CA 94016"
213853,AAA Batteries (4-pack),1,2.99,06/07/24 20:48,"381 6th St, San Francisco, CA 94016"
213854,AAA Batteries (4-pack),1,2.99,06/28/24 10:47,"694 Dogwood St, San Francisco, CA 94016"
213854,USB-C Charging Cable,1,11.95,06/28/24 10:47,"694 Dogwood St, San Francisco, CA 94016"
213855,iPhone,1,700,06/17/24 10:28,"346 Willow St, Seattle, WA 98101"
213856,USB-C Charging Cable,2,11.95,06/15/24 06:40,"343 Pine St, New York City, NY 10001"
213857,AA Batteries (4-pack),1,3.84,06/02/24 00:03,"630 Ridge St, San Francisco, CA 94016"
213858,AA Batteries (4-pack),2,3.84,06/20/24 12:02,"266 Madison St, New York City, NY 10001"
213859,Lightning Charging Cable,1,14.95,06/04/24 00:23,"537 13th St, San Francisco, CA 94016"
213860,AAA Batteries (4-pack),1,2.99,06/24/24 19:19,"292 Johnson St, Los Angeles, CA 90001"
213861,34in Ultrawide Monitor,1,379.99,06/15/24 12:22,"705 Lake St, Seattle, WA 98101"
213862,USB-C Charging Cable,1,11.95,06/24/24 16:04,"176 Wilson St, Los Angeles, CA 90001"
213863,USB-C Charging Cable,1,11.95,06/01/24 12:34,"184 7th St, Los Angeles, CA 90001"
213864,Lightning Charging Cable,1,14.95,06/06/24 11:43,"285 8th St, Atlanta, GA 30301"
213865,AA Batteries (4-pack),2,3.84,06/16/24 14:12,"821 6th St, Atlanta, GA 30301"
213866,34in Ultrawide Monitor,1,379.99,06/20/24 12:31,"312 Willow St, Los Angeles, CA 90001"
213867,AA Batteries (4-pack),1,3.84,06/22/24 16:17,"877 11th St, San Francisco, CA 94016"
213868,AA Batteries (4-pack),1,3.84,06/14/24 11:37,"223 Main St, San Francisco, CA 94016"
213869,20in Monitor,1,109.99,06/19/24 13:37,"536 Spruce St, New York City, NY 10001"
213870,USB-C Charging Cable,1,11.95,06/22/24 21:41,"11 12th St, Seattle, WA 98101"
213871,34in Ultrawide Monitor,1,379.99,06/05/24 19:39,"457 Spruce St, Dallas, TX 75001"
213872,AA Batteries (4-pack),2,3.84,06/19/24 11:12,"879 River St, Austin, TX 73301"
213873,AAA Batteries (4-pack),3,2.99,06/27/24 21:31,"508 4th St, San Francisco, CA 94016"
213874,27in FHD Monitor,1,149.99,06/20/24 21:10,"167 Spruce St, Boston, MA 02215"
213875,Bose SoundSport Headphones,1,99.99,06/27/24 14:14,"114 Cherry St, San Francisco, CA 94016"
213876,AA Batteries (4-pack),2,3.84,06/07/24 21:15,"335 Lakeview St, Austin, TX 73301"
213877,Bose SoundSport Headphones,1,99.99,06/06/24 10:19,"280 Willow St, New York City, NY 10001"
213878,AA Batteries (4-pack),2,3.84,06/24/24 20:53,"469 Lakeview St, Portland, OR 97035"
213879,Flatscreen TV,1,300,06/09/24 13:42,"722 Washington St, Austin, TX 73301"
213880,USB-C Charging Cable,1,11.95,06/19/24 11:23,"493 Pine St, Dallas, TX 75001"
213881,Apple Airpods Headphones,1,150,06/02/24 18:19,"650 Lincoln St, San Francisco, CA 94016"
213882,Lightning Charging Cable,1,14.95,06/30/24 22:07,"293 Hill St, San Francisco, CA 94016"
213883,Lightning Charging Cable,1,14.95,06/22/24 22:26,"394 Elm St, Dallas, TX 75001"
213884,AA Batteries (4-pack),1,3.84,06/29/24 09:45,"645 Spruce St, Dallas, TX 75001"
213885,AAA Batteries (4-pack),1,2.99,06/14/24 19:34,"926 Wilson St, Los Angeles, CA 90001"
213886,AAA Batteries (4-pack),1,2.99,06/21/24 15:10,"753 Johnson St, San Francisco, CA 94016"
213887,20in Monitor,1,109.99,06/12/24 14:51,"718 12th St, Atlanta, GA 30301"
213888,27in 4K Gaming Monitor,1,389.99,06/20/24 17:38,"407 11th St, Dallas, TX 75001"
213889,AA Batteries (4-pack),2,3.84,06/24/24 05:25,"788 Ridge St, Boston, MA 02215"
213890,27in FHD Monitor,1,149.99,06/13/24 13:53,"163 Highland St, Atlanta, GA 30301"
213891,Lightning Charging Cable,1,14.95,06/05/24 14:44,"199 8th St, San Francisco, CA 94016"
213892,27in 4K Gaming Monitor,1,389.99,06/19/24 22:37,"565 Elm St, Seattle, WA 98101"
213893,Macbook Pro Laptop,1,1700,06/12/24 05:30,"662 Dogwood St, Los Angeles, CA 90001"
213894,AA Batteries (4-pack),1,3.84,06/26/24 01:09,"747 Adams St, San Francisco, CA 94016"
213895,Lightning Charging Cable,1,14.95,06/24/24 20:36,"267 Lincoln St, Austin, TX 73301"
213896,AAA Batteries (4-pack),1,2.99,06/10/24 05:54,"746 West St, San Francisco, CA 94016"
213897,USB-C Charging Cable,2,11.95,06/03/24 03:40,"1 1st St, Dallas, TX 75001"
213898,Wired Headphones,1,11.99,06/26/24 10:38,"292 Ridge St, Boston, MA 02215"
213899,Wired Headphones,1,11.99,06/21/24 10:47,"539 6th St, Boston, MA 02215"
213900,Apple Airpods Headphones,1,150,06/27/24 07:49,"851 4th St, Boston, MA 02215"
213901,Wired Headphones,1,11.99,06/29/24 18:55,"846 Walnut St, Los Angeles, CA 90001"
213902,Lightning Charging Cable,1,14.95,06/13/24 21:22,"12 Forest St, Boston, MA 02215"
213903,Lightning Charging Cable,1,14.95,06/13/24 08:54,"918 River St, Boston, MA 02215"
213904,iPhone,1,700,06/20/24 10:15,"267 Dogwood St, Portland, OR 97035"
213905,USB-C Charging Cable,1,11.95,06/24/24 08:42,"650 7th St, Atlanta, GA 30301"
213906,AA Batteries (4-pack),1,3.84,06/28/24 11:52,"368 Church St, Boston, MA 02215"
213907,Apple Airpods Headphones,1,150,06/28/24 09:26,"684 10th St, San Francisco, CA 94016"
Order ID,Product,Quantity Ordered,Price Each,Order Date,Purchase Address
213908,AA Batteries (4-pack),3,3.84,06/17/24 16:55,"77 6th St, San Francisco, CA 94016"
213909,Apple Airpods Headphones,1,150,06/11/24 10:18,"144 Hickory St, Atlanta, GA 30301"
213910,27in 4K Gaming Monitor,1,389.99,06/10/24 20:09,"723 Willow St, New York City, NY 10001"
213911,Lightning Charging Cable,1,14.95,06/25/24 10:22,"966 Ridge St, Los Angeles, CA 90001"
213912,AA Batteries (4-pack),1,3.84,06/22/24 13:02,"342 Highland St, Boston, MA 02215"
213913,Lightning Charging Cable,1,14.95,06/17/24 14:45,"261 River St, Boston, MA 02215"
213914,Wired Headphones,1,11.99,06/29/24 21:29,"37 Adams St, Seattle, WA 98101"
213915,USB-C Charging Cable,1,11.95,06/08/24 15:17,"639 Cedar St, Los Angeles, CA 90001"
213916,LG Washing Machine,1,600.0,06/25/24 16:00,"961 Ridge St, Portland, ME 04101"
213917,Wired Headphones,1,11.99,06/12/24 13:44,"227 Lake St, Los Angeles, CA 90001"
213918,AA Batteries (4-pack),1,3.84,06/29/24 18:00,"598 7th St, New York City, NY 10001"
213919,Bose SoundSport Headphones,1,99.99,06/05/24 16:16,"108 South St, San Francisco, CA 94016"
213920,USB-C Charging Cable,2,11.95,06/19/24 11:15,"565 Lake St, Atlanta, GA 30301"
213921,AAA Batteries (4-pack),1,2.99,06/28/24 12:26,"373 Ridge St, Los Angeles, CA 90001"
213922,Lightning Charging Cable,1,14.95,06/04/24 08:54,"607 14th St, San Francisco, CA 94016"
213923,Apple Airpods Headphones,1,150,06/28/24 12:49,"815 5th St, Boston, MA 02215"
213924,AAA Batteries (4-pack),2,2.99,06/30/24 18:22,"712 Highland St, Seattle, WA 98101"
213925,Wired Headphones,1,11.99,06/12/24 19:35,"922 Adams St, Seattle, WA 98101"
213926,27in 4K Gaming Monitor,1,389.99,06/25/24 14:27,"954 11th St, San Francisco, CA 94016"
213927,27in 4K Gaming Monitor,1,389.99,06/10/24 20:49,"302 8th St, Los Angeles, CA 90001"
213928,AA Batteries (4-pack),2,3.84,06/21/24 18:04,"570 Lakeview St, Los Angeles, CA 90001"
213929,Wired Headphones,1,11.99,06/08/24 12:36,"70 Elm St, Los Angeles, CA 90001"
213930,Vareebadd Phone,1,400,06/10/24 19:13,"276 Lake St, San Francisco, CA 94016"
213931,20in Monitor,1,109.99,06/08/24 18:14,"244 Jefferson St, Portland, OR 97035"
213932,Wired Headphones,1,11.99,06/21/24 21:46,"726 5th St, San Francisco, CA 94016"
213933,Apple Airpods Headphones,1,150,06/24/24 18:10,"479 2nd St, Boston, MA 02215"
213934,Lightning Charging Cable,1,14.95,06/30/24 12:06,"16 Willow St, New York City, NY 10001"
213935,Lightning Charging Cable,1,14.95,06/02/24 05:23,"809 Walnut St, Dallas, TX 75001"
213936,AA Batteries (4-pack),1,3.84,06/14/24 12:55,"385 1st St, Atlanta, GA 30301"
213937,Bose SoundSport Headphones,1,99.99,06/30/24 19:17,"630 Walnut St, Boston, MA 02215"
213938,Macbook Pro Laptop,1,1700,06/14/24 09:00,"480 Hill St, Austin, TX 73301"
Order ID,Product,Quantity Ordered,Price Each,Order Date,Purchase Address
213939,Lightning Charging Cable,1,14.95,06/23/24 13:06,"460 Johnson St, San Francisco, CA 94016"
213940,27in 4K Gaming Monitor,1,389.99,06/20/24 23:13,"148 Walnut St, New York City, NY 10001"
213941,AAA Batteries (4-pack),1,2.99,06/06/24 21:05,"470 12th St, Atlanta, GA 30301"
213942,AAA Batteries (4-pack),4,2.99,06/15/24 19:11,"560 Adams St, San Francisco, CA 94016"
213943,USB-C Charging Cable,1,11.95,06/18/24 11:42,"475 Church St, San Francisco, CA 94016"
213944,iPhone,1,700,06/28/24 03:15,"537 6th St, Seattle, WA 98101"
213944,Apple Airpods Headphones,1,150,06/28/24 03:15,"537 6th St, Seattle, WA 98101"
213945,AA Batteries (4-pack),1,3.84,06/26/24 15:29,"454 6th St, Dallas, TX 75001"
213946,Flatscreen TV,1,300,06/25/24 12:57,"100 Center St, New York City, NY 10001"
213947,USB-C Charging Cable,1,11.95,06/11/24 09:57,"828 Forest St, New York City, NY 10001"
213948,Lightning Charging Cable,1,14.95,06/10/24 18:01,"90 14th St, Boston, MA 02215"
213949,27in 4K Gaming Monitor,1,389.99,06/21/24 08:55,"305 Sunset St, New York City, NY 10001"
213950,27in FHD Monitor,1,149.99,06/04/24 22:07,"582 Wilson St, New York City, NY 10001"
213951,USB-C Charging Cable,1,11.95,06/01/24 14:15,"449 Cherry St, Los Angeles, CA 90001"
213952,Lightning Charging Cable,1,14.95,06/06/24 14:21,"279 Sunset St, New York City, NY 10001"
213953,AAA Batteries (4-pack),1,2.99,06/03/24 11:10,"577 Center St, Los Angeles, CA 90001"
213954,Lightning Charging Cable,1,14.95,06/04/24 16:27,"202 Forest St, San Francisco, CA 94016"
213955,34in Ultrawide Monitor,1,379.99,06/12/24 19:00,"959 Lakeview St, San Francisco, CA 94016"
213956,USB-C Charging Cable,1,11.95,06/12/24 19:58,"693 Dogwood St, Seattle, WA 98101"
213957,Apple Airpods Headphones,1,150,06/15/24 18:14,"585 Ridge St, Los Angeles, CA 90001"
213958,Macbook Pro Laptop,1,1700,06/24/24 20:22,"876 Pine St, San Francisco, CA 94016"
213959,USB-C Charging Cable,1,11.95,06/18/24 16:22,"714 6th St, New York City, NY 10001"
213960,AAA Batteries (4-pack),5,2.99,06/22/24 09:53,"766 Cedar St, Boston, MA 02215"
213961,Bose SoundSport Headphones,1,99.99,06/16/24 09:43,"544 Spruce St, Atlanta, GA 30301"
213962,Google Phone,1,600,06/26/24 11:33,"690 14th St, Atlanta, GA 30301"
213963,Apple Airpods Headphones,1,150,06/11/24 02:51,"497 8th St, Los Angeles, CA 90001"
213964,Lightning Charging Cable,1,14.95,06/01/24 14:17,"245 North St, Boston, MA 02215"
213965,USB-C Charging Cable,1,11.95,06/19/24 10:10,"345 10th St, San Francisco, CA 94016"
213966,iPhone,1,700,06/11/24 00:38,"742 10th St, Austin, TX 73301"
213966,Lightning Charging Cable,1,14.95,06/11/24 00:38,"742 10th St, Austin, TX 73301"
213967,Bose SoundSport Headphones,1,99.99,06/09/24 12:36,"28 5th St, New York City, NY 10001"
213968,Wired Headphones,2,11.99,06/27/24 00:52,"865 South St, Atlanta, GA 30301"
213969,Wired Headphones,1,11.99,06/27/24 17:25,"469 1st St, San Francisco, CA 94016"
213970,Lightning Charging Cable,1,14.95,06/02/24 21:22,"707 Ridge St, Los Angeles, CA 90001"
213971,Lightning Charging Cable,1,14.95,06/08/24 10:07,"995 Main St, Boston, MA 02215"
213972,Apple Airpods Headphones,1,150,06/10/24 17:46,"689 Johnson St, San Francisco, CA 94016"
213973,Macbook Pro Laptop,1,1700,06/13/24 22:30,"813 Johnson St, Atlanta, GA 30301"
213974,27in 4K Gaming Monitor,1,389.99,06/25/24 15:48,"967 Sunset St, Los Angeles, CA 90001"
213975,Bose SoundSport Headphones,1,99.99,06/09/24 08:10,"908 Jackson St, Austin, TX 73301"
213976,AAA Batteries (4-pack),1,2.99,06/04/24 20:05,"809 Elm St, Dallas, TX 75001"
213977,Wired Headphones,1,11.99,06/24/24 15:57,"630 Church St, San Francisco, CA 94016"
213978,LG Washing Machine,1,600.0,06/26/24 09:50,"986 7th St, Los Angeles, CA 90001"
213979,34in Ultrawide Monitor,1,379.99,06/27/24 20:32,"214 Hill St, Los Angeles, CA 90001"
213980,Bose SoundSport Headphones,1,99.99,06/30/24 10:44,"258 11th St, San Francisco, CA 94016"
213981,AA Batteries (4-pack),1,3.84,06/04/24 02:09,"323 Jackson St, Los Angeles, CA 90001"
213982,Apple Airpods Headphones,1,150,06/21/24 13:42,"417 Washington St, Atlanta, GA 30301"
213983,Apple Airpods Headphones,1,150,06/27/24 16:00,"105 12th St, Los Angeles, CA 90001"
213984,Flatscreen TV,1,300,06/21/24 14:11,"701 Willow St, San Francisco, CA 94016"
213985,Lightning Charging Cable,1,14.95,06/12/24 18:49,"152 Adams St, Austin, TX 73301"
213986,27in FHD Monitor,1,149.99,06/24/24 20:36,"544 Hickory St, Austin, TX 73301"
213987,Wired Headphones,1,11.99,06/03/24 11:59,"16 Wilson St, San Francisco, CA 94016"
213988,AAA Batteries (4-pack),1,2.99,06/28/24 18:35,"36 River St, San Francisco, CA 94016"
213989,USB-C Charging Cable,1,11.95,06/26/24 13:28,"137 Sunset St, San Francisco, CA 94016"
213990,AAA Batteries (4-pack),1,2.99,06/04/24 10:09,"922 Dogwood St, Boston, MA 02215"
213991,20in Monitor,1,109.99,06/15/24 06:17,"221 Sunset St, Los Angeles, CA 90001"
213992,Google Phone,1,600,06/29/24 21:46,"920 8th St, San Francisco, CA 94016"
213992,USB-C Charging Cable,1,11.95,06/29/24 21:46,"920 8th St, San Francisco, CA 94016"
213993,USB-C Charging Cable,1,11.95,06/12/24 18:03,"584 Washington St, Boston, MA 02215"
213994,Macbook Pro Laptop,1,1700,06/27/24 11:43,"291 Church St, Dallas, TX 75001"
213995,Flatscreen TV,1,300,06/21/24 15:39,"858 12th St, Dallas, TX 75001"
213996,Wired Headphones,1,11.99,06/29/24 14:32,"119 Park St, Seattle, WA 98101"
213997,Lightning Charging Cable,1,14.95,06/08/24 19:11,"790 Cedar St, Seattle, WA 98101"
213998,Vareebadd Phone,1,400,06/03/24 11:14,"950 River St, Boston, MA 02215"
213999,Bose SoundSport Headphones,1,99.99,06/07/24 13:16,"65 Chestnut St, Austin, TX 73301"
214000,Wired Headphones,1,11.99,06/19/24 13:09,"393 Forest St, Seattle, WA 98101"
214001,Bose SoundSport Headphones,1,99.99,06/15/24 15:31,"645 Hill St, Portland, ME 04101"
214002,AAA Batteries (4-pack),1,2.99,06/23/24 11:49,"131 Maple St, Boston, MA 02215"
214003,USB-C Charging Cable,1,11.95,06/06/24 17:10,"12 Lakeview St, Dallas, TX 75001"
214004,Bose SoundSport Headphones,1,99.99,06/23/24 14:55,"707 10th St, New York City, NY 10001"
214005,Lightning Charging Cable,2,14.95,06/22/24 18:21,"458 10th St, Boston, MA 02215"
214006,AA Batteries (4-pack),1,3.84,06/25/24 17:20,"17 Johnson St, New York City, NY 10001"
214007,AAA Batteries (4-pack),1,2.99,06/20/24 15:55,"129 4th St, Dallas, TX 75001"
214008,USB-C Charging Cable,1,11.95,06/20/24 08:23,"5 Dogwood St, Austin, TX 73301"
214009,USB-C Charging Cable,1,11.95,06/30/24 22:57,"442 Washington St, Boston, MA 02215"
214010,iPhone,1,700,06/15/24 11:26,"458 Lincoln St, San Francisco, CA 94016"
214010,Lightning Charging Cable,1,14.95,06/15/24 11:26,"458 Lincoln St, San Francisco, CA 94016"
214010,Wired Headphones,1,11.99,06/15/24 11:26,"458 Lincoln St, San Francisco, CA 94016"
214011,USB-C Charging Cable,1,11.95,06/27/24 13:18,"525 7th St, Portland, OR 97035"
214012,Lightning Charging Cable,1,14.95,06/16/24 11:27,"543 Church St, San Francisco, CA 94016"
214013,USB-C Charging Cable,1,11.95,06/13/24 16:46,"990 Center St, Austin, TX 73301"
214014,AA Batteries (4-pack),4,3.84,06/17/24 10:09,"845 Johnson St, Los Angeles, CA 90001"
214015,AAA Batteries (4-pack),1,2.99,06/18/24 00:51,"177 Jefferson St, Atlanta, GA 30301"
214016,20in Monitor,1,109.99,06/17/24 13:09,"997 13th St, Dallas, TX 75001"
214017,Apple Airpods Headphones,1,150,06/11/24 10:14,"906 Jefferson St, Boston, MA 02215"
214018,AA Batteries (4-pack),1,3.84,06/10/24 04:20,"351 Lakeview St, Portland, OR 97035"
214019,AAA Batteries (4-pack),1,2.99,06/14/24 16:42,"854 7th St, Boston, MA 02215"
214020,Wired Headphones,1,11.99,06/06/24 14:31,"861 Willow St, San Francisco, CA 94016"
214021,Wired Headphones,1,11.99,06/07/24 17:08,"916 Ridge St, San Francisco, CA 94016"
214022,AAA Batteries (4-pack),1,2.99,06/06/24 17:07,"702 Wilson St, San Francisco, CA 94016"
214022,USB-C Charging Cable,1,11.95,06/06/24 17:07,"702 Wilson St, San Francisco, CA 94016"
214023,Apple Airpods Headphones,1,150,06/14/24 21:41,"88 Cherry St, New York City, NY 10001"
214024,AA Batteries (4-pack),1,3.84,06/13/24 20:21,"112 Lakeview St, Boston, MA 02215"
214025,USB-C Charging Cable,1,11.95,06/28/24 14:26,"684 12th St, San Francisco, CA 94016"
214026,AAA Batteries (4-pack),1,2.99,06/07/24 10:20,"572 Cherry St, Dallas, TX 75001"
214027,AA Batteries (4-pack),1,3.84,06/09/24 13:12,"269 9th St, Atlanta, GA 30301"
214028,ThinkPad Laptop,1,999.99,06/11/24 04:44,"399 Meadow St, New York City, NY 10001"
214029,Google Phone,1,600,06/23/24 11:13,"843 Willow St, Atlanta, GA 30301"
214029,Bose SoundSport Headphones,1,99.99,06/23/24 11:13,"843 Willow St, Atlanta, GA 30301"
214030,AAA Batteries (4-pack),4,2.99,06/02/24 15:57,"395 Pine St, San Francisco, CA 94016"
Order ID,Product,Quantity Ordered,Price Each,Order Date,Purchase Address
214031,Wired Headphones,1,11.99,06/10/24 08:50,"807 11th St, Austin, TX 73301"
214032,iPhone,1,700,06/20/24 18:34,"92 South St, Atlanta, GA 30301"
214033,Wired Headphones,1,11.99,06/21/24 06:01,"215 Wilson St, Seattle, WA 98101"
214034,AAA Batteries (4-pack),4,2.99,06/02/24 13:15,"533 1st St, San Francisco, CA 94016"
214035,AA Batteries (4-pack),1,3.84,06/01/24 10:49,"389 Main St, San Francisco, CA 94016"
214036,ThinkPad Laptop,1,999.99,06/07/24 11:42,"260 Chestnut St, Portland, ME 04101"
214037,Apple Airpods Headphones,1,150,06/13/24 23:52,"825 Dogwood St, Austin, TX 73301"
214038,USB-C Charging Cable,1,11.95,06/14/24 23:01,"760 Lincoln St, Dallas, TX 75001"
214039,AAA Batteries (4-pack),1,2.99,06/16/24 08:14,"960 2nd St, San Francisco, CA 94016"
214040,ThinkPad Laptop,1,999.99,06/14/24 23:17,"539 Adams St, Boston, MA 02215"
214041,AAA Batteries (4-pack),1,2.99,06/28/24 17:29,"671 Willow St, Austin, TX 73301"
214042,Bose SoundSport Headphones,1,99.99,06/19/24 19:03,"299 South St, Portland, OR 97035"
214043,iPhone,1,700,06/10/24 21:48,"753 Highland St, New York City, NY 10001"
214044,Lightning Charging Cable,1,14.95,06/25/24 20:05,"226 6th St, New York City, NY 10001"
214045,USB-C Charging Cable,1,11.95,06/19/24 08:11,"493 6th St, Seattle, WA 98101"
214046,USB-C Charging Cable,1,11.95,06/16/24 13:40,"624 Jefferson St, Boston, MA 02215"
214047,Lightning Charging Cable,1,14.95,06/10/24 10:02,"699 Chestnut St, San Francisco, CA 94016"
214048,Apple Airpods Headphones,1,150,06/14/24 12:36,"50 10th St, San Francisco, CA 94016"
214049,Lightning Charging Cable,1,14.95,06/02/24 14:28,"129 Hill St, Los Angeles, CA 90001"
214050,AAA Batteries (4-pack),1,2.99,06/27/24 23:30,"652 South St, New York City, NY 10001"
214051,Bose SoundSport Headphones,1,99.99,06/26/24 10:38,"908 Main St, Portland, OR 97035"
214052,AA Batteries (4-pack),2,3.84,06/10/24 15:37,"976 14th St, Los Angeles, CA 90001"
214053,iPhone,1,700,06/17/24 13:15,"281 Main St, Atlanta, GA 30301"
214054,iPhone,1,700,06/15/24 21:02,"928 Maple St, Los Angeles, CA 90001"
214055,Wired Headphones,1,11.99,06/25/24 10:51,"94 Cedar St, Boston, MA 02215"
214056,Wired Headphones,1,11.99,06/10/24 23:15,"616 North St, Los Angeles, CA 90001"
214057,Bose SoundSport Headphones,1,99.99,06/22/24 12:33,"704 11th St, San Francisco, CA 94016"
214058,20in Monitor,1,109.99,06/18/24 12:33,"726 Washington St, Boston, MA 02215"
214059,USB-C Charging Cable,1,11.95,06/29/24 08:17,"860 8th St, Portland, OR 97035"
214060,Apple Airpods Headphones,1,150,06/10/24 11:41,"967 6th St, New York City, NY 10001"
214061,Wired Headphones,1,11.99,06/13/24 10:01,"282 River St, Los Angeles, CA 90001"
214062,AAA Batteries (4-pack),1,2.99,06/27/24 12:48,"690 Adams St, Los Angeles, CA 90001"
214063,AA Batteries (4-pack),1,3.84,06/30/24 12:56,"914 10th St, Dallas, TX 75001"
214064,AAA Batteries (4-pack),1,2.99,06/29/24 21:37,"283 Elm St, Los Angeles, CA 90001"
214064,USB-C Charging Cable,1,11.95,06/29/24 21:37,"283 Elm St, Los Angeles, CA 90001"
214065,34in Ultrawide Monitor,1,379.99,06/11/24 10:02,"681 6th St, Los Angeles, CA 90001"
214066,27in FHD Monitor,1,149.99,06/18/24 12:50,"56 Hickory St, Dallas, TX 75001"
214067,Apple Airpods Headphones,1,150,06/25/24 09:29,"691 Cedar St, New York City, NY 10001"
214068,34in Ultrawide Monitor,1,379.99,06/05/24 16:24,"255 Lincoln St, San Francisco, CA 94016"
214069,Lightning Charging Cable,2,14.95,06/09/24 13:10,"381 Cedar St, San Francisco, CA 94016"
214070,Lightning Charging Cable,1,14.95,06/04/24 21:40,"784 7th St, Boston, MA 02215"
214071,iPhone,1,700,06/09/24 20:50,"78 Wilson St, Boston, MA 02215"
214071,Lightning Charging Cable,1,14.95,06/09/24 20:50,"78 Wilson St, Boston, MA 02215"
214072,Bose SoundSport Headphones,1,99.99,06/27/24 11:28,"735 Lakeview St, Dallas, TX 75001"
214073,Bose SoundSport Headphones,1,99.99,06/15/24 19:55,"935 Washington St, Atlanta, GA 30301"
214074,AA Batteries (4-pack),2,3.84,06/19/24 20:50,"147 2nd St, Austin, TX 73301"
214075,ThinkPad Laptop,1,999.99,06/12/24 10:12,"664 Ridge St, Boston, MA 02215"
214076,Lightning Charging Cable,1,14.95,06/09/24 18:21,"966 Jefferson St, Portland, OR 97035"
214077,20in Monitor,1,109.99,06/04/24 21:12,"314 4th St, San Francisco, CA 94016"
214078,34in Ultrawide Monitor,1,379.99,06/04/24 16:39,"568 North St, Portland, ME 04101"
214079,Bose SoundSport Headphones,1,99.99,06/03/24 11:14,"390 Main St, Los Angeles, CA 90001"
214080,34in Ultrawide Monitor,1,379.99,06/19/24 18:09,"738 Jackson St, San Francisco, CA 94016"
214081,iPhone,1,700,06/17/24 10:55,"193 North St, Dallas, TX 75001"
214081,Lightning Charging Cable,1,14.95,06/17/24 10:55,"193 North St, Dallas, TX 75001"
214082,Lightning Charging Cable,1,14.95,06/18/24 16:31,"93 Lake St, Los Angeles, CA 90001"
214083,AA Batteries (4-pack),2,3.84,06/05/24 17:21,"690 Meadow St, Boston, MA 02215"
214084,AAA Batteries (4-pack),4,2.99,06/16/24 19:41,"500 Main St, New York City, NY 10001"
214085,Google Phone,1,600,06/05/24 22:51,"48 Elm St, Boston, MA 02215"
214086,AAA Batteries (4-pack),1,2.99,06/27/24 21:50,"144 Spruce St, San Francisco, CA 94016"
214087,Apple Airpods Headphones,1,150,06/26/24 03:58,"694 Cherry St, Los Angeles, CA 90001"
214088,Macbook Pro Laptop,1,1700,06/06/24 13:08,"662 14th St, New York City, NY 10001"
214089,Lightning Charging Cable,1,14.95,06/03/24 09:08,"704 Sunset St, Portland, OR 97035"
214090,AA Batteries (4-pack),1,3.84,06/15/24 16:30,"954 14th St, Boston, MA 02215"
214091,Wired Headphones,1,11.99,06/02/24 22:37,"104 1st St, San Francisco, CA 94016"
214092,Wired Headphones,1,11.99,06/05/24 16:39,"539 4th St, Atlanta, GA 30301"
214093,Google Phone,1,600,06/01/24 10:52,"128 Cedar St, Boston, MA 02215"
214094,Macbook Pro Laptop,1,1700,06/08/24 01:24,"934 11th St, Dallas, TX 75001"
214094,Bose SoundSport Headphones,1,99.99,06/08/24 01:24,"934 11th St, Dallas, TX 75001"
214095,Wired Headphones,1,11.99,06/07/24 10:00,"101 Elm St, San Francisco, CA 94016"
214096,AA Batteries (4-pack),2,3.84,06/13/24 17:14,"271 8th St, Atlanta, GA 30301"
214097,AAA Batteries (4-pack),1,2.99,06/24/24 20:47,"10 6th St, Dallas, TX 75001"
214098,Bose SoundSport Headphones,1,99.99,06/18/24 17:55,"161 12th St, Portland, OR 97035"
214099,Wired Headphones,1,11.99,07/01/24 01:29,"222 2nd St, San Francisco, CA 94016"
214099,USB-C Charging Cable,1,11.95,07/01/24 01:29,"222 2nd St, San Francisco, CA 94016"
214100,27in FHD Monitor,1,149.99,06/12/24 05:57,"501 Adams St, New York City, NY 10001"
214101,Bose SoundSport Headphones,1,99.99,06/22/24 19:56,"396 Lincoln St, San Francisco, CA 94016"
214102,AAA Batteries (4-pack),1,2.99,06/01/24 13:21,"95 Center St, Atlanta, GA 30301"
214103,Bose SoundSport Headphones,1,99.99,06/24/24 16:16,"994 Center St, Seattle, WA 98101"
214104,AAA Batteries (4-pack),1,2.99,06/28/24 19:42,"705 Chestnut St, New York City, NY 10001"
214105,27in 4K Gaming Monitor,1,389.99,06/23/24 18:36,"882 14th St, Los Angeles, CA 90001"
214106,Wired Headphones,1,11.99,06/22/24 08:04,"799 Willow St, Atlanta, GA 30301"
214107,Bose SoundSport Headphones,1,99.99,06/25/24 18:04,"642 14th St, Dallas, TX 75001"
214108,Wired Headphones,1,11.99,06/20/24 08:35,"742 Maple St, San Francisco, CA 94016"
214109,USB-C Charging Cable,1,11.95,06/23/24 12:07,"445 Center St, San Francisco, CA 94016"
214110,AA Batteries (4-pack),1,3.84,06/17/24 10:13,"24 Highland St, Boston, MA 02215"
214111,Wired Headphones,1,11.99,06/26/24 01:07,"368 Cedar St, Los Angeles, CA 90001"
214112,27in FHD Monitor,1,149.99,06/24/24 21:09,"872 Park St, Boston, MA 02215"
214113,Google Phone,1,600,06/21/24 12:22,"184 13th St, Portland, OR 97035"
214114,Lightning Charging Cable,1,14.95,06/29/24 08:10,"507 Sunset St, San Francisco, CA 94016"
214115,Apple Airpods Headphones,1,150,06/24/24 18:44,"89 Sunset St, Boston, MA 02215"
214116,Wired Headphones,1,11.99,06/01/24 08:36,"502 9th St, San Francisco, CA 94016"
214117,USB-C Charging Cable,1,11.95,06/25/24 10:31,"795 Jackson St, Dallas, TX 75001"
214118,34in Ultrawide Monitor,1,379.99,06/28/24 14:40,"412 14th St, San Francisco, CA 94016"
214119,Lightning Charging Cable,1,14.95,06/02/24 21:18,"799 Hickory St, Seattle, WA 98101"
214120,iPhone,1,700,06/30/24 22:28,"971 Spruce St, San Francisco, CA 94016"
214121,34in Ultrawide Monitor,1,379.99,06/20/24 19:12,"291 10th St, Los Angeles, CA 90001"
214122,Wired Headphones,1,11.99,06/03/24 01:49,"180 Wilson St, New York City, NY 10001"
214123,Wired Headphones,1,11.99,06/02/24 16:06,"806 Forest St, New York City, NY 10001"
214124,27in FHD Monitor,1,149.99,06/06/24 19:58,"66 Elm St, San Francisco, CA 94016"
214125,Macbook Pro Laptop,1,1700,06/01/24 16:23,"403 Ridge St, Los Angeles, CA 90001"
214126,USB-C Charging Cable,1,11.95,06/07/24 18:09,"432 Ridge St, Los Angeles, CA 90001"
214127,20in Monitor,1,109.99,06/20/24 10:09,"744 South St, New York City, NY 10001"
214128,AA Batteries (4-pack),1,3.84,06/17/24 12:28,"223 Highland St, Atlanta, GA 30301"
214129,34in Ultrawide Monitor,1,379.99,06/19/24 09:39,"632 Willow St, Atlanta, GA 30301"
214130,AAA Batteries (4-pack),1,2.99,06/12/24 13:24,"228 13th St, Boston, MA 02215"
214131,Apple Airpods Headphones,1,150,06/25/24 19:22,"524 Lincoln St, Seattle, WA 98101"
214132,AA Batteries (4-pack),1,3.84,06/26/24 12:52,"14 8th St, Atlanta, GA 30301"
214133,AAA Batteries (4-pack),3,2.99,06/15/24 12:11,"857 Elm St, Seattle, WA 98101"
214134,AA Batteries (4-pack),1,3.84,06/10/24 10:37,"147 Sunset St, San Francisco, CA 94016"
214135,27in FHD Monitor,1,149.99,06/18/24 11:18,"929 Lincoln St, Los Angeles, CA 90001"
214136,Lightning Charging Cable,1,14.95,06/30/24 12:27,"48 Walnut St, Los Angeles, CA 90001"
214137,Lightning Charging Cable,1,14.95,06/29/24 12:24,"185 Johnson St, Atlanta, GA 30301"
214138,AAA Batteries (4-pack),2,2.99,06/13/24 12:51,"552 South St, Los Angeles, CA 90001"
214139,USB-C Charging Cable,1,11.95,06/07/24 16:55,"216 Wilson St, San Francisco, CA 94016"
214140,Wired Headphones,1,11.99,06/08/24 18:47,"833 8th St, Dallas, TX 75001"
214141,Google Phone,1,600,06/07/24 23:56,"371 Hickory St, San Francisco, CA 94016"
214142,Macbook Pro Laptop,1,1700,06/24/24 23:41,"229 Main St, San Francisco, CA 94016"
214143,Lightning Charging Cable,1,14.95,06/19/24 21:02,"92 Maple St, Seattle, WA 98101"
214144,USB-C Charging Cable,1,11.95,06/10/24 20:57,"630 Cedar St, Seattle, WA 98101"
214145,Apple Airpods Headphones,1,150,06/18/24 16:16,"248 10th St, New York City, NY 10001"
214146,USB-C Charging Cable,1,11.95,06/21/24 10:39,"62 Cedar St, Atlanta, GA 30301"
214147,AAA Batteries (4-pack),1,2.99,06/28/24 09:48,"696 Cherry St, New York City, NY 10001"
214148,Lightning Charging Cable,1,14.95,06/14/24 20:04,"363 Cedar St, Austin, TX 73301"
214149,AA Batteries (4-pack),1,3.84,06/22/24 22:44,"600 5th St, Los Angeles, CA 90001"
214150,USB-C Charging Cable,1,11.95,06/17/24 18:09,"795 10th St, San Francisco, CA 94016"
214151,27in FHD Monitor,1,149.99,06/22/24 09:55,"339 2nd St, New York City, NY 10001"
214152,iPhone,1,700,06/15/24 20:10,"139 10th St, San Francisco, CA 94016"
214153,Flatscreen TV,1,300,06/18/24 10:31,"35 Maple St, Austin, TX 73301"
214154,USB-C Charging Cable,1,11.95,06/25/24 22:12,"873 12th St, San Francisco, CA 94016"
214155,Wired Headphones,1,11.99,06/12/24 04:26,"757 Meadow St, Boston, MA 02215"
214156,27in FHD Monitor,1,149.99,06/10/24 19:31,"677 Ridge St, San Francisco, CA 94016"
214157,AAA Batteries (4-pack),1,2.99,06/16/24 20:02,"493 Adams St, San Francisco, CA 94016"
214158,AAA Batteries (4-pack),1,2.99,06/06/24 12:03,"6 Adams St, Boston, MA 02215"
214159,Lightning Charging Cable,1,14.95,06/27/24 18:50,"629 Hickory St, San Francisco, CA 94016"
214160,ThinkPad Laptop,1,999.99,06/04/24 22:23,"685 Chestnut St, Los Angeles, CA 90001"
214161,Bose SoundSport Headphones,1,99.99,06/06/24 15:33,"904 Washington St, San Francisco, CA 94016"
214162,iPhone,1,700,06/16/24 20:43,"356 1st St, Boston, MA 02215"
214163,AAA Batteries (4-pack),1,2.99,06/02/24 09:44,"549 Chestnut St, Los Angeles, CA 90001"
214164,USB-C Charging Cable,1,11.95,06/27/24 14:03,"11 Elm St, San Francisco, CA 94016"
214165,AAA Batteries (4-pack),1,2.99,06/23/24 13:40,"655 Main St, Los Angeles, CA 90001"
214166,Wired Headphones,1,11.99,06/20/24 18:48,"230 12th St, San Francisco, CA 94016"
214167,Apple Airpods Headphones,1,150,06/05/24 15:42,"402 Cherry St, Atlanta, GA 30301"
214168,USB-C Charging Cable,1,11.95,06/11/24 10:42,"100 12th St, Atlanta, GA 30301"
214169,AA Batteries (4-pack),1,3.84,06/24/24 19:50,"662 Willow St, San Francisco, CA 94016"
214170,AAA Batteries (4-pack),3,2.99,06/11/24 10:50,"514 Washington St, San Francisco, CA 94016"
214171,AA Batteries (4-pack),1,3.84,06/14/24 14:58,"86 Lakeview St, San Francisco, CA 94016"
214172,AAA Batteries (4-pack),1,2.99,06/08/24 21:22,"566 Elm St, Seattle, WA 98101"
214173,USB-C Charging Cable,1,11.95,06/10/24 20:56,"113 Lakeview St, Boston, MA 02215"
214174,AA Batteries (4-pack),2,3.84,06/23/24 09:48,"502 Wilson St, Atlanta, GA 30301"
214175,iPhone,1,700,06/01/24 12:15,"392 Jackson St, Austin, TX 73301"
214175,Lightning Charging Cable,1,14.95,06/01/24 12:15,"392 Jackson St, Austin, TX 73301"
214176,AAA Batteries (4-pack),2,2.99,06/11/24 20:41,"756 Pine St, San Francisco, CA 94016"
214177,27in FHD Monitor,1,149.99,06/07/24 14:41,"923 Johnson St, New York City, NY 10001"
214178,Vareebadd Phone,1,400,06/14/24 00:21,"405 Adams St, Los Angeles, CA 90001"
214179,AAA Batteries (4-pack),1,2.99,06/26/24 22:00,"535 Ridge St, New York City, NY 10001"
214180,Google Phone,1,600,06/01/24 15:28,"48 7th St, San Francisco, CA 94016"
214181,Vareebadd Phone,1,400,06/07/24 21:44,"175 Lakeview St, San Francisco, CA 94016"
214182,Flatscreen TV,1,300,06/06/24 12:16,"762 5th St, San Francisco, CA 94016"
214183,Wired Headphones,1,11.99,06/06/24 13:34,"986 7th St, Los Angeles, CA 90001"
214184,27in FHD Monitor,1,149.99,06/17/24 20:08,"329 Pine St, San Francisco, CA 94016"
214185,USB-C Charging Cable,1,11.95,06/10/24 12:43,"944 11th St, Los Angeles, CA 90001"
214186,Apple Airpods Headphones,1,150,06/08/24 19:16,"58 Dogwood St, Dallas, TX 75001"
214187,Bose SoundSport Headphones,1,99.99,06/12/24 22:05,"453 West St, Seattle, WA 98101"
214188,27in FHD Monitor,1,149.99,06/07/24 20:38,"510 9th St, Atlanta, GA 30301"
214189,27in FHD Monitor,1,149.99,06/14/24 19:01,"711 8th St, Portland, OR 97035"
214190,ThinkPad Laptop,1,999.99,06/11/24 11:59,"863 10th St, Dallas, TX 75001"
214191,Lightning Charging Cable,1,14.95,06/17/24 20:53,"259 Jackson St, Austin, TX 73301"
214192,Wired Headphones,1,11.99,06/17/24 18:11,"865 Walnut St, Austin, TX 73301"
214193,AA Batteries (4-pack),1,3.84,06/16/24 17:51,"115 Elm St, New York City, NY 10001"
214194,Lightning Charging Cable,1,14.95,06/18/24 23:18,"577 Wilson St, San Francisco, CA 94016"
214195,AAA Batteries (4-pack),2,2.99,06/02/24 12:15,"100 Johnson St, Austin, TX 73301"
214196,AA Batteries (4-pack),1,3.84,06/23/24 13:39,"779 12th St, San Francisco, CA 94016"
214197,AAA Batteries (4-pack),3,2.99,06/10/24 13:56,"566 2nd St, Seattle, WA 98101"
214198,27in FHD Monitor,1,149.99,06/15/24 17:06,"751 Adams St, Austin, TX 73301"
214199,Bose SoundSport Headphones,1,99.99,06/01/24 22:02,"671 2nd St, Portland, OR 97035"
214200,Lightning Charging Cable,1,14.95,06/25/24 12:31,"837 1st St, San Francisco, CA 94016"
214201,Lightning Charging Cable,1,14.95,06/28/24 19:02,"565 1st St, San Francisco, CA 94016"
214202,Lightning Charging Cable,1,14.95,06/04/24 22:03,"475 Pine St, San Francisco, CA 94016"
214203,Bose SoundSport Headphones,1,99.99,06/03/24 15:08,"187 7th St, Los Angeles, CA 90001"
214204,Lightning Charging Cable,1,14.95,06/01/24 11:57,"723 Walnut St, San Francisco, CA 94016"
214205,AAA Batteries (4-pack),1,2.99,06/26/24 20:13,"99 Adams St, Seattle, WA 98101"
214206,ThinkPad Laptop,1,999.99,06/18/24 09:50,"834 Highland St, Dallas, TX 75001"
214207,Bose SoundSport Headphones,1,99.99,06/30/24 10:45,"294 Highland St, Atlanta, GA 30301"
214208,AAA Batteries (4-pack),1,2.99,06/07/24 17:44,"822 South St, San Francisco, CA 94016"
214209,20in Monitor,1,109.99,06/10/24 10:43,"561 Madison St, Seattle, WA 98101"
214210,Macbook Pro Laptop,1,1700,06/09/24 11:03,"535 Sunset St, Seattle, WA 98101"
214211,iPhone,1,700,06/12/24 05:43,"944 Chestnut St, Dallas, TX 75001"
214212,USB-C Charging Cable,1,11.95,06/29/24 20:38,"196 6th St, San Francisco, CA 94016"
214213,27in 4K Gaming Monitor,1,389.99,06/30/24 23:20,"312 2nd St, Boston, MA 02215"
214214,Macbook Pro Laptop,1,1700,06/05/24 17:40,"826 West St, New York City, NY 10001"
214215,Bose SoundSport Headphones,1,99.99,06/26/24 22:50,"843 Cherry St, Los Angeles, CA 90001"
214216,Bose SoundSport Headphones,1,99.99,06/19/24 11:32,"986 10th St, Los Angeles, CA 90001"
214217,27in 4K Gaming Monitor,1,389.99,06/27/24 00:49,"382 4th St, Portland, OR 97035"
214218,Wired Headphones,1,11.99,06/18/24 13:37,"759 Hill St, Portland, OR 97035"
214219,USB-C Charging Cable,1,11.95,06/29/24 08:21,"643 Madison St, San Francisco, CA 94016"
214220,AA Batteries (4-pack),2,3.84,06/27/24 12:02,"927 Cedar St, San Francisco, CA 94016"
214221,AA Batteries (4-pack),3,3.84,06/28/24 11:47,"208 Chestnut St, Los Angeles, CA 90001"
214222,USB-C Charging Cable,1,11.95,06/19/24 21:35,"787 Center St, Dallas, TX 75001"
214223,34in Ultrawide Monitor,1,379.99,06/26/24 14:35,"404 Cedar St, Austin, TX 73301"
214224,Apple Airpods Headphones,1,150,06/18/24 10:02,"564 Cedar St, Los Angeles, CA 90001"
214225,Wired Headphones,1,11.99,06/18/24 10:11,"389 6th St, Los Angeles, CA 90001"
214226,AA Batteries (4-pack),2,3.84,06/09/24 18:48,"155 Cedar St, Los Angeles, CA 90001"
214227,27in 4K Gaming Monitor,1,389.99,06/07/24 17:32,"893 Dogwood St, Seattle, WA 98101"
214228,AAA Batteries (4-pack),1,2.99,06/18/24 14:05,"122 Ridge St, San Francisco, CA 94016"
214229,Wired Headphones,1,11.99,06/15/24 07:03,"95 Washington St, San Francisco, CA 94016"
214230,Lightning Charging Cable,1,14.95,06/21/24 12:02,"481 Madison St, San Francisco, CA 94016"
214231,Apple Airpods Headphones,1,150,06/07/24 21:02,"728 Hill St, Los Angeles, CA 90001"
214232,Bose SoundSport Headphones,1,99.99,06/15/24 07:08,"695 Chestnut St, Atlanta, GA 30301"
214233,AA Batteries (4-pack),1,3.84,06/29/24 09:28,"423 Pine St, Atlanta, GA 30301"
214234,20in Monitor,1,109.99,06/09/24 12:41,"731 Cedar St, San Francisco, CA 94016"
214235,AAA Batteries (4-pack),1,2.99,06/30/24 19:45,"169 Walnut St, Los Angeles, CA 90001"
214236,USB-C Charging Cable,1,11.95,06/12/24 22:18,"616 9th St, Austin, TX 73301"
214237,USB-C Charging Cable,1,11.95,06/08/24 08:34,"597 Madison St, Seattle, WA 98101"
214238,Wired Headphones,1,11.99,06/19/24 08:07,"663 Johnson St, Los Angeles, CA 90001"
214239,Bose SoundSport Headphones,1,99.99,06/16/24 08:49,"592 Madison St, Los Angeles, CA 90001"
214240,27in FHD Monitor,1,149.99,06/12/24 08:54,"82 Willow St, Atlanta, GA 30301"
214241,iPhone,1,700,06/03/24 18:12,"126 Dogwood St, San Francisco, CA 94016"
214241,Lightning Charging Cable,1,14.95,06/03/24 18:12,"126 Dogwood St, San Francisco, CA 94016"
214242,AA Batteries (4-pack),1,3.84,06/30/24 17:44,"114 South St, Atlanta, GA 30301"
214243,Macbook Pro Laptop,1,1700,06/19/24 21:14,"167 Meadow St, Los Angeles, CA 90001"
214244,USB-C Charging Cable,1,11.95,06/30/24 07:48,"301 6th St, Boston, MA 02215"
214245,AAA Batteries (4-pack),3,2.99,06/16/24 23:29,"140 Jackson St, New York City, NY 10001"
214246,AAA Batteries (4-pack),2,2.99,06/02/24 22:23,"631 8th St, Boston, MA 02215"
214247,AAA Batteries (4-pack),2,2.99,06/25/24 14:35,"531 North St, San Francisco, CA 94016"
214248,Bose SoundSport Headphones,1,99.99,06/14/24 17:50,"420 Wilson St, Los Angeles, CA 90001"
214249,Lightning Charging Cable,1,14.95,06/29/24 19:22,"469 Adams St, Los Angeles, CA 90001"
214250,iPhone,1,700,06/02/24 16:05,"797 Hill St, Los Angeles, CA 90001"
214251,AA Batteries (4-pack),2,3.84,06/30/24 23:07,"123 Hickory St, Portland, ME 04101"
214252,Flatscreen TV,1,300,06/29/24 11:17,"155 Center St, San Francisco, CA 94016"
214253,Lightning Charging Cable,1,14.95,06/08/24 10:57,"614 Hickory St, San Francisco, CA 94016"
214254,Bose SoundSport Headphones,1,99.99,06/09/24 16:07,"794 12th St, Atlanta, GA 30301"
214254,Google Phone,1,600,06/09/24 16:07,"794 12th St, Atlanta, GA 30301"
214255,Lightning Charging Cable,1,14.95,06/06/24 09:53,"315 Madison St, Seattle, WA 98101"
214256,AA Batteries (4-pack),1,3.84,06/21/24 15:13,"932 Highland St, Los Angeles, CA 90001"
214256,AAA Batteries (4-pack),1,2.99,06/21/24 15:13,"932 Highland St, Los Angeles, CA 90001"
214257,Wired Headphones,1,11.99,06/05/24 16:57,"194 Church St, San Francisco, CA 94016"
214258,Lightning Charging Cable,1,14.95,06/09/24 07:29,"164 South St, Portland, OR 97035"
214259,iPhone,1,700,06/27/24 09:04,"770 8th St, Los Angeles, CA 90001"
214259,Wired Headphones,1,11.99,06/27/24 09:04,"770 8th St, Los Angeles, CA 90001"
214260,Wired Headphones,1,11.99,06/08/24 21:45,"110 Meadow St, San Francisco, CA 94016"
214261,Wired Headphones,1,11.99,06/11/24 12:35,"197 6th St, Los Angeles, CA 90001"
214262,Wired Headphones,1,11.99,06/06/24 13:36,"547 Jefferson St, New York City, NY 10001"
214263,Google Phone,1,600,06/10/24 08:01,"190 1st St, San Francisco, CA 94016"
214264,Bose SoundSport Headphones,1,99.99,06/02/24 22:10,"331 North St, San Francisco, CA 94016"
214265,27in FHD Monitor,1,149.99,06/16/24 10:22,"136 Meadow St, Seattle, WA 98101"
214266,AA Batteries (4-pack),4,3.84,06/13/24 17:21,"98 10th St, San Francisco, CA 94016"
214267,Apple Airpods Headphones,1,150,06/08/24 19:03,"528 10th St, Dallas, TX 75001"
214268,Macbook Pro Laptop,1,1700,06/21/24 13:47,"629 Walnut St, San Francisco, CA 94016"
214269,AA Batteries (4-pack),1,3.84,06/27/24 15:25,"381 Sunset St, Los Angeles, CA 90001"
214270,USB-C Charging Cable,1,11.95,06/08/24 16:27,"300 Dogwood St, Los Angeles, CA 90001"
214271,AAA Batteries (4-pack),1,2.99,06/21/24 21:59,"808 Hill St, Atlanta, GA 30301"
214272,AAA Batteries (4-pack),1,2.99,06/25/24 15:43,"684 Church St, Boston, MA 02215"
214273,Wired Headphones,1,11.99,06/25/24 17:18,"176 13th St, San Francisco, CA 94016"
214274,USB-C Charging Cable,1,11.95,06/04/24 15:06,"210 Madison St, Los Angeles, CA 90001"
214275,AA Batteries (4-pack),1,3.84,06/02/24 15:21,"255 1st St, Seattle, WA 98101"
214276,USB-C Charging Cable,1,11.95,06/19/24 09:21,"857 Adams St, Los Angeles, CA 90001"
214277,AAA Batteries (4-pack),1,2.99,06/08/24 17:00,"457 Lake St, Los Angeles, CA 90001"
214278,Macbook Pro Laptop,1,1700,06/28/24 13:39,"772 12th St, Austin, TX 73301"
214279,Wired Headphones,1,11.99,06/06/24 18:48,"465 Washington St, San Francisco, CA 94016"
214280,20in Monitor,1,109.99,06/01/24 17:14,"221 11th St, New York City, NY 10001"
214281,27in FHD Monitor,1,149.99,06/04/24 21:01,"122 Hickory St, Portland, OR 97035"
214282,Bose SoundSport Headphones,1,99.99,06/17/24 19:07,"562 2nd St, Los Angeles, CA 90001"
214283,AAA Batteries (4-pack),2,2.99,06/18/24 08:55,"241 Willow St, Boston, MA 02215"
214284,34in Ultrawide Monitor,1,379.99,06/26/24 10:51,"541 2nd St, Boston, MA 02215"
214285,20in Monitor,1,109.99,06/30/24 15:03,"609 Spruce St, Los Angeles, CA 90001"
214286,Wired Headphones,1,11.99,06/18/24 07:06,"965 Forest St, Portland, ME 04101"
214286,27in 4K Gaming Monitor,1,389.99,06/18/24 07:06,"965 Forest St, Portland, ME 04101"
214287,AA Batteries (4-pack),1,3.84,06/26/24 18:45,"15 Cherry St, Portland, OR 97035"
214288,34in Ultrawide Monitor,1,379.99,06/30/24 14:35,"822 Elm St, New York City, NY 10001"
214289,Lightning Charging Cable,1,14.95,06/28/24 15:49,"429 Meadow St, Los Angeles, CA 90001"
214290,Apple Airpods Headphones,1,150,06/30/24 05:41,"798 4th St, Boston, MA 02215"
214291,AA Batteries (4-pack),1,3.84,06/13/24 18:27,"819 Forest St, Seattle, WA 98101"
214292,iPhone,1,700,06/04/24 12:07,"578 8th St, Los Angeles, CA 90001"
214292,Lightning Charging Cable,1,14.95,06/04/24 12:07,"578 8th St, Los Angeles, CA 90001"
214293,Lightning Charging Cable,1,14.95,06/01/24 13:04,"996 North St, Boston, MA 02215"
214294,USB-C Charging Cable,3,11.95,06/12/24 09:30,"815 14th St, San Francisco, CA 94016"
214295,Lightning Charging Cable,1,14.95,06/01/24 13:03,"776 2nd St, Dallas, TX 75001"
214296,Macbook Pro Laptop,1,1700,06/05/24 21:10,"105 7th St, Seattle, WA 98101"
214297,Apple Airpods Headphones,1,150,06/02/24 12:30,"690 Hickory St, San Francisco, CA 94016"
214298,Apple Airpods Headphones,1,150,06/06/24 11:33,"513 Forest St, San Francisco, CA 94016"
214299,Bose SoundSport Headphones,1,99.99,06/30/24 11:43,"898 4th St, Dallas, TX 75001"
214300,USB-C Charging Cable,1,11.95,06/27/24 07:16,"667 4th St, San Francisco, CA 94016"
214301,USB-C Charging Cable,1,11.95,06/02/24 09:39,"832 Walnut St, Boston, MA 02215"
214302,Apple Airpods Headphones,1,150,06/03/24 23:11,"851 Walnut St, Portland, OR 97035"
214303,Macbook Pro Laptop,1,1700,06/13/24 21:44,"969 4th St, Portland, OR 97035"
214304,Wired Headphones,1,11.99,06/29/24 15:29,"689 6th St, Boston, MA 02215"
214305,Wired Headphones,2,11.99,06/25/24 11:10,"966 Center St, Seattle, WA 98101"
214306,Wired Headphones,1,11.99,06/24/24 18:03,"935 Park St, Seattle, WA 98101"
214307,Lightning Charging Cable,1,14.95,06/07/24 21:35,"362 Chestnut St, Portland, OR 97035"
214308,USB-C Charging Cable,1,11.95,06/20/24 12:49,"280 Jefferson St, Los Angeles, CA 90001"
214309,27in FHD Monitor,1,149.99,06/03/24 16:16,"402 Center St, Austin, TX 73301"
214310,Lightning Charging Cable,1,14.95,06/19/24 10:49,"280 Wilson St, Atlanta, GA 30301"
214311,USB-C Charging Cable,1,11.95,06/07/24 10:30,"799 Chestnut St, New York City, NY 10001"
214312,AA Batteries (4-pack),1,3.84,06/15/24 17:21,"805 Church St, San Francisco, CA 94016"
214313,Bose SoundSport Headphones,1,99.99,06/28/24 19:24,"389 Ridge St, Atlanta, GA 30301"
214314,27in FHD Monitor,1,149.99,06/02/24 16:49,"161 14th St, New York City, NY 10001"
214315,USB-C Charging Cable,1,11.95,06/25/24 19:07,"379 Chestnut St, New York City, NY 10001"
214316,USB-C Charging Cable,1,11.95,06/03/24 09:33,"994 Cedar St, Portland, OR 97035"
214317,27in FHD Monitor,1,149.99,06/30/24 18:26,"155 Pine St, New York City, NY 10001"
214318,Wired Headphones,1,11.99,06/15/24 13:16,"485 Elm St, San Francisco, CA 94016"
214319,AAA Batteries (4-pack),1,2.99,06/07/24 16:25,"306 8th St, San Francisco, CA 94016"
214320,Apple Airpods Headphones,1,150,06/14/24 16:42,"334 Madison St, Seattle, WA 98101"
214321,AA Batteries (4-pack),1,3.84,06/03/24 13:38,"632 Center St, New York City, NY 10001"
214322,Vareebadd Phone,1,400,06/24/24 22:44,"586 Lake St, San Francisco, CA 94016"
214323,Wired Headphones,1,11.99,06/17/24 12:30,"574 Hickory St, Seattle, WA 98101"
214324,27in 4K Gaming Monitor,1,389.99,06/15/24 21:33,"224 8th St, Atlanta, GA 30301"
214325,Apple Airpods Headphones,1,150,06/06/24 08:27,"552 Dogwood St, Seattle, WA 98101"
214326,34in Ultrawide Monitor,1,379.99,06/02/24 11:22,"971 Meadow St, Seattle, WA 98101"
214327,34in Ultrawide Monitor,1,379.99,06/08/24 21:03,"90 Dogwood St, Portland, ME 04101"
214328,Apple Airpods Headphones,1,150,06/28/24 23:02,"898 Lincoln St, Atlanta, GA 30301"
214329,Apple Airpods Headphones,1,150,06/12/24 21:12,"766 13th St, Atlanta, GA 30301"
214330,Lightning Charging Cable,1,14.95,06/18/24 11:04,"910 14th St, Dallas, TX 75001"
214331,AA Batteries (4-pack),1,3.84,06/29/24 20:18,"146 Cherry St, Portland, OR 97035"
214332,AA Batteries (4-pack),1,3.84,06/16/24 09:46,"795 5th St, Los Angeles, CA 90001"
214333,USB-C Charging Cable,2,11.95,06/15/24 20:30,"966 Adams St, San Francisco, CA 94016"
214334,34in Ultrawide Monitor,1,379.99,06/24/24 16:30,"549 Lake St, Seattle, WA 98101"
214335,34in Ultrawide Monitor,1,379.99,06/27/24 20:36,"11 Dogwood St, San Francisco, CA 94016"
214336,Flatscreen TV,1,300,06/07/24 00:59,"983 Cherry St, Atlanta, GA 30301"
214337,AAA Batteries (4-pack),2,2.99,06/14/24 16:19,"240 Ridge St, Dallas, TX 75001"
214338,Lightning Charging Cable,1,14.95,06/26/24 19:22,"707 10th St, San Francisco, CA 94016"
214339,Wired Headphones,1,11.99,06/17/24 00:38,"680 4th St, San Francisco, CA 94016"
214340,Lightning Charging Cable,1,14.95,06/17/24 16:33,"895 Madison St, Dallas, TX 75001"
214341,LG Dryer,1,600.0,06/02/24 22:55,"157 2nd St, San Francisco, CA 94016"
214342,AA Batteries (4-pack),1,3.84,06/13/24 18:21,"662 Forest St, Boston, MA 02215"
214343,Flatscreen TV,1,300,06/08/24 10:37,"194 Sunset St, Boston, MA 02215"
214344,Bose SoundSport Headphones,1,99.99,06/30/24 15:39,"763 9th St, Los Angeles, CA 90001"
214345,AA Batteries (4-pack),1,3.84,06/29/24 01:48,"618 River St, Los Angeles, CA 90001"
214346,Lightning Charging Cable,1,14.95,06/08/24 16:29,"534 Cedar St, Dallas, TX 75001"
214347,Wired Headphones,1,11.99,06/11/24 18:22,"986 Main St, New York City, NY 10001"
214348,Wired Headphones,1,11.99,06/25/24 03:44,"552 Madison St, Austin, TX 73301"
214349,iPhone,1,700,06/21/24 23:49,"758 Lake St, Seattle, WA 98101"
214349,Wired Headphones,1,11.99,06/21/24 23:49,"758 Lake St, Seattle, WA 98101"
214350,20in Monitor,1,109.99,06/04/24 20:00,"69 7th St, San Francisco, CA 94016"
214351,AAA Batteries (4-pack),1,2.99,06/13/24 23:02,"802 Wilson St, San Francisco, CA 94016"
214352,Lightning Charging Cable,1,14.95,06/27/24 00:05,"247 12th St, Portland, OR 97035"
214353,AA Batteries (4-pack),1,3.84,06/29/24 19:42,"250 9th St, Boston, MA 02215"
214354,Macbook Pro Laptop,1,1700,06/18/24 12:21,"893 Washington St, San Francisco, CA 94016"
214355,Macbook Pro Laptop,1,1700,06/20/24 07:13,"541 Hickory St, Austin, TX 73301"
214356,Flatscreen TV,1,300,06/15/24 22:26,"468 Pine St, San Francisco, CA 94016"
214357,USB-C Charging Cable,1,11.95,06/01/24 09:28,"289 Hickory St, Seattle, WA 98101"
214358,27in 4K Gaming Monitor,1,389.99,06/02/24 19:20,"535 9th St, Dallas, TX 75001"
214359,AAA Batteries (4-pack),2,2.99,06/05/24 12:31,"636 Park St, Seattle, WA 98101"
214360,Bose SoundSport Headphones,1,99.99,06/02/24 12:19,"477 Lake St, San Francisco, CA 94016"
214361,Bose SoundSport Headphones,1,99.99,06/29/24 12:29,"440 Lakeview St, San Francisco, CA 94016"
214362,Bose SoundSport Headphones,1,99.99,06/29/24 18:01,"869 South St, Seattle, WA 98101"
214363,27in FHD Monitor,1,149.99,06/07/24 20:06,"459 Lakeview St, Dallas, TX 75001"
214364,USB-C Charging Cable,1,11.95,06/17/24 20:14,"652 Madison St, Austin, TX 73301"
214365,AAA Batteries (4-pack),1,2.99,06/23/24 11:30,"611 Elm St, New York City, NY 10001"
214366,USB-C Charging Cable,1,11.95,06/24/24 14:27,"522 12th St, New York City, NY 10001"
214367,Google Phone,1,600,06/22/24 00:22,"877 4th St, Atlanta, GA 30301"
214367,USB-C Charging Cable,1,11.95,06/22/24 00:22,"877 4th St, Atlanta, GA 30301"
214368,USB-C Charging Cable,1,11.95,06/20/24 13:39,"151 Lake St, Los Angeles, CA 90001"
214369,27in FHD Monitor,1,149.99,06/23/24 16:48,"213 Willow St, Los Angeles, CA 90001"
214370,AA Batteries (4-pack),1,3.84,06/25/24 10:13,"875 Hickory St, Los Angeles, CA 90001"
214371,27in FHD Monitor,1,149.99,06/12/24 18:28,"195 Lakeview St, San Francisco, CA 94016"
214372,AA Batteries (4-pack),1,3.84,06/27/24 00:00,"928 Lakeview St, Portland, OR 97035"
214373,AAA Batteries (4-pack),1,2.99,06/13/24 18:38,"911 North St, San Francisco, CA 94016"
214374,34in Ultrawide Monitor,1,379.99,06/18/24 18:21,"561 Walnut St, Los Angeles, CA 90001"
214375,iPhone,1,700,06/28/24 16:27,"504 Church St, San Francisco, CA 94016"
214375,Lightning Charging Cable,1,14.95,06/28/24 16:27,"504 Church St, San Francisco, CA 94016"
214376,Lightning Charging Cable,1,14.95,06/25/24 08:29,"378 12th St, New York City, NY 10001"
214377,AAA Batteries (4-pack),2,2.99,06/15/24 20:07,"323 Walnut St, Seattle, WA 98101"
214378,USB-C Charging Cable,1,11.95,06/11/24 16:57,"877 4th St, Austin, TX 73301"
214379,USB-C Charging Cable,1,11.95,06/01/24 21:32,"183 South St, San Francisco, CA 94016"
214380,Lightning Charging Cable,1,14.95,06/04/24 16:32,"186 Walnut St, San Francisco, CA 94016"
214381,USB-C Charging Cable,1,11.95,06/09/24 18:49,"683 Lincoln St, Dallas, TX 75001"
214382,Lightning Charging Cable,1,14.95,06/30/24 18:06,"367 Cherry St, Seattle, WA 98101"
214383,AA Batteries (4-pack),1,3.84,06/05/24 00:12,"812 West St, Austin, TX 73301"
214384,Lightning Charging Cable,1,14.95,06/04/24 16:07,"831 Dogwood St, San Francisco, CA 94016"
214385,27in FHD Monitor,1,149.99,06/18/24 20:45,"346 6th St, New York City, NY 10001"
214386,20in Monitor,1,109.99,06/18/24 20:50,"591 7th St, Seattle, WA 98101"
214387,Flatscreen TV,1,300,06/16/24 21:39,"949 Cedar St, Los Angeles, CA 90001"
214388,iPhone,1,700,06/17/24 13:01,"232 5th St, Portland, OR 97035"
214389,Apple Airpods Headphones,1,150,06/28/24 05:24,"234 Forest St, New York City, NY 10001"
214390,iPhone,1,700,06/03/24 20:41,"405 Center St, San Francisco, CA 94016"
214390,Apple Airpods Headphones,1,150,06/03/24 20:41,"405 Center St, San Francisco, CA 94016"
214391,Wired Headphones,1,11.99,06/05/24 09:49,"153 Lakeview St, Seattle, WA 98101"
214391,AA Batteries (4-pack),3,3.84,06/05/24 09:49,"153 Lakeview St, Seattle, WA 98101"
214392,20in Monitor,1,109.99,06/20/24 17:01,"969 River St, Seattle, WA 98101"
214393,USB-C Charging Cable,1,11.95,06/27/24 09:32,"262 North St, Boston, MA 02215"
214394,Apple Airpods Headphones,1,150,06/28/24 20:35,"643 Forest St, Boston, MA 02215"
214395,Flatscreen TV,1,300,06/10/24 13:47,"763 Main St, Austin, TX 73301"
214396,AA Batteries (4-pack),2,3.84,06/26/24 08:56,"666 Ridge St, New York City, NY 10001"
214397,AAA Batteries (4-pack),1,2.99,06/16/24 16:06,"90 Adams St, Dallas, TX 75001"
214398,Apple Airpods Headphones,1,150,06/11/24 17:10,"925 Jackson St, Portland, OR 97035"
214399,AA Batteries (4-pack),1,3.84,06/06/24 22:35,"152 Forest St, San Francisco, CA 94016"
214400,Wired Headphones,1,11.99,06/04/24 06:25,"186 Highland St, Dallas, TX 75001"
214401,Apple Airpods Headphones,1,150,06/30/24 10:02,"708 Cedar St, San Francisco, CA 94016"
214402,Google Phone,1,600,06/09/24 08:30,"156 4th St, New York City, NY 10001"
214403,27in FHD Monitor,1,149.99,06/14/24 08:40,"349 Lake St, San Francisco, CA 94016"
214404,Wired Headphones,1,11.99,06/17/24 10:59,"650 Walnut St, San Francisco, CA 94016"
214405,AA Batteries (4-pack),1,3.84,06/03/24 09:44,"110 13th St, San Francisco, CA 94016"
214406,Bose SoundSport Headphones,1,99.99,06/02/24 08:44,"341 Willow St, San Francisco, CA 94016"
214407,AAA Batteries (4-pack),1,2.99,06/09/24 03:39,"170 7th St, Atlanta, GA 30301"
214408,20in Monitor,1,109.99,06/17/24 19:40,"89 14th St, San Francisco, CA 94016"
214409,Lightning Charging Cable,1,14.95,06/24/24 23:57,"483 1st St, New York City, NY 10001"
214410,Lightning Charging Cable,1,14.95,06/07/24 13:38,"72 Cherry St, San Francisco, CA 94016"
214411,Vareebadd Phone,1,400,06/13/24 12:20,"732 Park St, Los Angeles, CA 90001"
214412,Google Phone,1,600,06/08/24 16:24,"222 Wilson St, San Francisco, CA 94016"
214413,LG Washing Machine,1,600.0,06/25/24 10:28,"977 Pine St, Boston, MA 02215"
214414,27in FHD Monitor,1,149.99,06/26/24 22:23,"839 Pine St, San Francisco, CA 94016"
214415,Apple Airpods Headphones,1,150,06/16/24 23:16,"90 Lakeview St, San Francisco, CA 94016"
214416,Apple Airpods Headphones,1,150,06/17/24 16:15,"901 Center St, New York City, NY 10001"
214417,34in Ultrawide Monitor,1,379.99,06/24/24 15:12,"854 Main St, San Francisco, CA 94016"
214418,AA Batteries (4-pack),1,3.84,06/16/24 11:51,"380 6th St, New York City, NY 10001"
214419,Lightning Charging Cable,1,14.95,06/16/24 17:17,"251 5th St, Portland, ME 04101"
214420,AAA Batteries (4-pack),1,2.99,06/05/24 17:36,"988 Adams St, Los Angeles, CA 90001"
214421,iPhone,1,700,06/07/24 15:07,"23 River St, Los Angeles, CA 90001"
214422,AA Batteries (4-pack),1,3.84,06/20/24 20:07,"512 Willow St, San Francisco, CA 94016"
214423,20in Monitor,1,109.99,06/06/24 14:41,"918 Madison St, Austin, TX 73301"
214424,Flatscreen TV,1,300,06/08/24 23:49,"813 1st St, Los Angeles, CA 90001"
214425,Wired Headphones,1,11.99,06/28/24 09:36,"199 Johnson St, Dallas, TX 75001"
214426,Lightning Charging Cable,1,14.95,06/21/24 21:58,"946 Chestnut St, Atlanta, GA 30301"
214427,Google Phone,1,600,06/14/24 15:32,"933 Lakeview St, New York City, NY 10001"
214428,Google Phone,1,600,06/16/24 16:21,"761 14th St, Atlanta, GA 30301"
214429,Bose SoundSport Headphones,1,99.99,06/12/24 21:58,"275 1st St, San Francisco, CA 94016"
214430,Apple Airpods Headphones,1,150,06/03/24 18:15,"797 Jackson St, Portland, ME 04101"
214431,Lightning Charging Cable,1,14.95,06/08/24 20:24,"683 Spruce St, Los Angeles, CA 90001"
214432,USB-C Charging Cable,1,11.95,06/30/24 23:50,"402 10th St, San Francisco, CA 94016"
214433,Bose SoundSport Headphones,1,99.99,06/18/24 13:10,"914 North St, New York City, NY 10001"
214434,AA Batteries (4-pack),2,3.84,06/24/24 21:32,"198 Center St, New York City, NY 10001"
214435,Macbook Pro Laptop,1,1700,06/13/24 09:21,"994 Pine St, San Francisco, CA 94016"
214436,AAA Batteries (4-pack),1,2.99,06/16/24 11:29,"443 4th St, San Francisco, CA 94016"
214437,AA Batteries (4-pack),1,3.84,06/23/24 17:03,"931 Walnut St, Seattle, WA 98101"
214438,USB-C Charging Cable,1,11.95,06/09/24 11:09,"488 Chestnut St, New York City, NY 10001"
214439,AA Batteries (4-pack),1,3.84,06/20/24 19:33,"24 Ridge St, San Francisco, CA 94016"
214440,AAA Batteries (4-pack),1,2.99,06/05/24 09:56,"501 6th St, San Francisco, CA 94016"
214441,Google Phone,1,600,06/05/24 12:57,"191 12th St, Boston, MA 02215"
214441,USB-C Charging Cable,2,11.95,06/05/24 12:57,"191 12th St, Boston, MA 02215"
214442,USB-C Charging Cable,1,11.95,06/29/24 09:08,"326 Madison St, San Francisco, CA 94016"
214443,Flatscreen TV,1,300,06/04/24 17:53,"43 Meadow St, San Francisco, CA 94016"
214444,Wired Headphones,1,11.99,06/02/24 20:17,"301 River St, San Francisco, CA 94016"
214445,USB-C Charging Cable,1,11.95,06/16/24 13:46,"605 Dogwood St, Boston, MA 02215"
214446,Wired Headphones,1,11.99,06/27/24 14:27,"749 Washington St, San Francisco, CA 94016"
214447,Google Phone,1,600,06/16/24 18:48,"965 Jackson St, New York City, NY 10001"
214447,USB-C Charging Cable,1,11.95,06/16/24 18:48,"965 Jackson St, New York City, NY 10001"
214448,Wired Headphones,2,11.99,06/16/24 08:13,"499 9th St, New York City, NY 10001"
214449,USB-C Charging Cable,1,11.95,06/01/24 14:00,"846 Johnson St, Seattle, WA 98101"
214450,USB-C Charging Cable,1,11.95,06/14/24 16:01,"654 13th St, San Francisco, CA 94016"
214451,Lightning Charging Cable,1,14.95,06/12/24 12:23,"684 Wilson St, San Francisco, CA 94016"
214452,20in Monitor,1,109.99,06/13/24 14:23,"691 Madison St, San Francisco, CA 94016"
214453,Wired Headphones,1,11.99,06/26/24 23:58,"422 8th St, Austin, TX 73301"
214454,Wired Headphones,1,11.99,06/24/24 11:25,"80 9th St, Dallas, TX 75001"
214455,Macbook Pro Laptop,1,1700,06/14/24 13:31,"854 8th St, San Francisco, CA 94016"
214456,USB-C Charging Cable,2,11.95,06/03/24 18:37,"17 4th St, Los Angeles, CA 90001"
214457,Lightning Charging Cable,1,14.95,06/03/24 16:33,"114 7th St, New York City, NY 10001"
214458,20in Monitor,1,109.99,06/03/24 09:11,"766 Pine St, San Francisco, CA 94016"
214459,Bose SoundSport Headphones,1,99.99,06/11/24 14:34,"208 Jackson St, Los Angeles, CA 90001"
214460,27in FHD Monitor,1,149.99,06/20/24 23:35,"767 Sunset St, New York City, NY 10001"
214461,Apple Airpods Headphones,1,150,06/01/24 13:10,"873 Center St, New York City, NY 10001"
214462,Lightning Charging Cable,1,14.95,06/11/24 18:40,"346 1st St, New York City, NY 10001"
214463,Wired Headphones,1,11.99,06/21/24 20:56,"579 4th St, Boston, MA 02215"
214464,Lightning Charging Cable,1,14.95,06/24/24 13:18,"28 Dogwood St, Portland, OR 97035"
214465,Bose SoundSport Headphones,1,99.99,06/21/24 12:46,"534 4th St, Seattle, WA 98101"
214466,USB-C Charging Cable,1,11.95,06/06/24 14:14,"501 Cedar St, New York City, NY 10001"
214467,AAA Batteries (4-pack),1,2.99,06/13/24 19:20,"784 Dogwood St, New York City, NY 10001"
214468,AAA Batteries (4-pack),1,2.99,06/26/24 19:03,"985 Park St, Seattle, WA 98101"
214469,Lightning Charging Cable,1,14.95,06/14/24 05:55,"158 Sunset St, Dallas, TX 75001"
214470,AAA Batteries (4-pack),1,2.99,06/13/24 15:29,"270 Church St, Boston, MA 02215"
214471,Apple Airpods Headphones,1,150,06/03/24 09:28,"569 6th St, Los Angeles, CA 90001"
214472,Flatscreen TV,1,300,06/25/24 12:49,"129 Dogwood St, Seattle, WA 98101"
214473,AA Batteries (4-pack),1,3.84,06/03/24 07:43,"578 Sunset St, Los Angeles, CA 90001"
214474,Lightning Charging Cable,1,14.95,06/22/24 14:26,"525 Ridge St, Atlanta, GA 30301"
,,,,,
214475,USB-C Charging Cable,1,11.95,06/23/24 22:17,"428 Highland St, Los Angeles, CA 90001"
214476,ThinkPad Laptop,1,999.99,06/23/24 16:45,"751 Wilson St, Seattle, WA 98101"
214477,Lightning Charging Cable,1,14.95,06/17/24 13:17,"744 Church St, Los Angeles, CA 90001"
214478,USB-C Charging Cable,1,11.95,06/20/24 12:28,"379 Sunset St, San Francisco, CA 94016"
214479,Lightning Charging Cable,1,14.95,06/08/24 07:46,"308 12th St, Atlanta, GA 30301"
214480,Apple Airpods Headphones,1,150,06/10/24 10:35,"72 Ridge St, Austin, TX 73301"
214481,Wired Headphones,1,11.99,06/23/24 13:32,"556 Sunset St, Austin, TX 73301"
214482,20in Monitor,1,109.99,06/17/24 10:48,"354 North St, Boston, MA 02215"
214483,20in Monitor,1,109.99,06/10/24 06:00,"338 Lake St, Seattle, WA 98101"
214484,AAA Batteries (4-pack),4,2.99,06/03/24 08:04,"256 Chestnut St, Los Angeles, CA 90001"
214485,Apple Airpods Headphones,1,150,06/07/24 12:58,"994 Lake St, Los Angeles, CA 90001"
214486,iPhone,1,700,06/29/24 08:55,"682 Jefferson St, Seattle, WA 98101"
,,,,,
214487,Lightning Charging Cable,1,14.95,06/26/24 16:25,"30 Madison St, Boston, MA 02215"
214488,Lightning Charging Cable,1,14.95,06/18/24 21:31,"163 12th St, San Francisco, CA 94016"
214489,Apple Airpods Headphones,1,150,06/13/24 17:59,"3 Main St, Seattle, WA 98101"
214490,iPhone,1,700,06/12/24 11:05,"64 14th St, Los Angeles, CA 90001"
214490,Lightning Charging Cable,1,14.95,06/12/24 11:05,"64 14th St, Los Angeles, CA 90001"
214491,AAA Batteries (4-pack),5,2.99,06/12/24 19:41,"102 Dogwood St, Seattle, WA 98101"
214492,Bose SoundSport Headphones,1,99.99,06/13/24 13:32,"966 Highland St, Portland, OR 97035"
214493,20in Monitor,1,109.99,06/28/24 18:30,"694 Willow St, Austin, TX 73301"
214494,27in FHD Monitor,1,149.99,06/17/24 15:56,"114 11th St, New York City, NY 10001"
214495,Lightning Charging Cable,1,14.95,06/29/24 12:27,"617 Hill St, Los Angeles, CA 90001"
214496,Apple Airpods Headphones,1,150,06/11/24 11:55,"692 South St, New York City, NY 10001"
214497,iPhone,1,700,06/25/24 10:31,"780 South St, New York City, NY 10001"
214498,USB-C Charging Cable,1,11.95,06/15/24 16:03,"847 Adams St, San Francisco, CA 94016"
214499,Lightning Charging Cable,1,14.95,06/20/24 22:06,"331 Highland St, Boston, MA 02215"
214500,Lightning Charging Cable,1,14.95,06/26/24 21:25,"606 Ridge St, San Francisco, CA 94016"
214501,AA Batteries (4-pack),1,3.84,06/12/24 18:00,"862 Ridge St, Los Angeles, CA 90001"
214502,AA Batteries (4-pack),3,3.84,06/30/24 18:57,"836 Lake St, Boston, MA 02215"
214503,Lightning Charging Cable,1,14.95,06/05/24 18:35,"413 7th St, Portland, OR 97035"
214504,Wired Headphones,1,11.99,06/19/24 20:37,"968 2nd St, Seattle, WA 98101"
214505,Google Phone,1,600,06/19/24 18:32,"46 4th St, New York City, NY 10001"
214505,Wired Headphones,1,11.99,06/19/24 18:32,"46 4th St, New York City, NY 10001"
214506,Lightning Charging Cable,1,14.95,06/20/24 13:40,"512 Lake St, Seattle, WA 98101"
214507,Lightning Charging Cable,1,14.95,06/21/24 19:33,"193 Maple St, Dallas, TX 75001"
214508,AA Batteries (4-pack),1,3.84,06/11/24 00:06,"819 Willow St, New York City, NY 10001"
214509,Flatscreen TV,1,300,06/17/24 16:22,"67 Forest St, San Francisco, CA 94016"
214510,iPhone,1,700,06/24/24 07:36,"537 1st St, Dallas, TX 75001"
214510,Lightning Charging Cable,1,14.95,06/24/24 07:36,"537 1st St, Dallas, TX 75001"
214511,34in Ultrawide Monitor,1,379.99,06/15/24 20:05,"78 Highland St, Los Angeles, CA 90001"
214512,20in Monitor,1,109.99,06/12/24 07:40,"471 Park St, New York City, NY 10001"
214513,27in 4K Gaming Monitor,1,389.99,06/28/24 10:23,"854 12th St, San Francisco, CA 94016"
214514,Bose SoundSport Headphones,1,99.99,06/06/24 06:42,"416 Wilson St, Los Angeles, CA 90001"
214515,USB-C Charging Cable,1,11.95,06/03/24 12:30,"391 Sunset St, Boston, MA 02215"
214516,AA Batteries (4-pack),1,3.84,06/15/24 18:55,"630 14th St, Los Angeles, CA 90001"
214517,Apple Airpods Headphones,1,150,06/16/24 16:38,"691 Meadow St, Dallas, TX 75001"
214518,27in FHD Monitor,1,149.99,06/01/24 12:40,"227 North St, Austin, TX 73301"
214519,34in Ultrawide Monitor,1,379.99,06/07/24 21:22,"163 Jackson St, Portland, OR 97035"
214520,Apple Airpods Headphones,1,150,06/09/24 10:30,"858 Hill St, San Francisco, CA 94016"
214521,Macbook Pro Laptop,1,1700,06/09/24 13:48,"28 10th St, New York City, NY 10001"
214522,Google Phone,1,600,06/26/24 08:12,"736 West St, San Francisco, CA 94016"
214522,Wired Headphones,1,11.99,06/26/24 08:12,"736 West St, San Francisco, CA 94016"
214523,27in 4K Gaming Monitor,1,389.99,06/17/24 13:54,"770 Wilson St, Portland, OR 97035"
214523,AAA Batteries (4-pack),3,2.99,06/17/24 13:54,"770 Wilson St, Portland, OR 97035"
214524,Bose SoundSport Headphones,1,99.99,06/12/24 19:07,"841 Cherry St, Los Angeles, CA 90001"
214525,USB-C Charging Cable,1,11.95,06/30/24 03:59,"608 Lake St, Atlanta, GA 30301"
214526,Wired Headphones,1,11.99,06/14/24 13:06,"569 Walnut St, San Francisco, CA 94016"
214527,20in Monitor,1,109.99,06/29/24 10:41,"713 Wilson St, Boston, MA 02215"
214528,Lightning Charging Cable,1,14.95,06/04/24 15:14,"39 Main St, Portland, OR 97035"
214528,USB-C Charging Cable,1,11.95,06/04/24 15:14,"39 Main St, Portland, OR 97035"
214529,AAA Batteries (4-pack),1,2.99,06/07/24 14:50,"421 Lincoln St, New York City, NY 10001"
214530,AA Batteries (4-pack),4,3.84,06/25/24 18:53,"168 11th St, Dallas, TX 75001"
214531,Bose SoundSport Headphones,1,99.99,06/03/24 18:32,"931 13th St, Portland, ME 04101"
214532,Lightning Charging Cable,1,14.95,06/20/24 17:47,"42 Lakeview St, Seattle, WA 98101"
Order ID,Product,Quantity Ordered,Price Each,Order Date,Purchase Address
214533,Lightning Charging Cable,1,14.95,06/10/24 12:50,"869 Johnson St, Los Angeles, CA 90001"
214534,20in Monitor,1,109.99,06/06/24 23:04,"619 Center St, New York City, NY 10001"
214535,Apple Airpods Headphones,1,150,06/10/24 03:22,"408 5th St, Atlanta, GA 30301"
214535,34in Ultrawide Monitor,1,379.99,06/10/24 03:22,"408 5th St, Atlanta, GA 30301"
,,,,,
214536,Google Phone,1,600,06/21/24 13:38,"331 2nd St, San Francisco, CA 94016"
214537,Bose SoundSport Headphones,1,99.99,06/12/24 09:09,"703 12th St, San Francisco, CA 94016"
214538,Lightning Charging Cable,1,14.95,06/08/24 11:06,"217 Walnut St, Los Angeles, CA 90001"
214539,AAA Batteries (4-pack),1,2.99,06/11/24 18:42,"766 Church St, Austin, TX 73301"
214540,Bose SoundSport Headphones,1,99.99,06/25/24 21:20,"767 River St, San Francisco, CA 94016"
214541,Macbook Pro Laptop,1,1700,06/01/24 17:33,"374 Madison St, San Francisco, CA 94016"
214542,AAA Batteries (4-pack),1,2.99,06/20/24 02:08,"894 Johnson St, San Francisco, CA 94016"
214543,iPhone,1,700,06/09/24 13:22,"744 Center St, Los Angeles, CA 90001"
214544,Wired Headphones,1,11.99,06/28/24 10:55,"444 Sunset St, San Francisco, CA 94016"
214545,AAA Batteries (4-pack),1,2.99,06/28/24 07:43,"654 Dogwood St, San Francisco, CA 94016"
214546,20in Monitor,1,109.99,06/27/24 23:59,"638 Lakeview St, San Francisco, CA 94016"
214547,ThinkPad Laptop,1,999.99,06/18/24 21:38,"489 Wilson St, San Francisco, CA 94016"
Order ID,Product,Quantity Ordered,Price Each,Order Date,Purchase Address
214548,Bose SoundSport Headphones,1,99.99,06/27/24 17:25,"242 5th St, Boston, MA 02215"
214549,Google Phone,1,600,06/15/24 21:17,"479 4th St, Boston, MA 02215"
214549,USB-C Charging Cable,2,11.95,06/15/24 21:17,"479 4th St, Boston, MA 02215"
214550,AAA Batteries (4-pack),1,2.99,06/26/24 22:30,"312 Adams St, New York City, NY 10001"
214551,27in FHD Monitor,1,149.99,06/05/24 16:39,"946 7th St, Portland, OR 97035"
214552,Wired Headphones,1,11.99,06/21/24 19:05,"289 Maple St, San Francisco, CA 94016"
214553,ThinkPad Laptop,1,999.99,06/16/24 10:46,"621 9th St, San Francisco, CA 94016"
214554,AAA Batteries (4-pack),1,2.99,06/26/24 12:26,"626 Ridge St, Atlanta, GA 30301"
214555,AA Batteries (4-pack),1,3.84,06/10/24 07:43,"324 8th St, San Francisco, CA 94016"
214556,27in FHD Monitor,1,149.99,06/28/24 20:19,"456 Cedar St, San Francisco, CA 94016"
214557,Apple Airpods Headphones,1,150,06/21/24 11:02,"360 West St, San Francisco, CA 94016"
214558,ThinkPad Laptop,1,999.99,06/18/24 14:25,"646 Sunset St, Los Angeles, CA 90001"
214559,AAA Batteries (4-pack),2,2.99,06/26/24 21:01,"333 6th St, San Francisco, CA 94016"
214560,Google Phone,1,600,06/01/24 18:15,"805 Center St, San Francisco, CA 94016"
214561,Lightning Charging Cable,1,14.95,06/11/24 16:47,"41 Meadow St, Boston, MA 02215"
214562,AAA Batteries (4-pack),3,2.99,06/29/24 12:58,"273 Park St, Austin, TX 73301"
214563,Vareebadd Phone,1,400,06/06/24 17:13,"518 West St, Los Angeles, CA 90001"
214563,USB-C Charging Cable,1,11.95,06/06/24 17:13,"518 West St, Los Angeles, CA 90001"
214564,AA Batteries (4-pack),1,3.84,06/17/24 02:06,"439 11th St, Austin, TX 73301"
214565,AAA Batteries (4-pack),1,2.99,06/18/24 17:52,"732 Hill St, Los Angeles, CA 90001"
214566,Wired Headphones,2,11.99,06/07/24 19:27,"75 North St, San Francisco, CA 94016"
214567,Wired Headphones,1,11.99,06/05/24 17:24,"177 6th St, Boston, MA 02215"
214568,Bose SoundSport Headphones,1,99.99,06/22/24 22:45,"595 Park St, Atlanta, GA 30301"
214569,27in 4K Gaming Monitor,1,389.99,06/02/24 18:35,"913 Main St, New York City, NY 10001"
214570,Wired Headphones,2,11.99,06/26/24 19:18,"87 7th St, Atlanta, GA 30301"
214571,AAA Batteries (4-pack),1,2.99,06/04/24 08:52,"235 Church St, Los Angeles, CA 90001"
214572,AAA Batteries (4-pack),2,2.99,06/18/24 15:07,"61 2nd St, Boston, MA 02215"
214573,AAA Batteries (4-pack),2,2.99,06/13/24 12:01,"752 Main St, Portland, OR 97035"
214574,USB-C Charging Cable,2,11.95,06/17/24 17:47,"305 13th St, Los Angeles, CA 90001"
214575,AA Batteries (4-pack),2,3.84,06/22/24 01:13,"823 10th St, New York City, NY 10001"
214576,Lightning Charging Cable,1,14.95,06/08/24 10:58,"159 Wilson St, Boston, MA 02215"
214577,Apple Airpods Headphones,1,150,06/30/24 09:38,"975 Lincoln St, San Francisco, CA 94016"
214578,Vareebadd Phone,1,400,06/30/24 14:33,"444 7th St, San Francisco, CA 94016"
214579,Lightning Charging Cable,1,14.95,06/06/24 12:22,"707 Hill St, New York City, NY 10001"
214580,USB-C Charging Cable,1,11.95,06/19/24 12:25,"56 Walnut St, San Francisco, CA 94016"
214581,27in FHD Monitor,1,149.99,06/09/24 00:43,"940 Meadow St, San Francisco, CA 94016"
214582,Wired Headphones,1,11.99,06/28/24 19:23,"584 Adams St, Portland, OR 97035"
214583,USB-C Charging Cable,1,11.95,06/22/24 09:00,"51 North St, Boston, MA 02215"
214584,AAA Batteries (4-pack),1,2.99,06/02/24 15:33,"561 Lake St, San Francisco, CA 94016"
214585,Macbook Pro Laptop,1,1700,06/18/24 20:52,"683 Hill St, New York City, NY 10001"
214586,Macbook Pro Laptop,1,1700,06/28/24 07:54,"146 Adams St, Atlanta, GA 30301"
214587,20in Monitor,1,109.99,06/28/24 20:54,"42 2nd St, San Francisco, CA 94016"
214588,Google Phone,1,600,06/10/24 16:07,"82 Sunset St, San Francisco, CA 94016"
214589,iPhone,1,700,06/17/24 12:52,"148 Johnson St, New York City, NY 10001"
214590,Macbook Pro Laptop,1,1700,06/09/24 17:36,"68 Forest St, New York City, NY 10001"
214591,27in 4K Gaming Monitor,1,389.99,06/11/24 14:44,"693 Forest St, New York City, NY 10001"
214592,Wired Headphones,1,11.99,06/23/24 15:10,"836 14th St, Atlanta, GA 30301"
214593,AA Batteries (4-pack),1,3.84,06/20/24 19:35,"259 South St, Portland, ME 04101"
214594,Lightning Charging Cable,1,14.95,06/20/24 22:05,"884 Lincoln St, Boston, MA 02215"
214595,Apple Airpods Headphones,1,150,06/28/24 10:42,"31 11th St, Los Angeles, CA 90001"
214596,ThinkPad Laptop,1,999.99,06/05/24 06:58,"367 North St, Seattle, WA 98101"
214597,Apple Airpods Headphones,1,150,06/17/24 18:02,"780 1st St, Boston, MA 02215"
214598,AA Batteries (4-pack),3,3.84,06/21/24 22:13,"424 8th St, Boston, MA 02215"
214599,Lightning Charging Cable,1,14.95,06/20/24 19:38,"151 6th St, Austin, TX 73301"
214600,USB-C Charging Cable,1,11.95,06/15/24 20:03,"313 11th St, Los Angeles, CA 90001"
214601,Bose SoundSport Headphones,1,99.99,06/09/24 23:13,"8 9th St, New York City, NY 10001"
214602,Wired Headphones,1,11.99,06/01/24 22:14,"13 Lincoln St, Dallas, TX 75001"
214603,27in 4K Gaming Monitor,1,389.99,06/06/24 01:09,"414 6th St, New York City, NY 10001"
214604,USB-C Charging Cable,1,11.95,06/22/24 22:00,"155 Willow St, Los Angeles, CA 90001"
214605,AA Batteries (4-pack),2,3.84,06/03/24 14:01,"714 Walnut St, Dallas, TX 75001"
214606,Google Phone,1,600,06/25/24 02:21,"946 South St, New York City, NY 10001"
214607,Macbook Pro Laptop,1,1700,06/30/24 19:30,"65 Meadow St, Boston, MA 02215"
214608,AA Batteries (4-pack),2,3.84,06/21/24 22:29,"321 Ridge St, Los Angeles, CA 90001"
214609,iPhone,1,700,06/18/24 15:51,"385 2nd St, San Francisco, CA 94016"
214610,Apple Airpods Headphones,1,150,06/18/24 19:01,"689 Spruce St, San Francisco, CA 94016"
214611,AAA Batteries (4-pack),1,2.99,06/02/24 11:33,"382 West St, San Francisco, CA 94016"
214612,AA Batteries (4-pack),1,3.84,06/28/24 10:22,"618 Lake St, Dallas, TX 75001"
214613,USB-C Charging Cable,1,11.95,06/20/24 14:32,"26 Washington St, Los Angeles, CA 90001"
214614,Macbook Pro Laptop,1,1700,06/07/24 20:22,"51 4th St, Portland, OR 97035"
214615,Bose SoundSport Headphones,1,99.99,06/20/24 06:38,"59 Cherry St, San Francisco, CA 94016"
214616,34in Ultrawide Monitor,1,379.99,06/05/24 11:40,"655 10th St, Atlanta, GA 30301"
214617,AA Batteries (4-pack),1,3.84,06/02/24 18:44,"687 Johnson St, Los Angeles, CA 90001"
214618,Flatscreen TV,1,300,06/27/24 16:54,"204 6th St, New York City, NY 10001"
214619,34in Ultrawide Monitor,1,379.99,06/22/24 10:45,"852 Lakeview St, San Francisco, CA 94016"
214620,AA Batteries (4-pack),1,3.84,06/01/24 10:29,"132 Chestnut St, New York City, NY 10001"
214621,20in Monitor,1,109.99,06/21/24 00:48,"894 Elm St, New York City, NY 10001"
214622,AA Batteries (4-pack),1,3.84,06/05/24 20:39,"825 South St, San Francisco, CA 94016"
214623,Bose SoundSport Headphones,1,99.99,06/01/24 11:43,"275 Lincoln St, Portland, ME 04101"
214624,USB-C Charging Cable,1,11.95,06/06/24 09:04,"597 Cherry St, Los Angeles, CA 90001"
214625,AA Batteries (4-pack),2,3.84,06/01/24 11:11,"648 Johnson St, Boston, MA 02215"
214626,USB-C Charging Cable,1,11.95,06/11/24 17:12,"956 11th St, Atlanta, GA 30301"
214627,Google Phone,1,600,06/23/24 10:03,"985 Ridge St, Seattle, WA 98101"
214628,AA Batteries (4-pack),1,3.84,06/03/24 22:13,"55 13th St, Los Angeles, CA 90001"
214629,ThinkPad Laptop,1,999.99,06/09/24 18:03,"399 Park St, Dallas, TX 75001"
214630,Wired Headphones,1,11.99,06/06/24 19:58,"163 Washington St, San Francisco, CA 94016"
214631,Apple Airpods Headphones,1,150,06/05/24 13:50,"678 Madison St, Boston, MA 02215"
214632,USB-C Charging Cable,1,11.95,06/04/24 08:39,"781 West St, Los Angeles, CA 90001"
214633,iPhone,1,700,06/10/24 10:56,"43 Wilson St, Los Angeles, CA 90001"
214634,Apple Airpods Headphones,1,150,06/18/24 19:38,"939 Adams St, Seattle, WA 98101"
214635,Apple Airpods Headphones,1,150,06/29/24 20:42,"695 Main St, Seattle, WA 98101"
214636,Wired Headphones,1,11.99,06/25/24 11:20,"348 9th St, Seattle, WA 98101"
214637,AAA Batteries (4-pack),1,2.99,06/13/24 08:56,"206 12th St, San Francisco, CA 94016"
214638,27in FHD Monitor,1,149.99,06/13/24 18:15,"609 Jefferson St, Boston, MA 02215"
214639,AA Batteries (4-pack),1,3.84,06/02/24 14:19,"496 Wilson St, Seattle, WA 98101"
214640,27in 4K Gaming Monitor,1,389.99,06/05/24 14:33,"17 Cherry St, San Francisco, CA 94016"
214641,27in FHD Monitor,1,149.99,06/11/24 00:03,"803 Adams St, San Francisco, CA 94016"
214642,AA Batteries (4-pack),2,3.84,06/29/24 12:45,"518 Center St, Boston, MA 02215"
214643,20in Monitor,1,109.99,06/23/24 10:29,"918 Elm St, Los Angeles, CA 90001"
214644,Flatscreen TV,1,300,06/18/24 15:20,"129 Ridge St, Boston, MA 02215"
214645,27in 4K Gaming Monitor,1,389.99,06/10/24 06:29,"750 1st St, Boston, MA 02215"
214646,AAA Batteries (4-pack),2,2.99,06/30/24 12:28,"410 Park St, San Francisco, CA 94016"
214647,Wired Headphones,1,11.99,06/28/24 19:37,"652 Madison St, San Francisco, CA 94016"
214648,USB-C Charging Cable,1,11.95,06/05/24 12:54,"908 13th St, Dallas, TX 75001"
214649,AAA Batteries (4-pack),1,2.99,06/12/24 14:56,"265 Forest St, Seattle, WA 98101"
214650,Lightning Charging Cable,1,14.95,06/19/24 13:20,"686 Madison St, San Francisco, CA 94016"
214651,27in 4K Gaming Monitor,1,389.99,06/13/24 14:44,"454 River St, Boston, MA 02215"
214652,Wired Headphones,1,11.99,06/12/24 10:25,"297 Cherry St, Los Angeles, CA 90001"
214653,Bose SoundSport Headphones,1,99.99,06/23/24 11:30,"835 Jackson St, Boston, MA 02215"
214654,Wired Headphones,1,11.99,06/30/24 21:02,"933 5th St, Seattle, WA 98101"
214654,Bose SoundSport Headphones,1,99.99,06/30/24 21:02,"933 5th St, Seattle, WA 98101"
214655,AAA Batteries (4-pack),2,2.99,06/30/24 11:53,"605 Church St, San Francisco, CA 94016"
214656,AAA Batteries (4-pack),2,2.99,06/01/24 17:02,"452 River St, Seattle, WA 98101"
214657,27in FHD Monitor,1,149.99,06/03/24 08:16,"135 Johnson St, Portland, OR 97035"
214658,AAA Batteries (4-pack),1,2.99,06/30/24 22:33,"934 Church St, Los Angeles, CA 90001"
214659,Apple Airpods Headphones,1,150,06/18/24 22:07,"487 Spruce St, Atlanta, GA 30301"
214660,Macbook Pro Laptop,1,1700,06/25/24 13:20,"550 14th St, Portland, OR 97035"
214661,Apple Airpods Headphones,1,150,06/06/24 02:15,"261 Maple St, Los Angeles, CA 90001"
214662,Vareebadd Phone,1,400,06/29/24 19:35,"264 River St, Dallas, TX 75001"
214663,Macbook Pro Laptop,1,1700,06/26/24 18:11,"58 South St, New York City, NY 10001"
214664,Wired Headphones,1,11.99,06/20/24 22:21,"93 West St, Dallas, TX 75001"
214665,20in Monitor,1,109.99,06/15/24 11:36,"936 Hill St, San Francisco, CA 94016"
214666,Vareebadd Phone,1,400,06/01/24 18:15,"686 7th St, Los Angeles, CA 90001"
214666,USB-C Charging Cable,1,11.95,06/01/24 18:15,"686 7th St, Los Angeles, CA 90001"
214667,20in Monitor,1,109.99,06/23/24 19:24,"733 Ridge St, San Francisco, CA 94016"
214668,LG Washing Machine,1,600.0,06/29/24 13:38,"579 Highland St, Seattle, WA 98101"
214669,Apple Airpods Headphones,1,150,06/07/24 20:34,"945 Jefferson St, Los Angeles, CA 90001"
214670,AAA Batteries (4-pack),1,2.99,06/12/24 07:36,"660 14th St, Portland, OR 97035"
214671,AAA Batteries (4-pack),1,2.99,06/01/24 15:12,"344 11th St, San Francisco, CA 94016"
214672,27in FHD Monitor,1,149.99,06/06/24 10:07,"333 4th St, Los Angeles, CA 90001"
214673,Lightning Charging Cable,1,14.95,06/09/24 19:31,"72 13th St, Boston, MA 02215"
214674,AA Batteries (4-pack),1,3.84,06/30/24 22:42,"390 Church St, San Francisco, CA 94016"
214675,Wired Headphones,1,11.99,06/19/24 10:56,"188 5th St, San Francisco, CA 94016"
214676,Lightning Charging Cable,1,14.95,06/05/24 19:56,"642 Highland St, Austin, TX 73301"
214677,27in FHD Monitor,1,149.99,06/03/24 19:54,"913 Adams St, Atlanta, GA 30301"
214678,Lightning Charging Cable,1,14.95,06/07/24 22:07,"261 Hill St, Dallas, TX 75001"
214679,27in FHD Monitor,1,149.99,06/09/24 07:42,"45 Hill St, Atlanta, GA 30301"
214680,AAA Batteries (4-pack),1,2.99,06/20/24 23:12,"814 8th St, Boston, MA 02215"
214680,USB-C Charging Cable,1,11.95,06/20/24 23:12,"814 8th St, Boston, MA 02215"
214681,iPhone,1,700,06/21/24 20:19,"815 Cherry St, Los Angeles, CA 90001"
214681,Wired Headphones,1,11.99,06/21/24 20:19,"815 Cherry St, Los Angeles, CA 90001"
214682,AAA Batteries (4-pack),3,2.99,06/18/24 21:11,"804 Lincoln St, Portland, OR 97035"
214683,20in Monitor,1,109.99,06/01/24 11:06,"658 7th St, San Francisco, CA 94016"
214684,Wired Headphones,1,11.99,06/30/24 23:53,"653 1st St, San Francisco, CA 94016"
214685,AAA Batteries (4-pack),1,2.99,06/25/24 10:22,"92 9th St, Portland, ME 04101"
214686,Lightning Charging Cable,1,14.95,06/01/24 17:14,"631 Johnson St, New York City, NY 10001"
214687,Apple Airpods Headphones,1,150,06/02/24 23:52,"246 Center St, Atlanta, GA 30301"
214688,Apple Airpods Headphones,1,150,06/02/24 10:27,"527 Lakeview St, Seattle, WA 98101"
214689,Wired Headphones,1,11.99,06/06/24 10:09,"848 2nd St, San Francisco, CA 94016"
214689,iPhone,1,700,06/06/24 10:09,"848 2nd St, San Francisco, CA 94016"
214690,Wired Headphones,1,11.99,06/13/24 15:28,"553 Jackson St, New York City, NY 10001"
214691,Google Phone,1,600,06/12/24 16:48,"825 7th St, Los Angeles, CA 90001"
214692,AA Batteries (4-pack),1,3.84,06/07/24 14:20,"800 Ridge St, Boston, MA 02215"
214693,Apple Airpods Headphones,1,150,06/10/24 21:05,"874 Main St, San Francisco, CA 94016"
214694,USB-C Charging Cable,1,11.95,06/02/24 16:28,"777 7th St, New York City, NY 10001"
214695,Lightning Charging Cable,1,14.95,06/10/24 10:54,"768 7th St, Los Angeles, CA 90001"
214696,34in Ultrawide Monitor,1,379.99,06/14/24 22:39,"846 6th St, Seattle, WA 98101"
214696,27in FHD Monitor,1,149.99,06/14/24 22:39,"846 6th St, Seattle, WA 98101"
214697,USB-C Charging Cable,1,11.95,06/10/24 15:00,"574 11th St, Austin, TX 73301"
214698,AA Batteries (4-pack),1,3.84,06/26/24 11:52,"525 Lakeview St, Atlanta, GA 30301"
214699,20in Monitor,1,109.99,06/26/24 08:20,"963 North St, Dallas, TX 75001"
,,,,,
214700,iPhone,1,700,06/21/24 10:59,"94 Cedar St, Seattle, WA 98101"
214701,27in 4K Gaming Monitor,1,389.99,06/13/24 07:45,"848 Forest St, Los Angeles, CA 90001"
214702,iPhone,1,700,06/16/24 17:46,"175 Park St, Dallas, TX 75001"
214702,Apple Airpods Headphones,1,150,06/16/24 17:46,"175 Park St, Dallas, TX 75001"
214703,Wired Headphones,1,11.99,06/29/24 12:02,"720 North St, Atlanta, GA 30301"
214704,Bose SoundSport Headphones,1,99.99,06/02/24 10:36,"11 West St, Dallas, TX 75001"
214705,Apple Airpods Headphones,1,150,06/09/24 12:49,"13 Pine St, Dallas, TX 75001"
214705,Wired Headphones,2,11.99,06/09/24 12:49,"13 Pine St, Dallas, TX 75001"
214706,Wired Headphones,1,11.99,06/20/24 11:58,"753 Jefferson St, Seattle, WA 98101"
214707,USB-C Charging Cable,1,11.95,06/28/24 18:36,"153 Church St, New York City, NY 10001"
214708,Google Phone,1,600,06/12/24 19:31,"312 Ridge St, Seattle, WA 98101"
214709,Google Phone,1,600,06/20/24 10:43,"636 Cedar St, Atlanta, GA 30301"
214710,Bose SoundSport Headphones,1,99.99,06/24/24 08:29,"390 13th St, Dallas, TX 75001"
214711,Lightning Charging Cable,1,14.95,06/05/24 20:55,"789 Sunset St, Boston, MA 02215"
214712,AA Batteries (4-pack),1,3.84,06/09/24 06:09,"535 Hickory St, Seattle, WA 98101"
214713,Lightning Charging Cable,1,14.95,06/13/24 15:21,"946 1st St, Seattle, WA 98101"
214714,Apple Airpods Headphones,1,150,06/12/24 06:45,"640 Hill St, Seattle, WA 98101"
214715,27in FHD Monitor,1,149.99,06/10/24 16:05,"193 Cedar St, San Francisco, CA 94016"
214716,AAA Batteries (4-pack),1,2.99,06/14/24 12:42,"73 Jefferson St, Los Angeles, CA 90001"
,,,,,
214717,27in FHD Monitor,1,149.99,06/08/24 15:43,"199 2nd St, Portland, OR 97035"
214718,ThinkPad Laptop,1,999.99,06/26/24 16:42,"581 Pine St, San Francisco, CA 94016"
214719,Macbook Pro Laptop,1,1700,06/27/24 14:37,"592 1st St, Dallas, TX 75001"
214720,AA Batteries (4-pack),1,3.84,06/26/24 22:08,"444 Lake St, New York City, NY 10001"
214721,AAA Batteries (4-pack),1,2.99,06/28/24 21:02,"992 13th St, San Francisco, CA 94016"
214722,Lightning Charging Cable,2,14.95,06/16/24 18:47,"940 Wilson St, Boston, MA 02215"
214723,AA Batteries (4-pack),1,3.84,06/07/24 13:07,"469 Meadow St, Seattle, WA 98101"
214724,Apple Airpods Headphones,1,150,06/12/24 05:40,"303 Dogwood St, San Francisco, CA 94016"
214725,Bose SoundSport Headphones,1,99.99,06/20/24 13:37,"363 Ridge St, Austin, TX 73301"
214726,iPhone,1,700,06/19/24 08:17,"503 Sunset St, New York City, NY 10001"
214727,Bose SoundSport Headphones,1,99.99,06/08/24 20:47,"315 North St, San Francisco, CA 94016"
214728,27in 4K Gaming Monitor,1,389.99,06/27/24 18:35,"887 Main St, New York City, NY 10001"
214729,Lightning Charging Cable,1,14.95,06/23/24 08:44,"697 7th St, Atlanta, GA 30301"
214730,AA Batteries (4-pack),1,3.84,06/14/24 09:26,"602 2nd St, Boston, MA 02215"
214731,Apple Airpods Headphones,1,150,06/26/24 12:15,"837 10th St, San Francisco, CA 94016"
214732,Wired Headphones,1,11.99,06/24/24 16:23,"43 Church St, Atlanta, GA 30301"
214733,27in 4K Gaming Monitor,1,389.99,06/14/24 21:13,"703 Lincoln St, Los Angeles, CA 90001"
214734,Google Phone,1,600,06/12/24 20:39,"129 Lake St, San Francisco, CA 94016"
214735,Wired Headphones,1,11.99,06/05/24 23:36,"347 Lake St, Los Angeles, CA 90001"
214736,USB-C Charging Cable,1,11.95,06/21/24 12:29,"619 Madison St, Portland, OR 97035"
214737,Apple Airpods Headphones,1,150,06/28/24 17:23,"311 7th St, Dallas, TX 75001"
214738,AA Batteries (4-pack),1,3.84,06/12/24 17:05,"21 Wilson St, Seattle, WA 98101"
214739,Lightning Charging Cable,1,14.95,06/18/24 19:58,"496 6th St, New York City, NY 10001"
214740,Lightning Charging Cable,1,14.95,06/10/24 02:29,"283 Pine St, New York City, NY 10001"
214741,27in 4K Gaming Monitor,1,389.99,06/22/24 11:21,"162 Ridge St, San Francisco, CA 94016"
214742,Wired Headphones,1,11.99,06/26/24 10:09,"718 Cherry St, Portland, OR 97035"
214743,AA Batteries (4-pack),1,3.84,06/26/24 15:43,"311 Elm St, San Francisco, CA 94016"
214744,AA Batteries (4-pack),1,3.84,06/20/24 17:32,"221 Spruce St, Atlanta, GA 30301"
214745,Bose SoundSport Headphones,1,99.99,06/11/24 11:44,"971 Madison St, Seattle, WA 98101"
214746,Wired Headphones,1,11.99,06/20/24 07:41,"751 7th St, Dallas, TX 75001"
214747,AAA Batteries (4-pack),1,2.99,06/16/24 18:47,"268 8th St, Los Angeles, CA 90001"
214748,iPhone,1,700,06/25/24 12:48,"533 1st St, New York City, NY 10001"
214748,Lightning Charging Cable,1,14.95,06/25/24 12:48,"533 1st St, New York City, NY 10001"
214749,AAA Batteries (4-pack),1,2.99,06/26/24 10:53,"434 North St, Boston, MA 02215"
214750,USB-C Charging Cable,1,11.95,06/01/24 11:00,"859 11th St, Boston, MA 02215"
214751,Google Phone,1,600,06/11/24 12:49,"433 Chestnut St, Seattle, WA 98101"
214752,Lightning Charging Cable,1,14.95,06/07/24 07:38,"965 River St, San Francisco, CA 94016"
214753,34in Ultrawide Monitor,1,379.99,06/27/24 14:19,"810 Pine St, San Francisco, CA 94016"
214754,Bose SoundSport Headphones,1,99.99,06/21/24 16:14,"831 Hickory St, Los Angeles, CA 90001"
214755,AAA Batteries (4-pack),1,2.99,06/06/24 17:44,"153 Jefferson St, New York City, NY 10001"
214756,USB-C Charging Cable,1,11.95,06/18/24 17:14,"950 River St, San Francisco, CA 94016"
214757,USB-C Charging Cable,1,11.95,06/16/24 00:52,"944 13th St, Portland, OR 97035"
214758,Wired Headphones,1,11.99,06/10/24 18:33,"429 Forest St, San Francisco, CA 94016"
214759,USB-C Charging Cable,3,11.95,06/01/24 15:10,"864 10th St, Atlanta, GA 30301"
214760,Wired Headphones,1,11.99,06/23/24 21:56,"333 Dogwood St, New York City, NY 10001"
214761,Wired Headphones,1,11.99,06/19/24 19:48,"557 2nd St, Los Angeles, CA 90001"
214762,Wired Headphones,1,11.99,06/03/24 14:06,"84 Church St, San Francisco, CA 94016"
214763,USB-C Charging Cable,1,11.95,06/05/24 20:21,"30 North St, San Francisco, CA 94016"
214764,Apple Airpods Headphones,1,150,06/28/24 05:05,"783 8th St, New York City, NY 10001"
214765,USB-C Charging Cable,1,11.95,06/23/24 16:56,"384 Cedar St, San Francisco, CA 94016"
214766,Wired Headphones,1,11.99,06/01/24 17:58,"852 5th St, Dallas, TX 75001"
214767,Lightning Charging Cable,1,14.95,06/29/24 16:34,"237 Pine St, New York City, NY 10001"
214768,Google Phone,1,600,06/15/24 17:10,"370 West St, Los Angeles, CA 90001"
214769,AAA Batteries (4-pack),1,2.99,06/01/24 12:24,"987 Hickory St, Atlanta, GA 30301"
214770,Bose SoundSport Headphones,1,99.99,06/26/24 11:58,"864 Highland St, New York City, NY 10001"
214771,AAA Batteries (4-pack),1,2.99,06/12/24 18:12,"113 Walnut St, Los Angeles, CA 90001"
214772,Macbook Pro Laptop,1,1700,06/17/24 20:44,"971 Ridge St, Los Angeles, CA 90001"
214773,Lightning Charging Cable,1,14.95,06/18/24 09:04,"943 1st St, San Francisco, CA 94016"
214774,27in FHD Monitor,1,149.99,06/22/24 20:30,"88 13th St, New York City, NY 10001"
214775,AAA Batteries (4-pack),1,2.99,06/04/24 14:23,"889 Park St, San Francisco, CA 94016"
214776,USB-C Charging Cable,1,11.95,06/17/24 19:22,"291 2nd St, Portland, ME 04101"
214776,USB-C Charging Cable,1,11.95,06/17/24 19:22,"291 2nd St, Portland, ME 04101"
214777,AA Batteries (4-pack),2,3.84,06/28/24 15:13,"904 Walnut St, San Francisco, CA 94016"
214778,Lightning Charging Cable,1,14.95,06/16/24 14:09,"455 Willow St, New York City, NY 10001"
214779,Bose SoundSport Headphones,1,99.99,06/30/24 21:50,"631 North St, Austin, TX 73301"
214780,iPhone,1,700,06/29/24 09:39,"722 6th St, Boston, MA 02215"
214781,USB-C Charging Cable,1,11.95,06/30/24 17:46,"629 West St, New York City, NY 10001"
214782,AA Batteries (4-pack),2,3.84,06/06/24 17:21,"50 13th St, Atlanta, GA 30301"
214783,Wired Headphones,1,11.99,06/26/24 09:53,"721 Maple St, New York City, NY 10001"
214784,34in Ultrawide Monitor,1,379.99,06/18/24 15:41,"44 Jefferson St, San Francisco, CA 94016"
214785,USB-C Charging Cable,1,11.95,06/01/24 19:03,"480 Cedar St, Dallas, TX 75001"
214786,AAA Batteries (4-pack),1,2.99,06/04/24 13:53,"424 Wilson St, Seattle, WA 98101"
214787,Lightning Charging Cable,1,14.95,06/20/24 22:18,"870 1st St, New York City, NY 10001"
214788,AAA Batteries (4-pack),1,2.99,06/07/24 20:45,"452 9th St, Los Angeles, CA 90001"
214789,Macbook Pro Laptop,1,1700,06/13/24 10:24,"437 Cherry St, Dallas, TX 75001"
214790,ThinkPad Laptop,1,999.99,06/20/24 11:37,"947 Lincoln St, Atlanta, GA 30301"
214791,Apple Airpods Headphones,1,150,06/03/24 09:53,"243 Center St, Austin, TX 73301"
214792,Lightning Charging Cable,2,14.95,06/02/24 09:28,"364 1st St, Seattle, WA 98101"
214793,ThinkPad Laptop,1,999.99,06/30/24 08:40,"562 Elm St, Atlanta, GA 30301"
214794,Apple Airpods Headphones,1,150,06/11/24 12:29,"262 Highland St, Boston, MA 02215"
214795,Bose SoundSport Headphones,1,99.99,06/18/24 22:56,"505 Lincoln St, Dallas, TX 75001"
214796,ThinkPad Laptop,1,999.99,06/15/24 15:12,"499 Jefferson St, Portland, OR 97035"
214797,USB-C Charging Cable,1,11.95,06/01/24 23:37,"173 Hickory St, Los Angeles, CA 90001"
214798,Bose SoundSport Headphones,1,99.99,06/18/24 10:46,"39 Johnson St, San Francisco, CA 94016"
214799,Apple Airpods Headphones,1,150,06/02/24 22:32,"780 4th St, New York City, NY 10001"
214800,Lightning Charging Cable,1,14.95,06/01/24 10:41,"474 Jackson St, San Francisco, CA 94016"
214801,USB-C Charging Cable,1,11.95,06/06/24 08:29,"605 14th St, Dallas, TX 75001"
214802,Lightning Charging Cable,1,14.95,06/29/24 19:30,"205 Park St, Atlanta, GA 30301"
214803,Wired Headphones,1,11.99,06/18/24 22:14,"309 5th St, Boston, MA 02215"
214804,20in Monitor,1,109.99,06/07/24 10:52,"415 Spruce St, Portland, OR 97035"
214805,Apple Airpods Headphones,1,150,06/18/24 12:44,"503 Washington St, Los Angeles, CA 90001"
214806,USB-C Charging Cable,1,11.95,06/30/24 16:27,"755 4th St, Atlanta, GA 30301"
214807,Lightning Charging Cable,1,14.95,06/20/24 11:20,"658 Lakeview St, Los Angeles, CA 90001"
214808,Bose SoundSport Headphones,1,99.99,06/29/24 17:18,"411 Adams St, Seattle, WA 98101"
214809,Lightning Charging Cable,1,14.95,06/07/24 16:41,"944 Hill St, San Francisco, CA 94016"
214810,iPhone,1,700,06/20/24 09:13,"434 12th St, Seattle, WA 98101"
214811,AAA Batteries (4-pack),1,2.99,06/12/24 18:07,"406 Jefferson St, San Francisco, CA 94016"
214812,AAA Batteries (4-pack),1,2.99,06/02/24 19:20,"538 Cherry St, New York City, NY 10001"
214813,Wired Headphones,1,11.99,06/07/24 10:13,"555 Adams St, San Francisco, CA 94016"
214814,AA Batteries (4-pack),1,3.84,06/26/24 14:42,"241 Pine St, New York City, NY 10001"
214815,Lightning Charging Cable,1,14.95,06/12/24 13:20,"785 River St, San Francisco, CA 94016"
214816,27in 4K Gaming Monitor,1,389.99,06/27/24 01:15,"529 11th St, San Francisco, CA 94016"
214817,Bose SoundSport Headphones,1,99.99,06/22/24 08:11,"364 Meadow St, Austin, TX 73301"
214818,Wired Headphones,2,11.99,06/17/24 15:33,"298 Adams St, Los Angeles, CA 90001"
214819,Macbook Pro Laptop,1,1700,06/11/24 03:32,"856 Dogwood St, San Francisco, CA 94016"
214820,Wired Headphones,1,11.99,06/11/24 23:45,"766 Jackson St, Los Angeles, CA 90001"
214821,Wired Headphones,1,11.99,06/26/24 16:12,"215 Adams St, Los Angeles, CA 90001"
214822,27in FHD Monitor,1,149.99,06/25/24 14:17,"745 Jefferson St, Seattle, WA 98101"
214823,iPhone,1,700,06/11/24 15:17,"479 Hickory St, Seattle, WA 98101"
214823,Lightning Charging Cable,2,14.95,06/11/24 15:17,"479 Hickory St, Seattle, WA 98101"
214823,Wired Headphones,1,11.99,06/11/24 15:17,"479 Hickory St, Seattle, WA 98101"
214824,USB-C Charging Cable,1,11.95,06/26/24 16:46,"914 5th St, San Francisco, CA 94016"
214825,27in FHD Monitor,1,149.99,06/12/24 14:41,"436 Madison St, San Francisco, CA 94016"
214826,USB-C Charging Cable,1,11.95,06/28/24 20:51,"34 Forest St, Seattle, WA 98101"
214827,USB-C Charging Cable,1,11.95,06/24/24 13:23,"72 Maple St, Dallas, TX 75001"
214828,AAA Batteries (4-pack),1,2.99,06/18/24 21:39,"145 13th St, Dallas, TX 75001"
214829,Google Phone,1,600,06/09/24 04:14,"779 2nd St, New York City, NY 10001"
214830,Wired Headphones,1,11.99,06/02/24 16:09,"258 Ridge St, Atlanta, GA 30301"
214831,Lightning Charging Cable,1,14.95,06/08/24 12:03,"879 Meadow St, San Francisco, CA 94016"
214832,27in 4K Gaming Monitor,1,389.99,06/14/24 19:11,"616 Dogwood St, Boston, MA 02215"
214833,Bose SoundSport Headphones,1,99.99,06/15/24 18:35,"878 Lake St, San Francisco, CA 94016"
214834,iPhone,1,700,06/26/24 13:52,"282 Park St, Boston, MA 02215"
214834,Lightning Charging Cable,1,14.95,06/26/24 13:52,"282 Park St, Boston, MA 02215"
214835,AAA Batteries (4-pack),3,2.99,06/06/24 11:07,"559 Adams St, New York City, NY 10001"
214836,Wired Headphones,1,11.99,06/07/24 10:23,"962 Wilson St, Atlanta, GA 30301"
214837,Wired Headphones,1,11.99,06/08/24 23:45,"217 Cedar St, Atlanta, GA 30301"
214838,Google Phone,1,600,06/23/24 19:21,"488 Highland St, Atlanta, GA 30301"
214839,iPhone,1,700,06/19/24 18:38,"852 Johnson St, Los Angeles, CA 90001"
214840,Apple Airpods Headphones,1,150,06/22/24 19:40,"573 Cedar St, San Francisco, CA 94016"
214841,AA Batteries (4-pack),1,3.84,06/20/24 12:34,"480 Hill St, Dallas, TX 75001"
214842,AA Batteries (4-pack),1,3.84,06/08/24 15:06,"891 Pine St, San Francisco, CA 94016"
214843,AA Batteries (4-pack),1,3.84,06/20/24 18:13,"368 Main St, San Francisco, CA 94016"
214844,Apple Airpods Headphones,1,150,06/03/24 07:55,"80 13th St, San Francisco, CA 94016"
214845,27in FHD Monitor,1,149.99,06/30/24 13:48,"193 Pine St, Austin, TX 73301"
214846,AAA Batteries (4-pack),4,2.99,06/11/24 06:57,"356 Lincoln St, Boston, MA 02215"
214847,Lightning Charging Cable,1,14.95,06/01/24 07:19,"455 Elm St, Los Angeles, CA 90001"
214848,Wired Headphones,1,11.99,06/08/24 00:36,"821 Washington St, Dallas, TX 75001"
214849,27in FHD Monitor,1,149.99,06/18/24 02:02,"322 Dogwood St, San Francisco, CA 94016"
214850,Lightning Charging Cable,1,14.95,06/20/24 19:25,"972 10th St, Atlanta, GA 30301"
214851,27in 4K Gaming Monitor,1,389.99,06/08/24 19:12,"367 5th St, Los Angeles, CA 90001"
214852,iPhone,1,700,06/17/24 11:01,"660 Hickory St, Seattle, WA 98101"
214853,27in 4K Gaming Monitor,1,389.99,06/04/24 19:30,"217 11th St, Los Angeles, CA 90001"
214854,Wired Headphones,1,11.99,06/01/24 15:35,"86 Ridge St, Los Angeles, CA 90001"
214855,USB-C Charging Cable,1,11.95,06/02/24 21:35,"528 Main St, San Francisco, CA 94016"
214856,iPhone,1,700,06/09/24 21:27,"353 Forest St, Los Angeles, CA 90001"
214857,USB-C Charging Cable,1,11.95,06/20/24 16:16,"794 Dogwood St, Los Angeles, CA 90001"
214858,Apple Airpods Headphones,1,150,06/21/24 08:13,"4 Pine St, Atlanta, GA 30301"
214859,USB-C Charging Cable,1,11.95,06/23/24 17:26,"182 Forest St, Boston, MA 02215"
214860,Apple Airpods Headphones,1,150,06/26/24 16:52,"298 Jackson St, Los Angeles, CA 90001"
214861,USB-C Charging Cable,1,11.95,06/20/24 08:04,"89 Washington St, New York City, NY 10001"
214862,Wired Headphones,1,11.99,06/29/24 17:30,"183 South St, Portland, OR 97035"
214863,USB-C Charging Cable,3,11.95,06/11/24 21:07,"321 Walnut St, Boston, MA 02215"
214864,ThinkPad Laptop,1,999.99,06/22/24 15:29,"473 Church St, Los Angeles, CA 90001"
214865,Lightning Charging Cable,1,14.95,06/17/24 18:21,"946 Lake St, Boston, MA 02215"
214866,AAA Batteries (4-pack),1,2.99,06/29/24 11:30,"209 Chestnut St, Portland, OR 97035"
214867,Google Phone,1,600,06/13/24 12:14,"238 Highland St, Seattle, WA 98101"
214868,Wired Headphones,1,11.99,06/12/24 17:38,"352 6th St, Dallas, TX 75001"
214869,27in 4K Gaming Monitor,1,389.99,06/07/24 22:41,"349 2nd St, Boston, MA 02215"
214870,AA Batteries (4-pack),1,3.84,06/02/24 23:09,"230 Lake St, Boston, MA 02215"
214871,USB-C Charging Cable,1,11.95,06/20/24 14:39,"492 Walnut St, Atlanta, GA 30301"
214872,Lightning Charging Cable,1,14.95,06/28/24 10:49,"574 Center St, Austin, TX 73301"
214873,Wired Headphones,1,11.99,06/16/24 16:07,"535 Center St, San Francisco, CA 94016"
214874,27in 4K Gaming Monitor,1,389.99,06/19/24 18:17,"831 Wilson St, Los Angeles, CA 90001"
214875,ThinkPad Laptop,1,999.99,06/23/24 17:13,"9 Forest St, New York City, NY 10001"
214876,Apple Airpods Headphones,1,150,06/07/24 18:10,"765 11th St, Boston, MA 02215"
214877,iPhone,1,700,06/10/24 11:14,"261 Main St, New York City, NY 10001"
214878,Bose SoundSport Headphones,1,99.99,06/26/24 14:52,"478 Lakeview St, New York City, NY 10001"
214879,USB-C Charging Cable,1,11.95,06/27/24 18:16,"52 7th St, Portland, ME 04101"
214880,Google Phone,1,600,06/25/24 07:59,"563 Sunset St, San Francisco, CA 94016"
214880,USB-C Charging Cable,1,11.95,06/25/24 07:59,"563 Sunset St, San Francisco, CA 94016"
214881,27in FHD Monitor,1,149.99,06/21/24 08:58,"310 Lake St, Boston, MA 02215"
214882,Wired Headphones,2,11.99,06/04/24 20:52,"551 Spruce St, Boston, MA 02215"
214883,USB-C Charging Cable,1,11.95,06/18/24 09:52,"362 Spruce St, San Francisco, CA 94016"
214884,Lightning Charging Cable,1,14.95,06/30/24 10:48,"221 South St, Los Angeles, CA 90001"
214885,AA Batteries (4-pack),1,3.84,06/28/24 15:20,"790 Maple St, San Francisco, CA 94016"
214886,AA Batteries (4-pack),2,3.84,06/06/24 11:29,"429 12th St, San Francisco, CA 94016"
214887,Lightning Charging Cable,1,14.95,06/18/24 19:50,"828 Church St, San Francisco, CA 94016"
214888,Lightning Charging Cable,1,14.95,06/06/24 16:20,"110 Pine St, Seattle, WA 98101"
214889,Bose SoundSport Headphones,1,99.99,06/17/24 12:41,"825 Jefferson St, Los Angeles, CA 90001"
214890,AA Batteries (4-pack),1,3.84,06/02/24 13:12,"268 Hill St, Los Angeles, CA 90001"
214891,AAA Batteries (4-pack),1,2.99,06/25/24 20:28,"33 Lincoln St, Dallas, TX 75001"
214892,iPhone,1,700,06/01/24 11:20,"761 Highland St, New York City, NY 10001"
214893,USB-C Charging Cable,2,11.95,06/10/24 17:44,"430 6th St, New York City, NY 10001"
214894,Lightning Charging Cable,1,14.95,06/25/24 20:54,"82 14th St, Boston, MA 02215"
214895,AAA Batteries (4-pack),1,2.99,06/16/24 19:38,"942 North St, New York City, NY 10001"
214896,Lightning Charging Cable,1,14.95,06/30/24 12:01,"114 Madison St, Portland, ME 04101"
214897,Bose SoundSport Headphones,1,99.99,06/16/24 22:39,"516 1st St, San Francisco, CA 94016"
214898,USB-C Charging Cable,1,11.95,06/27/24 16:49,"235 Hickory St, San Francisco, CA 94016"
214899,Google Phone,1,600,06/24/24 18:53,"599 Jackson St, Boston, MA 02215"
214899,USB-C Charging Cable,1,11.95,06/24/24 18:53,"599 Jackson St, Boston, MA 02215"
214900,AA Batteries (4-pack),1,3.84,06/08/24 12:42,"483 Meadow St, Boston, MA 02215"
214901,AA Batteries (4-pack),1,3.84,06/24/24 10:26,"881 5th St, New York City, NY 10001"
214902,AAA Batteries (4-pack),3,2.99,06/26/24 10:02,"792 River St, Portland, OR 97035"
214903,iPhone,1,700,06/07/24 15:21,"328 North St, Dallas, TX 75001"
214904,27in FHD Monitor,1,149.99,06/09/24 22:18,"111 Spruce St, Dallas, TX 75001"
214905,Lightning Charging Cable,1,14.95,06/18/24 09:29,"136 Washington St, Seattle, WA 98101"
214906,AA Batteries (4-pack),1,3.84,06/01/24 08:00,"459 Adams St, Seattle, WA 98101"
214907,AA Batteries (4-pack),2,3.84,06/19/24 13:57,"763 Center St, New York City, NY 10001"
214908,Bose SoundSport Headphones,1,99.99,06/23/24 14:07,"641 14th St, New York City, NY 10001"
214909,Apple Airpods Headphones,1,150,06/05/24 18:38,"884 7th St, San Francisco, CA 94016"
214910,Google Phone,1,600,06/04/24 14:19,"385 13th St, Atlanta, GA 30301"
214910,Macbook Pro Laptop,1,1700,06/04/24 14:19,"385 13th St, Atlanta, GA 30301"
214911,Bose SoundSport Headphones,1,99.99,06/12/24 08:35,"189 Jefferson St, Seattle, WA 98101"
214912,Lightning Charging Cable,2,14.95,06/27/24 13:57,"352 2nd St, Boston, MA 02215"
214913,20in Monitor,1,109.99,06/01/24 17:28,"779 Park St, Boston, MA 02215"
214914,Lightning Charging Cable,1,14.95,06/13/24 18:20,"679 Lakeview St, Seattle, WA 98101"
214915,ThinkPad Laptop,1,999.99,06/28/24 21:46,"545 4th St, San Francisco, CA 94016"
214916,USB-C Charging Cable,1,11.95,06/17/24 08:25,"490 Maple St, San Francisco, CA 94016"
214917,Lightning Charging Cable,1,14.95,06/27/24 19:11,"693 South St, New York City, NY 10001"
214918,Lightning Charging Cable,1,14.95,06/13/24 11:03,"26 Elm St, New York City, NY 10001"
214919,USB-C Charging Cable,1,11.95,06/02/24 12:55,"58 Lakeview St, Portland, OR 97035"
214920,20in Monitor,1,109.99,06/09/24 20:30,"425 Madison St, San Francisco, CA 94016"
214921,Google Phone,1,600,06/16/24 22:08,"357 Elm St, San Francisco, CA 94016"
214922,Flatscreen TV,1,300,06/05/24 09:52,"516 Adams St, Los Angeles, CA 90001"
214923,27in FHD Monitor,1,149.99,06/26/24 10:56,"712 Center St, San Francisco, CA 94016"
214924,AA Batteries (4-pack),1,3.84,06/04/24 17:12,"195 2nd St, Austin, TX 73301"
214925,27in 4K Gaming Monitor,1,389.99,06/19/24 13:31,"787 Spruce St, San Francisco, CA 94016"
214926,Apple Airpods Headphones,1,150,06/24/24 12:22,"497 Cedar St, Seattle, WA 98101"
214927,Apple Airpods Headphones,1,150,06/24/24 09:10,"253 Johnson St, Los Angeles, CA 90001"
214928,Apple Airpods Headphones,1,150,06/29/24 18:13,"124 Highland St, Seattle, WA 98101"
214929,Apple Airpods Headphones,1,150,06/05/24 19:43,"893 Church St, San Francisco, CA 94016"
214930,AAA Batteries (4-pack),1,2.99,06/25/24 16:47,"39 Forest St, San Francisco, CA 94016"
214931,AAA Batteries (4-pack),1,2.99,06/02/24 17:05,"990 4th St, Boston, MA 02215"
214932,ThinkPad Laptop,1,999.99,06/09/24 16:22,"406 6th St, Seattle, WA 98101"
214933,27in FHD Monitor,1,149.99,06/08/24 20:12,"410 1st St, San Francisco, CA 94016"
214934,AAA Batteries (4-pack),1,2.99,06/06/24 14:11,"19 Washington St, New York City, NY 10001"
214935,Wired Headphones,1,11.99,06/05/24 11:47,"683 Elm St, San Francisco, CA 94016"
214936,Apple Airpods Headphones,1,150,06/19/24 11:40,"40 Spruce St, Dallas, TX 75001"
214937,Lightning Charging Cable,1,14.95,06/08/24 06:30,"104 Sunset St, Atlanta, GA 30301"
214938,Lightning Charging Cable,1,14.95,06/05/24 09:26,"113 1st St, New York City, NY 10001"
214939,20in Monitor,1,109.99,06/12/24 20:26,"278 Jackson St, Seattle, WA 98101"
214940,Google Phone,1,600,06/29/24 01:07,"233 River St, San Francisco, CA 94016"
214941,USB-C Charging Cable,1,11.95,06/04/24 20:08,"371 13th St, Los Angeles, CA 90001"
214942,Lightning Charging Cable,1,14.95,06/11/24 09:08,"326 Lincoln St, New York City, NY 10001"
214943,Flatscreen TV,1,300,06/20/24 18:35,"684 4th St, Atlanta, GA 30301"
214944,AA Batteries (4-pack),1,3.84,06/21/24 11:48,"434 Park St, New York City, NY 10001"
214945,AA Batteries (4-pack),1,3.84,06/19/24 14:54,"263 Walnut St, New York City, NY 10001"
214946,Lightning Charging Cable,1,14.95,06/06/24 12:23,"508 2nd St, San Francisco, CA 94016"
214947,Bose SoundSport Headphones,1,99.99,06/09/24 14:25,"71 12th St, San Francisco, CA 94016"
214948,AA Batteries (4-pack),2,3.84,06/07/24 18:05,"205 4th St, San Francisco, CA 94016"
214949,Apple Airpods Headphones,1,150,06/18/24 15:23,"198 Church St, Boston, MA 02215"
214950,USB-C Charging Cable,1,11.95,06/17/24 18:02,"418 Lincoln St, Dallas, TX 75001"
214951,Lightning Charging Cable,1,14.95,06/27/24 20:37,"291 9th St, Austin, TX 73301"
214952,27in 4K Gaming Monitor,1,389.99,06/09/24 22:20,"361 West St, Boston, MA 02215"
214953,Lightning Charging Cable,1,14.95,06/08/24 17:53,"500 Ridge St, Seattle, WA 98101"
214954,AA Batteries (4-pack),1,3.84,06/15/24 15:29,"346 Washington St, Boston, MA 02215"
214955,AAA Batteries (4-pack),1,2.99,06/01/24 12:39,"864 4th St, Boston, MA 02215"
214956,iPhone,1,700,06/15/24 17:23,"633 Johnson St, San Francisco, CA 94016"
214957,Macbook Pro Laptop,1,1700,06/21/24 21:25,"372 Sunset St, New York City, NY 10001"
214958,Lightning Charging Cable,1,14.95,06/16/24 18:19,"665 Main St, New York City, NY 10001"
214959,Vareebadd Phone,1,400,06/20/24 08:25,"643 Main St, Atlanta, GA 30301"
214959,Wired Headphones,1,11.99,06/20/24 08:25,"643 Main St, Atlanta, GA 30301"
214960,Bose SoundSport Headphones,1,99.99,06/20/24 04:29,"616 Cedar St, Portland, OR 97035"
214960,Bose SoundSport Headphones,1,99.99,06/20/24 04:29,"616 Cedar St, Portland, OR 97035"
214961,Apple Airpods Headphones,1,150,06/28/24 15:36,"914 Sunset St, Austin, TX 73301"
214962,Wired Headphones,1,11.99,06/19/24 12:29,"190 Willow St, Los Angeles, CA 90001"
214963,Apple Airpods Headphones,1,150,06/09/24 13:57,"282 14th St, San Francisco, CA 94016"
214964,AA Batteries (4-pack),2,3.84,06/18/24 19:53,"89 10th St, San Francisco, CA 94016"
214965,Lightning Charging Cable,1,14.95,06/26/24 08:14,"582 Johnson St, San Francisco, CA 94016"
214966,USB-C Charging Cable,1,11.95,06/22/24 19:33,"460 12th St, Los Angeles, CA 90001"
214967,iPhone,1,700,06/13/24 14:07,"243 Church St, Portland, OR 97035"
214968,Wired Headphones,1,11.99,06/20/24 19:26,"596 Highland St, Boston, MA 02215"
214969,ThinkPad Laptop,1,999.99,06/11/24 15:32,"150 Spruce St, New York City, NY 10001"
214970,Apple Airpods Headphones,1,150,06/14/24 18:00,"914 Pine St, Seattle, WA 98101"
214971,AA Batteries (4-pack),1,3.84,06/20/24 15:37,"402 North St, New York City, NY 10001"
214972,Wired Headphones,1,11.99,06/05/24 09:05,"145 Hill St, Los Angeles, CA 90001"
214973,AAA Batteries (4-pack),2,2.99,06/05/24 20:57,"594 4th St, New York City, NY 10001"
214973,27in 4K Gaming Monitor,1,389.99,06/05/24 20:57,"594 4th St, New York City, NY 10001"
214974,USB-C Charging Cable,1,11.95,06/07/24 12:30,"557 Forest St, New York City, NY 10001"
214975,Lightning Charging Cable,1,14.95,06/13/24 06:33,"255 Cherry St, Seattle, WA 98101"
214976,iPhone,1,700,06/24/24 23:41,"287 6th St, San Francisco, CA 94016"
214976,iPhone,1,700,06/24/24 23:41,"287 6th St, San Francisco, CA 94016"
214977,Bose SoundSport Headphones,1,99.99,06/20/24 00:29,"786 Lincoln St, Atlanta, GA 30301"
214978,Bose SoundSport Headphones,1,99.99,06/06/24 10:45,"962 Chestnut St, Dallas, TX 75001"
214979,Apple Airpods Headphones,1,150,06/15/24 20:16,"142 South St, Los Angeles, CA 90001"
214980,Lightning Charging Cable,1,14.95,06/02/24 08:58,"105 7th St, New York City, NY 10001"
214981,Lightning Charging Cable,1,14.95,06/25/24 13:33,"801 Jefferson St, Seattle, WA 98101"
214982,Lightning Charging Cable,1,14.95,06/21/24 17:48,"990 5th St, Dallas, TX 75001"
214983,USB-C Charging Cable,1,11.95,06/30/24 00:04,"770 Wilson St, Boston, MA 02215"
214984,Lightning Charging Cable,1,14.95,06/13/24 14:23,"462 Dogwood St, Portland, OR 97035"
214985,Google Phone,1,600,06/04/24 21:23,"669 Elm St, Boston, MA 02215"
214986,Bose SoundSport Headphones,1,99.99,07/01/24 02:59,"877 Wilson St, Boston, MA 02215"
214987,AAA Batteries (4-pack),1,2.99,06/06/24 19:36,"145 Cherry St, San Francisco, CA 94016"
214988,34in Ultrawide Monitor,1,379.99,06/04/24 04:49,"958 4th St, Los Angeles, CA 90001"
214988,Lightning Charging Cable,1,14.95,06/04/24 04:49,"958 4th St, Los Angeles, CA 90001"
214989,Flatscreen TV,1,300,06/25/24 18:41,"572 West St, Los Angeles, CA 90001"
214990,34in Ultrawide Monitor,1,379.99,06/27/24 19:28,"894 Maple St, Austin, TX 73301"
214990,AAA Batteries (4-pack),2,2.99,06/27/24 19:28,"894 Maple St, Austin, TX 73301"
214991,Apple Airpods Headphones,1,150,06/09/24 19:57,"44 Highland St, Los Angeles, CA 90001"
214992,USB-C Charging Cable,1,11.95,06/21/24 11:27,"102 Lakeview St, New York City, NY 10001"
214993,AA Batteries (4-pack),2,3.84,06/30/24 23:49,"458 Spruce St, New York City, NY 10001"
214994,Lightning Charging Cable,1,14.95,06/14/24 09:08,"708 Park St, New York City, NY 10001"
214995,27in FHD Monitor,1,149.99,06/15/24 14:18,"122 Pine St, San Francisco, CA 94016"
214996,Lightning Charging Cable,1,14.95,06/26/24 13:26,"172 Cherry St, Seattle, WA 98101"
214997,AAA Batteries (4-pack),1,2.99,06/22/24 14:15,"21 Chestnut St, New York City, NY 10001"
214998,AAA Batteries (4-pack),6,2.99,06/03/24 15:55,"363 Hickory St, San Francisco, CA 94016"
214999,AA Batteries (4-pack),1,3.84,06/23/24 08:57,"886 North St, Los Angeles, CA 90001"
215000,AAA Batteries (4-pack),1,2.99,06/10/24 17:40,"558 Sunset St, Portland, OR 97035"
215001,USB-C Charging Cable,1,11.95,06/11/24 12:35,"666 Willow St, San Francisco, CA 94016"
215002,34in Ultrawide Monitor,1,379.99,06/26/24 17:25,"210 Lincoln St, Dallas, TX 75001"
215003,Wired Headphones,1,11.99,06/03/24 11:41,"25 Walnut St, Boston, MA 02215"
215004,Apple Airpods Headphones,1,150,06/04/24 22:55,"428 Church St, New York City, NY 10001"
215005,27in FHD Monitor,2,149.99,06/19/24 14:48,"905 Main St, Dallas, TX 75001"
215006,USB-C Charging Cable,1,11.95,06/19/24 15:21,"738 4th St, Austin, TX 73301"
215007,Lightning Charging Cable,1,14.95,06/24/24 13:28,"908 Center St, San Francisco, CA 94016"
215008,USB-C Charging Cable,2,11.95,06/04/24 10:06,"471 9th St, Atlanta, GA 30301"
215009,Apple Airpods Headphones,1,150,06/20/24 15:58,"132 River St, San Francisco, CA 94016"
215010,Lightning Charging Cable,1,14.95,06/15/24 20:20,"993 10th St, Boston, MA 02215"
215011,Wired Headphones,1,11.99,06/29/24 17:09,"736 10th St, Boston, MA 02215"
215012,AA Batteries (4-pack),1,3.84,06/20/24 08:42,"529 Maple St, Los Angeles, CA 90001"
215013,Lightning Charging Cable,1,14.95,06/04/24 08:25,"958 Walnut St, San Francisco, CA 94016"
215014,AAA Batteries (4-pack),1,2.99,06/07/24 10:46,"465 Lake St, Portland, OR 97035"
215015,USB-C Charging Cable,1,11.95,06/29/24 15:16,"646 4th St, New York City, NY 10001"
215016,AA Batteries (4-pack),1,3.84,06/19/24 19:03,"745 Hill St, Atlanta, GA 30301"
Order ID,Product,Quantity Ordered,Price Each,Order Date,Purchase Address
215017,Flatscreen TV,1,300,06/16/24 16:25,"687 10th St, New York City, NY 10001"
215018,Wired Headphones,1,11.99,06/18/24 12:33,"169 13th St, San Francisco, CA 94016"
215019,Apple Airpods Headphones,1,150,06/26/24 13:51,"313 Hickory St, Atlanta, GA 30301"
215020,20in Monitor,1,109.99,06/19/24 19:57,"496 Church St, San Francisco, CA 94016"
215021,27in FHD Monitor,1,149.99,06/15/24 14:25,"38 Pine St, New York City, NY 10001"
215022,AAA Batteries (4-pack),1,2.99,06/15/24 22:15,"297 Maple St, San Francisco, CA 94016"
215023,Bose SoundSport Headphones,1,99.99,06/24/24 13:53,"838 Ridge St, Los Angeles, CA 90001"
215024,27in 4K Gaming Monitor,1,389.99,06/26/24 10:16,"469 Maple St, New York City, NY 10001"
215025,Lightning Charging Cable,1,14.95,06/05/24 15:04,"902 Center St, Dallas, TX 75001"
215026,27in FHD Monitor,1,149.99,06/27/24 19:40,"664 Cedar St, San Francisco, CA 94016"
215027,Lightning Charging Cable,1,14.95,06/08/24 13:07,"572 1st St, San Francisco, CA 94016"
215028,Google Phone,1,600,06/06/24 10:11,"583 Chestnut St, New York City, NY 10001"
215028,Bose SoundSport Headphones,1,99.99,06/06/24 10:11,"583 Chestnut St, New York City, NY 10001"
215029,USB-C Charging Cable,1,11.95,06/11/24 17:47,"208 Johnson St, Portland, OR 97035"
215030,Lightning Charging Cable,1,14.95,06/15/24 09:46,"653 Lake St, Portland, ME 04101"
215031,Macbook Pro Laptop,1,1700,06/08/24 08:46,"337 13th St, Atlanta, GA 30301"
215032,Apple Airpods Headphones,1,150,06/27/24 21:41,"154 Lake St, New York City, NY 10001"
215033,iPhone,1,700,06/01/24 12:56,"969 Lakeview St, Los Angeles, CA 90001"
215033,Lightning Charging Cable,1,14.95,06/01/24 12:56,"969 Lakeview St, Los Angeles, CA 90001"
215034,AA Batteries (4-pack),2,3.84,06/23/24 20:51,"777 7th St, Boston, MA 02215"
215035,AA Batteries (4-pack),1,3.84,06/15/24 19:27,"692 Jefferson St, Seattle, WA 98101"
215036,AA Batteries (4-pack),1,3.84,06/01/24 12:25,"828 6th St, Dallas, TX 75001"
215037,AAA Batteries (4-pack),1,2.99,06/16/24 22:23,"149 Spruce St, Los Angeles, CA 90001"
215038,Flatscreen TV,1,300,06/04/24 10:59,"898 11th St, Boston, MA 02215"
215039,27in 4K Gaming Monitor,1,389.99,06/23/24 09:33,"871 8th St, Boston, MA 02215"
215040,Macbook Pro Laptop,1,1700,06/11/24 11:34,"298 10th St, New York City, NY 10001"
215041,ThinkPad Laptop,1,999.99,06/07/24 12:48,"17 9th St, New York City, NY 10001"
215042,USB-C Charging Cable,1,11.95,06/13/24 12:03,"950 6th St, San Francisco, CA 94016"
215043,AA Batteries (4-pack),1,3.84,06/15/24 21:13,"90 Sunset St, San Francisco, CA 94016"
215044,Wired Headphones,1,11.99,06/06/24 01:16,"895 Jefferson St, Seattle, WA 98101"
215045,AAA Batteries (4-pack),1,2.99,06/02/24 19:49,"837 Park St, New York City, NY 10001"
215046,Bose SoundSport Headphones,1,99.99,06/24/24 22:43,"363 Jefferson St, New York City, NY 10001"
215047,Apple Airpods Headphones,1,150,06/20/24 06:57,"56 Pine St, Seattle, WA 98101"
215048,AA Batteries (4-pack),2,3.84,06/04/24 11:40,"731 Center St, Portland, OR 97035"
215049,AA Batteries (4-pack),1,3.84,06/02/24 13:50,"112 Lincoln St, Dallas, TX 75001"
215050,USB-C Charging Cable,1,11.95,06/24/24 09:37,"415 Elm St, San Francisco, CA 94016"
215051,Apple Airpods Headphones,1,150,06/11/24 13:49,"550 Lake St, San Francisco, CA 94016"
215052,Wired Headphones,1,11.99,06/12/24 15:01,"583 Main St, San Francisco, CA 94016"
215053,Bose SoundSport Headphones,1,99.99,06/26/24 20:58,"890 Chestnut St, San Francisco, CA 94016"
215054,Wired Headphones,2,11.99,06/05/24 15:37,"67 Jackson St, Dallas, TX 75001"
215055,34in Ultrawide Monitor,1,379.99,06/25/24 05:03,"52 5th St, Atlanta, GA 30301"
215056,Apple Airpods Headphones,1,150,06/25/24 08:42,"996 Forest St, San Francisco, CA 94016"
215057,27in 4K Gaming Monitor,1,389.99,06/02/24 11:35,"312 Forest St, San Francisco, CA 94016"
215058,AAA Batteries (4-pack),1,2.99,06/15/24 01:47,"583 West St, Dallas, TX 75001"
215059,Apple Airpods Headphones,1,150,06/27/24 22:30,"112 Cherry St, San Francisco, CA 94016"
215060,AA Batteries (4-pack),1,3.84,06/25/24 02:42,"851 Willow St, San Francisco, CA 94016"
215061,USB-C Charging Cable,1,11.95,06/25/24 09:10,"461 Forest St, New York City, NY 10001"
215062,27in 4K Gaming Monitor,1,389.99,06/20/24 05:06,"115 14th St, Los Angeles, CA 90001"
215063,Apple Airpods Headphones,1,150,06/02/24 08:20,"133 Jackson St, Boston, MA 02215"
215064,Lightning Charging Cable,1,14.95,06/05/24 00:52,"67 Washington St, San Francisco, CA 94016"
215065,AA Batteries (4-pack),1,3.84,06/03/24 11:35,"648 Cherry St, San Francisco, CA 94016"
215066,Wired Headphones,1,11.99,06/13/24 01:00,"909 Hill St, New York City, NY 10001"
215067,Wired Headphones,1,11.99,06/18/24 21:26,"475 9th St, San Francisco, CA 94016"
215068,27in FHD Monitor,1,149.99,06/04/24 11:31,"958 Walnut St, San Francisco, CA 94016"
215069,USB-C Charging Cable,1,11.95,06/13/24 08:34,"385 Madison St, San Francisco, CA 94016"
215070,Google Phone,1,600,06/07/24 12:35,"888 11th St, Austin, TX 73301"
215071,Lightning Charging Cable,1,14.95,06/28/24 22:04,"104 11th St, San Francisco, CA 94016"
215072,Lightning Charging Cable,1,14.95,06/28/24 11:34,"190 Johnson St, Los Angeles, CA 90001"
215073,Bose SoundSport Headphones,1,99.99,06/21/24 12:52,"612 Sunset St, Atlanta, GA 30301"
215074,27in FHD Monitor,1,149.99,06/23/24 16:22,"358 Johnson St, Los Angeles, CA 90001"
215075,USB-C Charging Cable,1,11.95,06/19/24 11:56,"871 Johnson St, Boston, MA 02215"
215076,Lightning Charging Cable,1,14.95,06/23/24 10:45,"350 Dogwood St, New York City, NY 10001"
215077,AAA Batteries (4-pack),1,2.99,06/09/24 10:32,"819 Church St, San Francisco, CA 94016"
215078,AA Batteries (4-pack),1,3.84,06/20/24 13:26,"269 Church St, Boston, MA 02215"
215079,AA Batteries (4-pack),1,3.84,06/15/24 18:19,"930 Main St, Los Angeles, CA 90001"
215080,Lightning Charging Cable,1,14.95,06/11/24 03:17,"529 South St, San Francisco, CA 94016"
215081,AAA Batteries (4-pack),3,2.99,06/22/24 21:26,"78 North St, Dallas, TX 75001"
215082,iPhone,1,700,06/29/24 00:12,"121 Chestnut St, Los Angeles, CA 90001"
215082,Lightning Charging Cable,1,14.95,06/29/24 00:12,"121 Chestnut St, Los Angeles, CA 90001"
215083,34in Ultrawide Monitor,1,379.99,06/29/24 14:34,"580 Johnson St, San Francisco, CA 94016"
215084,Apple Airpods Headphones,1,150,06/15/24 21:56,"669 6th St, San Francisco, CA 94016"
215085,Bose SoundSport Headphones,1,99.99,06/15/24 22:13,"947 14th St, Atlanta, GA 30301"
215086,AA Batteries (4-pack),1,3.84,06/03/24 21:45,"175 Highland St, Atlanta, GA 30301"
215087,Wired Headphones,1,11.99,06/18/24 21:49,"104 Hill St, Dallas, TX 75001"
215088,AA Batteries (4-pack),2,3.84,06/06/24 16:31,"884 14th St, Dallas, TX 75001"
215089,AAA Batteries (4-pack),2,2.99,06/21/24 13:33,"492 Elm St, Seattle, WA 98101"
215090,Bose SoundSport Headphones,1,99.99,06/23/24 21:00,"55 Ridge St, Dallas, TX 75001"
215091,AAA Batteries (4-pack),1,2.99,06/09/24 23:22,"725 Washington St, Los Angeles, CA 90001"
215092,27in FHD Monitor,1,149.99,06/17/24 00:38,"45 Pine St, San Francisco, CA 94016"
215093,AAA Batteries (4-pack),1,2.99,06/23/24 18:23,"202 1st St, Portland, OR 97035"
215094,Wired Headphones,1,11.99,06/09/24 17:28,"829 13th St, Los Angeles, CA 90001"
215095,AA Batteries (4-pack),1,3.84,06/07/24 15:14,"459 Johnson St, San Francisco, CA 94016"
215096,Lightning Charging Cable,1,14.95,06/21/24 12:44,"633 Cherry St, San Francisco, CA 94016"
215097,Wired Headphones,1,11.99,06/09/24 11:24,"746 Church St, Portland, OR 97035"
215098,Lightning Charging Cable,1,14.95,06/14/24 10:17,"959 South St, Dallas, TX 75001"
215099,AAA Batteries (4-pack),2,2.99,06/19/24 13:15,"258 Chestnut St, Austin, TX 73301"
215100,Google Phone,1,600,06/16/24 10:20,"798 North St, New York City, NY 10001"
215100,Wired Headphones,1,11.99,06/16/24 10:20,"798 North St, New York City, NY 10001"
215101,AA Batteries (4-pack),1,3.84,06/20/24 10:20,"550 Dogwood St, New York City, NY 10001"
215102,ThinkPad Laptop,1,999.99,06/01/24 11:05,"879 4th St, San Francisco, CA 94016"
215103,Google Phone,1,600,06/28/24 22:39,"478 Jefferson St, San Francisco, CA 94016"
215104,Lightning Charging Cable,1,14.95,06/21/24 19:58,"58 Center St, Los Angeles, CA 90001"
215105,Google Phone,1,600,06/18/24 18:08,"646 Cherry St, Los Angeles, CA 90001"
215105,USB-C Charging Cable,1,11.95,06/18/24 18:08,"646 Cherry St, Los Angeles, CA 90001"
215106,Lightning Charging Cable,1,14.95,06/28/24 11:02,"901 10th St, Portland, OR 97035"
215107,Lightning Charging Cable,1,14.95,06/08/24 15:59,"150 Lakeview St, Portland, OR 97035"
215108,AA Batteries (4-pack),1,3.84,06/28/24 20:30,"865 Chestnut St, Seattle, WA 98101"
215109,AAA Batteries (4-pack),1,2.99,06/03/24 12:46,"31 Madison St, Austin, TX 73301"
215110,27in FHD Monitor,1,149.99,06/04/24 10:43,"927 Maple St, Portland, OR 97035"
215111,Wired Headphones,1,11.99,06/01/24 10:51,"865 Wilson St, New York City, NY 10001"
215112,Lightning Charging Cable,1,14.95,06/07/24 18:30,"846 4th St, New York City, NY 10001"
215113,AA Batteries (4-pack),1,3.84,06/27/24 10:13,"331 1st St, Los Angeles, CA 90001"
215114,27in 4K Gaming Monitor,1,389.99,06/18/24 10:33,"601 2nd St, New York City, NY 10001"
215115,Bose SoundSport Headphones,1,99.99,06/05/24 22:38,"198 Meadow St, Los Angeles, CA 90001"
215116,Bose SoundSport Headphones,1,99.99,06/26/24 21:24,"543 Hickory St, Boston, MA 02215"
215117,USB-C Charging Cable,1,11.95,06/20/24 08:24,"786 Wilson St, San Francisco, CA 94016"
215118,AAA Batteries (4-pack),2,2.99,06/20/24 12:52,"651 6th St, San Francisco, CA 94016"
215119,Google Phone,1,600,06/01/24 22:44,"617 Main St, Seattle, WA 98101"
215120,Bose SoundSport Headphones,1,99.99,06/22/24 03:53,"640 Madison St, San Francisco, CA 94016"
215121,Apple Airpods Headphones,1,150,06/08/24 17:54,"254 Spruce St, Austin, TX 73301"
215122,Apple Airpods Headphones,1,150,06/20/24 20:05,"107 11th St, San Francisco, CA 94016"
215123,Lightning Charging Cable,1,14.95,06/25/24 12:23,"702 River St, Los Angeles, CA 90001"
215124,27in 4K Gaming Monitor,1,389.99,06/30/24 09:25,"597 12th St, Dallas, TX 75001"
215125,ThinkPad Laptop,1,999.99,06/03/24 12:23,"384 4th St, San Francisco, CA 94016"
215126,Bose SoundSport Headphones,1,99.99,06/17/24 17:40,"189 River St, New York City, NY 10001"
215127,AA Batteries (4-pack),1,3.84,06/26/24 09:39,"731 Meadow St, Austin, TX 73301"
215127,Apple Airpods Headphones,1,150,06/26/24 09:39,"731 Meadow St, Austin, TX 73301"
215128,34in Ultrawide Monitor,1,379.99,06/13/24 19:43,"659 Lake St, New York City, NY 10001"
215129,AA Batteries (4-pack),1,3.84,06/17/24 21:32,"547 Chestnut St, Boston, MA 02215"
215130,Lightning Charging Cable,1,14.95,06/30/24 09:15,"21 Ridge St, San Francisco, CA 94016"
215131,Bose SoundSport Headphones,1,99.99,06/13/24 20:32,"863 Johnson St, Atlanta, GA 30301"
215132,Apple Airpods Headphones,1,150,06/29/24 20:44,"350 4th St, Atlanta, GA 30301"
215133,AA Batteries (4-pack),1,3.84,06/20/24 12:57,"547 South St, Atlanta, GA 30301"
215134,Macbook Pro Laptop,1,1700,06/25/24 00:21,"441 4th St, Atlanta, GA 30301"
215135,27in FHD Monitor,1,149.99,06/19/24 14:54,"705 Highland St, Los Angeles, CA 90001"
215136,AAA Batteries (4-pack),1,2.99,06/03/24 00:22,"627 River St, Seattle, WA 98101"
215137,AA Batteries (4-pack),1,3.84,06/24/24 09:45,"109 Lincoln St, San Francisco, CA 94016"
215138,LG Dryer,1,600.0,06/22/24 15:58,"390 Johnson St, Boston, MA 02215"
215139,Lightning Charging Cable,1,14.95,06/05/24 13:57,"193 5th St, New York City, NY 10001"
215140,AA Batteries (4-pack),1,3.84,06/16/24 09:09,"742 Pine St, Los Angeles, CA 90001"
215141,Lightning Charging Cable,1,14.95,06/23/24 11:04,"27 Washington St, San Francisco, CA 94016"
215142,LG Washing Machine,1,600.0,06/16/24 13:35,"207 13th St, San Francisco, CA 94016"
215143,Apple Airpods Headphones,1,150,06/18/24 20:23,"272 Hill St, San Francisco, CA 94016"
215144,USB-C Charging Cable,1,11.95,06/29/24 09:07,"750 Willow St, Los Angeles, CA 90001"
215145,AA Batteries (4-pack),1,3.84,06/30/24 15:48,"226 River St, Seattle, WA 98101"
215146,AA Batteries (4-pack),1,3.84,06/08/24 18:27,"361 1st St, Portland, ME 04101"
215147,Lightning Charging Cable,1,14.95,06/07/24 15:26,"613 Jefferson St, San Francisco, CA 94016"
215148,AAA Batteries (4-pack),1,2.99,06/09/24 10:09,"209 4th St, San Francisco, CA 94016"
215149,Flatscreen TV,1,300,06/24/24 23:38,"966 Johnson St, Boston, MA 02215"
215150,27in FHD Monitor,1,149.99,06/15/24 20:22,"720 Adams St, Portland, OR 97035"
215151,USB-C Charging Cable,1,11.95,06/18/24 17:15,"630 Forest St, New York City, NY 10001"
215152,USB-C Charging Cable,1,11.95,06/26/24 15:29,"102 Ridge St, San Francisco, CA 94016"
215153,AA Batteries (4-pack),1,3.84,06/05/24 13:48,"240 Forest St, Portland, OR 97035"
215154,20in Monitor,1,109.99,06/28/24 21:54,"8 Willow St, Dallas, TX 75001"
215155,Lightning Charging Cable,1,14.95,06/07/24 14:01,"693 Meadow St, Boston, MA 02215"
215156,Lightning Charging Cable,1,14.95,06/09/24 14:45,"184 Spruce St, Seattle, WA 98101"
215157,LG Washing Machine,1,600.0,06/05/24 10:19,"211 Lake St, Atlanta, GA 30301"
215158,Google Phone,1,600,06/10/24 10:56,"195 Adams St, Los Angeles, CA 90001"
215159,Apple Airpods Headphones,1,150,06/18/24 08:04,"203 Adams St, Los Angeles, CA 90001"
215160,Apple Airpods Headphones,1,150,06/19/24 11:15,"60 Madison St, San Francisco, CA 94016"
215161,AA Batteries (4-pack),1,3.84,06/16/24 13:36,"516 Spruce St, Portland, OR 97035"
215162,AAA Batteries (4-pack),1,2.99,06/28/24 20:53,"251 Chestnut St, Atlanta, GA 30301"
215163,Wired Headphones,1,11.99,06/22/24 18:09,"186 Chestnut St, Los Angeles, CA 90001"
215163,Apple Airpods Headphones,1,150,06/22/24 18:09,"186 Chestnut St, Los Angeles, CA 90001"
215164,AAA Batteries (4-pack),1,2.99,06/26/24 18:50,"538 Maple St, Los Angeles, CA 90001"
215165,Wired Headphones,1,11.99,06/05/24 17:54,"948 Spruce St, Atlanta, GA 30301"
215166,27in 4K Gaming Monitor,1,389.99,06/08/24 10:30,"481 South St, New York City, NY 10001"
215167,Flatscreen TV,1,300,06/14/24 10:48,"804 Chestnut St, Los Angeles, CA 90001"
215168,AA Batteries (4-pack),1,3.84,06/06/24 09:31,"964 8th St, Los Angeles, CA 90001"
215169,Bose SoundSport Headphones,1,99.99,06/30/24 13:27,"239 West St, Austin, TX 73301"
215170,Wired Headphones,1,11.99,06/06/24 08:53,"858 Wilson St, Austin, TX 73301"
215171,AAA Batteries (4-pack),5,2.99,06/01/24 13:01,"853 Hill St, Boston, MA 02215"
215172,AA Batteries (4-pack),1,3.84,06/22/24 12:10,"694 North St, Portland, OR 97035"
215173,Bose SoundSport Headphones,1,99.99,06/16/24 18:41,"534 Meadow St, Seattle, WA 98101"
215174,iPhone,1,700,06/02/24 13:39,"477 11th St, San Francisco, CA 94016"
215174,34in Ultrawide Monitor,1,379.99,06/02/24 13:39,"477 11th St, San Francisco, CA 94016"
215175,AAA Batteries (4-pack),1,2.99,06/16/24 08:13,"237 10th St, Los Angeles, CA 90001"
215176,AA Batteries (4-pack),1,3.84,06/10/24 22:44,"463 North St, Seattle, WA 98101"
215177,Vareebadd Phone,1,400,06/11/24 16:17,"379 Highland St, Dallas, TX 75001"
215178,Lightning Charging Cable,1,14.95,06/06/24 13:35,"767 Elm St, Atlanta, GA 30301"
215179,Apple Airpods Headphones,1,150,06/23/24 18:55,"411 Park St, San Francisco, CA 94016"
215180,USB-C Charging Cable,1,11.95,06/29/24 21:21,"818 Willow St, Los Angeles, CA 90001"
215181,Flatscreen TV,1,300,06/11/24 19:36,"414 Sunset St, New York City, NY 10001"
215182,Wired Headphones,1,11.99,06/01/24 19:01,"153 Main St, Los Angeles, CA 90001"
215183,27in FHD Monitor,1,149.99,06/24/24 18:38,"204 Elm St, Los Angeles, CA 90001"
215184,Macbook Pro Laptop,1,1700,06/21/24 17:16,"17 Dogwood St, Austin, TX 73301"
215185,USB-C Charging Cable,2,11.95,06/17/24 10:42,"796 Pine St, San Francisco, CA 94016"
215186,USB-C Charging Cable,1,11.95,06/25/24 18:08,"743 Ridge St, Los Angeles, CA 90001"
215186,Google Phone,1,600,06/25/24 18:08,"743 Ridge St, Los Angeles, CA 90001"
215187,Flatscreen TV,1,300,06/15/24 23:09,"476 Hill St, San Francisco, CA 94016"
215188,20in Monitor,1,109.99,06/15/24 23:03,"243 Church St, Los Angeles, CA 90001"
215189,Wired Headphones,1,11.99,06/03/24 16:26,"631 Lincoln St, Portland, OR 97035"
215190,Bose SoundSport Headphones,1,99.99,06/23/24 18:22,"486 North St, Austin, TX 73301"
215191,Lightning Charging Cable,1,14.95,06/11/24 12:13,"491 Sunset St, New York City, NY 10001"
215192,AAA Batteries (4-pack),5,2.99,06/19/24 22:55,"840 10th St, Boston, MA 02215"
215193,AAA Batteries (4-pack),1,2.99,06/22/24 22:41,"314 Walnut St, San Francisco, CA 94016"
215194,Google Phone,1,600,06/05/24 13:23,"946 Walnut St, San Francisco, CA 94016"
215194,Wired Headphones,2,11.99,06/05/24 13:23,"946 Walnut St, San Francisco, CA 94016"
215195,AA Batteries (4-pack),1,3.84,06/22/24 01:56,"315 Sunset St, New York City, NY 10001"
215196,AAA Batteries (4-pack),1,2.99,06/21/24 19:18,"357 1st St, Boston, MA 02215"
215197,Bose SoundSport Headphones,1,99.99,06/19/24 12:41,"498 Sunset St, Austin, TX 73301"
215198,iPhone,1,700,06/12/24 15:09,"119 Sunset St, San Francisco, CA 94016"
215199,AA Batteries (4-pack),1,3.84,06/18/24 11:24,"407 6th St, Boston, MA 02215"
215200,Apple Airpods Headphones,1,150,06/21/24 11:08,"527 8th St, Los Angeles, CA 90001"
215201,34in Ultrawide Monitor,1,379.99,06/26/24 22:04,"380 West St, San Francisco, CA 94016"
215202,AA Batteries (4-pack),1,3.84,06/09/24 13:34,"561 Center St, New York City, NY 10001"
215203,Wired Headphones,1,11.99,06/09/24 18:59,"428 Lakeview St, Dallas, TX 75001"
215204,AA Batteries (4-pack),2,3.84,06/20/24 15:19,"261 Lincoln St, Los Angeles, CA 90001"
215205,27in FHD Monitor,1,149.99,06/15/24 14:28,"2 14th St, New York City, NY 10001"
215206,USB-C Charging Cable,1,11.95,06/13/24 01:54,"633 Lakeview St, San Francisco, CA 94016"
215207,Apple Airpods Headphones,1,150,06/01/24 15:30,"959 8th St, San Francisco, CA 94016"
215208,AAA Batteries (4-pack),1,2.99,06/24/24 01:25,"645 Spruce St, New York City, NY 10001"
215209,AAA Batteries (4-pack),1,2.99,06/14/24 09:32,"243 Cedar St, San Francisco, CA 94016"
215210,Apple Airpods Headphones,1,150,06/03/24 17:11,"307 Madison St, Dallas, TX 75001"
215211,Lightning Charging Cable,1,14.95,06/07/24 19:11,"622 Main St, New York City, NY 10001"
215212,AAA Batteries (4-pack),1,2.99,06/24/24 22:17,"238 Highland St, Boston, MA 02215"
215213,USB-C Charging Cable,1,11.95,06/02/24 11:58,"302 Meadow St, Seattle, WA 98101"
215214,AAA Batteries (4-pack),1,2.99,06/02/24 09:11,"928 5th St, San Francisco, CA 94016"
215215,27in 4K Gaming Monitor,1,389.99,06/03/24 19:39,"355 Elm St, Atlanta, GA 30301"
215216,USB-C Charging Cable,1,11.95,06/26/24 11:07,"335 Johnson St, Austin, TX 73301"
215217,Lightning Charging Cable,1,14.95,06/04/24 21:21,"977 North St, Atlanta, GA 30301"
215218,AA Batteries (4-pack),1,3.84,06/02/24 15:36,"129 Adams St, San Francisco, CA 94016"
215219,Bose SoundSport Headphones,1,99.99,06/16/24 07:24,"420 Wilson St, New York City, NY 10001"
215220,AA Batteries (4-pack),1,3.84,06/13/24 10:03,"99 Maple St, New York City, NY 10001"
215221,AA Batteries (4-pack),1,3.84,06/14/24 08:36,"250 Ridge St, Boston, MA 02215"
215222,Lightning Charging Cable,1,14.95,06/04/24 11:30,"301 Dogwood St, Portland, OR 97035"
215223,AAA Batteries (4-pack),1,2.99,06/17/24 18:04,"113 9th St, Boston, MA 02215"
215224,AA Batteries (4-pack),1,3.84,06/24/24 17:06,"743 1st St, Seattle, WA 98101"
215225,Bose SoundSport Headphones,1,99.99,06/13/24 20:10,"77 12th St, Atlanta, GA 30301"
215226,AAA Batteries (4-pack),1,2.99,06/22/24 15:33,"954 Elm St, New York City, NY 10001"
215227,Lightning Charging Cable,1,14.95,06/01/24 19:20,"577 9th St, Atlanta, GA 30301"
215228,AAA Batteries (4-pack),1,2.99,06/16/24 01:42,"620 Meadow St, Los Angeles, CA 90001"
215229,27in FHD Monitor,1,149.99,06/04/24 20:16,"911 Pine St, Boston, MA 02215"
215230,27in FHD Monitor,1,149.99,06/01/24 16:48,"416 Johnson St, Boston, MA 02215"
215231,Apple Airpods Headphones,1,150,06/11/24 12:57,"935 North St, Atlanta, GA 30301"
215232,27in FHD Monitor,1,149.99,06/26/24 16:49,"451 Washington St, New York City, NY 10001"
215233,AAA Batteries (4-pack),1,2.99,06/17/24 20:39,"728 South St, New York City, NY 10001"
215234,Bose SoundSport Headphones,1,99.99,06/08/24 16:18,"605 11th St, San Francisco, CA 94016"
215235,Bose SoundSport Headphones,1,99.99,06/13/24 19:57,"596 8th St, Dallas, TX 75001"
215236,34in Ultrawide Monitor,1,379.99,06/08/24 10:51,"700 1st St, Seattle, WA 98101"
215237,Apple Airpods Headphones,1,150,06/02/24 22:18,"620 River St, Portland, OR 97035"
215238,Lightning Charging Cable,1,14.95,06/13/24 21:43,"440 Ridge St, Portland, OR 97035"
215239,AA Batteries (4-pack),1,3.84,06/15/24 20:55,"589 Forest St, Atlanta, GA 30301"
215240,AAA Batteries (4-pack),1,2.99,06/19/24 14:32,"381 Main St, New York City, NY 10001"
215241,27in 4K Gaming Monitor,1,389.99,06/03/24 19:43,"702 Dogwood St, Dallas, TX 75001"
215242,Flatscreen TV,1,300,06/20/24 09:49,"343 4th St, Seattle, WA 98101"
215243,Bose SoundSport Headphones,1,99.99,06/10/24 16:29,"48 Washington St, Los Angeles, CA 90001"
215244,AA Batteries (4-pack),1,3.84,06/12/24 21:35,"432 Center St, San Francisco, CA 94016"
215245,Lightning Charging Cable,1,14.95,06/17/24 18:51,"534 West St, New York City, NY 10001"
215246,Apple Airpods Headphones,1,150,06/14/24 21:10,"673 Spruce St, Atlanta, GA 30301"
215247,AAA Batteries (4-pack),1,2.99,06/20/24 18:57,"362 Johnson St, Boston, MA 02215"
215248,USB-C Charging Cable,1,11.95,06/12/24 21:44,"752 Jackson St, New York City, NY 10001"
215249,AA Batteries (4-pack),2,3.84,06/20/24 08:43,"664 2nd St, New York City, NY 10001"
215250,Bose SoundSport Headphones,1,99.99,06/26/24 12:20,"571 River St, Seattle, WA 98101"
215251,USB-C Charging Cable,1,11.95,06/26/24 10:34,"821 Madison St, San Francisco, CA 94016"
215252,USB-C Charging Cable,1,11.95,06/24/24 16:29,"880 North St, Los Angeles, CA 90001"
215253,ThinkPad Laptop,1,999.99,06/13/24 11:39,"963 7th St, San Francisco, CA 94016"
215254,AA Batteries (4-pack),1,3.84,06/15/24 16:20,"594 Spruce St, Los Angeles, CA 90001"
215255,Apple Airpods Headphones,1,150,06/28/24 15:31,"300 Lincoln St, Los Angeles, CA 90001"
215256,AA Batteries (4-pack),1,3.84,06/16/24 15:24,"914 Lake St, Dallas, TX 75001"
215257,ThinkPad Laptop,1,999.99,06/15/24 22:53,"924 9th St, Los Angeles, CA 90001"
215258,Google Phone,1,600,06/21/24 21:20,"345 Main St, Atlanta, GA 30301"
,,,,,
215259,ThinkPad Laptop,1,999.99,06/30/24 22:49,"270 6th St, Austin, TX 73301"
215260,AAA Batteries (4-pack),1,2.99,06/13/24 20:18,"588 Hill St, San Francisco, CA 94016"
215261,AAA Batteries (4-pack),1,2.99,06/12/24 15:33,"149 Center St, San Francisco, CA 94016"
215262,34in Ultrawide Monitor,1,379.99,06/09/24 05:04,"315 Maple St, San Francisco, CA 94016"
215263,ThinkPad Laptop,1,999.99,06/22/24 17:53,"284 North St, Boston, MA 02215"
215264,AA Batteries (4-pack),2,3.84,06/14/24 22:35,"615 Wilson St, Los Angeles, CA 90001"
215265,iPhone,1,700,06/30/24 11:47,"416 Willow St, Boston, MA 02215"
215266,AA Batteries (4-pack),1,3.84,06/03/24 18:47,"982 12th St, New York City, NY 10001"
215267,AA Batteries (4-pack),1,3.84,06/20/24 21:33,"558 Washington St, Atlanta, GA 30301"
215268,Apple Airpods Headphones,1,150,06/02/24 14:39,"91 1st St, Los Angeles, CA 90001"
215269,Bose SoundSport Headphones,1,99.99,06/23/24 22:23,"131 2nd St, Dallas, TX 75001"
215270,Bose SoundSport Headphones,1,99.99,06/18/24 11:28,"735 North St, San Francisco, CA 94016"
215271,AA Batteries (4-pack),2,3.84,06/14/24 09:50,"391 Meadow St, New York City, NY 10001"
215272,Macbook Pro Laptop,1,1700,06/25/24 22:01,"155 Sunset St, Los Angeles, CA 90001"
215273,Wired Headphones,1,11.99,06/17/24 12:12,"143 10th St, San Francisco, CA 94016"
215274,Macbook Pro Laptop,1,1700,06/12/24 09:09,"375 1st St, Austin, TX 73301"
215275,27in FHD Monitor,1,149.99,06/08/24 12:20,"34 Cedar St, San Francisco, CA 94016"
215276,iPhone,1,700,06/12/24 12:19,"339 Dogwood St, San Francisco, CA 94016"
215276,Lightning Charging Cable,1,14.95,06/12/24 12:19,"339 Dogwood St, San Francisco, CA 94016"
215277,USB-C Charging Cable,1,11.95,06/03/24 16:16,"439 Walnut St, Portland, OR 97035"
215278,Lightning Charging Cable,2,14.95,06/06/24 19:44,"942 Main St, New York City, NY 10001"
215279,iPhone,1,700,06/23/24 14:46,"14 Johnson St, San Francisco, CA 94016"
215279,Lightning Charging Cable,1,14.95,06/23/24 14:46,"14 Johnson St, San Francisco, CA 94016"
215280,Wired Headphones,2,11.99,06/04/24 12:13,"911 1st St, Portland, ME 04101"
215281,AA Batteries (4-pack),1,3.84,06/11/24 06:23,"119 2nd St, Los Angeles, CA 90001"
215282,Google Phone,1,600,06/14/24 00:43,"234 Main St, Seattle, WA 98101"
215282,Wired Headphones,1,11.99,06/14/24 00:43,"234 Main St, Seattle, WA 98101"
215283,Apple Airpods Headphones,1,150,06/06/24 19:13,"254 Cedar St, Boston, MA 02215"
215284,AA Batteries (4-pack),1,3.84,06/09/24 04:43,"195 Cherry St, Dallas, TX 75001"
215285,Lightning Charging Cable,1,14.95,06/29/24 12:58,"615 Lake St, Los Angeles, CA 90001"
215286,iPhone,1,700,06/11/24 14:37,"435 Park St, New York City, NY 10001"
215287,Bose SoundSport Headphones,1,99.99,06/25/24 12:31,"291 2nd St, Seattle, WA 98101"
215288,Flatscreen TV,1,300,06/27/24 09:53,"367 Dogwood St, San Francisco, CA 94016"
215289,AA Batteries (4-pack),1,3.84,06/02/24 17:28,"752 Elm St, San Francisco, CA 94016"
215290,AAA Batteries (4-pack),1,2.99,06/07/24 23:06,"550 14th St, Portland, ME 04101"
215291,Flatscreen TV,1,300,06/24/24 16:25,"237 8th St, San Francisco, CA 94016"
215292,Flatscreen TV,1,300,06/08/24 17:45,"547 13th St, Boston, MA 02215"
215293,AA Batteries (4-pack),1,3.84,06/13/24 09:35,"979 Jackson St, Atlanta, GA 30301"
215294,AA Batteries (4-pack),2,3.84,06/03/24 14:40,"219 Dogwood St, Seattle, WA 98101"
215295,Bose SoundSport Headphones,1,99.99,06/24/24 10:07,"235 Lincoln St, Portland, OR 97035"
215296,AAA Batteries (4-pack),1,2.99,06/24/24 21:37,"674 9th St, Los Angeles, CA 90001"
215297,34in Ultrawide Monitor,1,379.99,06/03/24 00:41,"802 Sunset St, San Francisco, CA 94016"
215298,Apple Airpods Headphones,1,150,06/08/24 19:30,"707 Jackson St, Dallas, TX 75001"
215299,AAA Batteries (4-pack),1,2.99,06/06/24 13:58,"386 12th St, Portland, OR 97035"
215300,iPhone,1,700,06/16/24 19:47,"682 Meadow St, San Francisco, CA 94016"
215301,AA Batteries (4-pack),1,3.84,06/04/24 07:17,"752 Center St, Seattle, WA 98101"
215302,Wired Headphones,1,11.99,06/21/24 15:11,"106 Hickory St, San Francisco, CA 94016"
215303,Lightning Charging Cable,1,14.95,06/27/24 18:19,"528 Johnson St, San Francisco, CA 94016"
215304,Bose SoundSport Headphones,1,99.99,06/23/24 08:38,"296 Lake St, Dallas, TX 75001"
215305,Apple Airpods Headphones,1,150,06/23/24 21:28,"982 Dogwood St, Portland, OR 97035"
215306,USB-C Charging Cable,1,11.95,06/11/24 22:38,"130 South St, San Francisco, CA 94016"
215307,Lightning Charging Cable,1,14.95,06/10/24 11:40,"463 Walnut St, Seattle, WA 98101"
215308,Apple Airpods Headphones,1,150,06/09/24 09:30,"62 Cherry St, San Francisco, CA 94016"
215309,AA Batteries (4-pack),1,3.84,06/23/24 10:24,"317 Hill St, Los Angeles, CA 90001"
215310,AAA Batteries (4-pack),1,2.99,06/23/24 19:56,"900 Chestnut St, New York City, NY 10001"
215311,20in Monitor,1,109.99,06/09/24 19:10,"760 9th St, San Francisco, CA 94016"
215312,LG Dryer,1,600.0,06/06/24 00:58,"546 Meadow St, Portland, OR 97035"
215313,Wired Headphones,1,11.99,06/08/24 16:30,"927 Spruce St, Boston, MA 02215"
215314,Bose SoundSport Headphones,1,99.99,06/21/24 15:31,"748 Walnut St, San Francisco, CA 94016"
215315,AA Batteries (4-pack),1,3.84,06/08/24 17:53,"215 1st St, Seattle, WA 98101"
215316,AAA Batteries (4-pack),2,2.99,06/10/24 16:29,"570 1st St, New York City, NY 10001"
215317,Wired Headphones,2,11.99,06/22/24 11:27,"144 14th St, San Francisco, CA 94016"
215318,Wired Headphones,2,11.99,06/29/24 19:45,"859 Park St, Boston, MA 02215"
215319,Apple Airpods Headphones,1,150,06/19/24 14:45,"671 River St, Dallas, TX 75001"
215320,AAA Batteries (4-pack),1,2.99,06/08/24 11:06,"82 Maple St, Los Angeles, CA 90001"
215321,27in 4K Gaming Monitor,1,389.99,06/09/24 11:39,"317 Lakeview St, Seattle, WA 98101"
215322,27in FHD Monitor,1,149.99,06/21/24 21:43,"278 12th St, San Francisco, CA 94016"
215323,Wired Headphones,2,11.99,06/14/24 11:07,"948 Wilson St, Portland, OR 97035"
215324,Apple Airpods Headphones,1,150,06/14/24 14:46,"820 Jefferson St, Portland, OR 97035"
215325,Lightning Charging Cable,1,14.95,06/30/24 14:48,"475 Forest St, Seattle, WA 98101"
215326,AA Batteries (4-pack),1,3.84,06/06/24 07:46,"602 Hill St, Boston, MA 02215"
215327,Google Phone,1,600,06/29/24 06:02,"292 South St, Austin, TX 73301"
215327,Wired Headphones,1,11.99,06/29/24 06:02,"292 South St, Austin, TX 73301"
215328,34in Ultrawide Monitor,1,379.99,06/02/24 03:42,"67 Maple St, New York City, NY 10001"
215329,Wired Headphones,1,11.99,06/22/24 13:25,"982 13th St, New York City, NY 10001"
215330,LG Washing Machine,1,600.0,06/04/24 21:45,"792 Walnut St, Dallas, TX 75001"
215331,Lightning Charging Cable,1,14.95,06/08/24 08:52,"916 Chestnut St, Austin, TX 73301"
215332,Google Phone,1,600,06/16/24 13:36,"190 10th St, Boston, MA 02215"
215333,USB-C Charging Cable,1,11.95,06/29/24 16:19,"405 Lakeview St, Atlanta, GA 30301"
215334,Lightning Charging Cable,1,14.95,06/25/24 11:12,"48 6th St, Seattle, WA 98101"
215335,AAA Batteries (4-pack),1,2.99,06/01/24 15:33,"827 Center St, San Francisco, CA 94016"
215336,Vareebadd Phone,1,400,06/21/24 18:01,"408 Chestnut St, New York City, NY 10001"
215336,Bose SoundSport Headphones,1,99.99,06/21/24 18:01,"408 Chestnut St, New York City, NY 10001"
215337,AA Batteries (4-pack),2,3.84,06/12/24 20:38,"724 Elm St, San Francisco, CA 94016"
215338,Wired Headphones,1,11.99,06/04/24 21:06,"324 Elm St, Seattle, WA 98101"
215339,Apple Airpods Headphones,1,150,06/14/24 00:20,"887 Lakeview St, Seattle, WA 98101"
215340,USB-C Charging Cable,1,11.95,06/16/24 22:47,"900 Walnut St, New York City, NY 10001"
215341,USB-C Charging Cable,2,11.95,06/25/24 16:05,"712 13th St, Portland, OR 97035"
215342,34in Ultrawide Monitor,1,379.99,06/17/24 10:57,"324 Pine St, Los Angeles, CA 90001"
215343,Macbook Pro Laptop,1,1700,06/02/24 18:57,"60 10th St, Portland, OR 97035"
215344,20in Monitor,1,109.99,06/19/24 07:39,"212 Lake St, Los Angeles, CA 90001"
215345,Lightning Charging Cable,1,14.95,06/28/24 20:09,"694 11th St, New York City, NY 10001"
215346,Bose SoundSport Headphones,1,99.99,06/04/24 23:55,"122 Lake St, San Francisco, CA 94016"
215347,USB-C Charging Cable,1,11.95,06/30/24 20:25,"873 Madison St, San Francisco, CA 94016"
215348,AAA Batteries (4-pack),1,2.99,06/06/24 20:57,"81 Ridge St, Los Angeles, CA 90001"
215349,LG Dryer,1,600.0,06/23/24 11:17,"315 Lincoln St, San Francisco, CA 94016"
215350,AAA Batteries (4-pack),1,2.99,06/10/24 13:08,"16 Hill St, Seattle, WA 98101"
215351,27in 4K Gaming Monitor,1,389.99,06/10/24 23:47,"849 Dogwood St, Los Angeles, CA 90001"
215352,AA Batteries (4-pack),1,3.84,06/01/24 17:10,"384 14th St, Los Angeles, CA 90001"
215353,Bose SoundSport Headphones,1,99.99,06/19/24 22:04,"997 Johnson St, New York City, NY 10001"
215354,AA Batteries (4-pack),2,3.84,06/13/24 15:51,"555 13th St, Los Angeles, CA 90001"
215355,USB-C Charging Cable,1,11.95,06/09/24 13:23,"423 Madison St, New York City, NY 10001"
215356,20in Monitor,1,109.99,06/19/24 20:13,"804 13th St, Los Angeles, CA 90001"
215356,AA Batteries (4-pack),1,3.84,06/19/24 20:13,"804 13th St, Los Angeles, CA 90001"
215357,Wired Headphones,1,11.99,06/14/24 16:10,"632 8th St, Portland, OR 97035"
215358,USB-C Charging Cable,1,11.95,06/12/24 15:03,"973 Lake St, San Francisco, CA 94016"
215359,Lightning Charging Cable,1,14.95,06/07/24 20:44,"722 9th St, San Francisco, CA 94016"
215360,Google Phone,1,600,06/06/24 21:44,"416 Ridge St, Seattle, WA 98101"
215361,Wired Headphones,2,11.99,06/05/24 20:23,"400 Jefferson St, Dallas, TX 75001"
215362,27in FHD Monitor,1,149.99,06/03/24 14:10,"142 2nd St, Boston, MA 02215"
215363,Apple Airpods Headphones,1,150,06/25/24 09:34,"535 Highland St, Austin, TX 73301"
215364,Google Phone,1,600,06/30/24 00:04,"214 Church St, Portland, OR 97035"
215365,Apple Airpods Headphones,1,150,06/04/24 20:41,"424 Jefferson St, Portland, OR 97035"
215366,AAA Batteries (4-pack),1,2.99,06/19/24 08:30,"322 Lakeview St, Los Angeles, CA 90001"
215367,AA Batteries (4-pack),1,3.84,06/14/24 20:14,"139 4th St, Boston, MA 02215"
215368,Apple Airpods Headphones,1,150,06/23/24 09:21,"473 Main St, Dallas, TX 75001"
215369,Flatscreen TV,1,300,06/13/24 02:05,"901 Maple St, San Francisco, CA 94016"
215370,Wired Headphones,1,11.99,06/24/24 14:36,"2 North St, Los Angeles, CA 90001"
215371,AA Batteries (4-pack),1,3.84,06/25/24 08:16,"364 11th St, Los Angeles, CA 90001"
215372,AAA Batteries (4-pack),2,2.99,06/15/24 00:41,"296 12th St, San Francisco, CA 94016"
215373,AA Batteries (4-pack),1,3.84,06/02/24 16:06,"702 North St, Los Angeles, CA 90001"
215374,Lightning Charging Cable,1,14.95,06/02/24 01:38,"761 River St, Austin, TX 73301"
215375,AAA Batteries (4-pack),2,2.99,06/21/24 14:27,"912 13th St, Dallas, TX 75001"
215376,27in FHD Monitor,1,149.99,06/08/24 12:47,"746 Park St, San Francisco, CA 94016"
,,,,,
215377,AAA Batteries (4-pack),2,2.99,06/02/24 21:26,"73 Ridge St, San Francisco, CA 94016"
215378,34in Ultrawide Monitor,1,379.99,06/21/24 15:00,"291 4th St, Dallas, TX 75001"
215379,AAA Batteries (4-pack),3,2.99,06/04/24 15:12,"519 7th St, San Francisco, CA 94016"
215380,AAA Batteries (4-pack),2,2.99,06/15/24 22:47,"422 North St, Seattle, WA 98101"
215381,AAA Batteries (4-pack),1,2.99,06/12/24 19:28,"774 Adams St, Los Angeles, CA 90001"
215382,Lightning Charging Cable,1,14.95,06/14/24 11:54,"116 Washington St, Los Angeles, CA 90001"
215383,Lightning Charging Cable,1,14.95,06/17/24 22:37,"75 Willow St, Los Angeles, CA 90001"
215384,34in Ultrawide Monitor,1,379.99,06/04/24 22:19,"744 Highland St, Portland, ME 04101"
215385,USB-C Charging Cable,1,11.95,06/21/24 21:45,"618 Lake St, Portland, OR 97035"
215386,Bose SoundSport Headphones,1,99.99,06/01/24 14:49,"964 4th St, Los Angeles, CA 90001"
215387,AA Batteries (4-pack),1,3.84,06/08/24 12:16,"471 Hickory St, Los Angeles, CA 90001"
215388,ThinkPad Laptop,1,999.99,06/12/24 05:08,"59 Pine St, Atlanta, GA 30301"
215389,USB-C Charging Cable,1,11.95,06/15/24 14:39,"39 Johnson St, San Francisco, CA 94016"
215390,Wired Headphones,1,11.99,06/04/24 00:45,"236 Elm St, Portland, OR 97035"
215391,Apple Airpods Headphones,1,150,06/03/24 12:10,"500 Park St, San Francisco, CA 94016"
215392,USB-C Charging Cable,1,11.95,06/03/24 12:57,"465 Washington St, Seattle, WA 98101"
215393,AA Batteries (4-pack),1,3.84,06/02/24 02:09,"992 9th St, Portland, OR 97035"
215394,AA Batteries (4-pack),1,3.84,06/05/24 13:38,"478 Washington St, Portland, OR 97035"
215395,Bose SoundSport Headphones,1,99.99,06/25/24 12:30,"637 Hill St, Boston, MA 02215"
215396,Lightning Charging Cable,1,14.95,06/01/24 14:05,"792 5th St, New York City, NY 10001"
215397,USB-C Charging Cable,1,11.95,06/24/24 11:56,"323 Walnut St, Los Angeles, CA 90001"
215398,AA Batteries (4-pack),2,3.84,06/26/24 12:07,"109 Washington St, Los Angeles, CA 90001"
215399,Apple Airpods Headphones,1,150,06/05/24 01:18,"342 Cedar St, Portland, OR 97035"
215400,LG Washing Machine,1,600.0,06/01/24 14:34,"772 Walnut St, Los Angeles, CA 90001"
215401,Apple Airpods Headphones,1,150,06/15/24 23:43,"620 Main St, Boston, MA 02215"
215402,Flatscreen TV,1,300,06/25/24 20:32,"114 Johnson St, San Francisco, CA 94016"
215403,Flatscreen TV,1,300,06/26/24 20:05,"879 Lincoln St, Portland, OR 97035"
215404,AAA Batteries (4-pack),1,2.99,06/04/24 00:59,"157 Meadow St, San Francisco, CA 94016"
215405,27in 4K Gaming Monitor,1,389.99,06/19/24 01:52,"73 Spruce St, San Francisco, CA 94016"
215406,27in 4K Gaming Monitor,1,389.99,06/22/24 14:47,"412 10th St, Boston, MA 02215"
215407,USB-C Charging Cable,1,11.95,06/11/24 20:50,"555 Madison St, San Francisco, CA 94016"
215408,Flatscreen TV,1,300,06/29/24 20:36,"207 Hickory St, Los Angeles, CA 90001"
215409,Apple Airpods Headphones,1,150,06/04/24 12:59,"115 Pine St, San Francisco, CA 94016"
215410,27in 4K Gaming Monitor,1,389.99,06/11/24 16:15,"488 Johnson St, New York City, NY 10001"
215411,Macbook Pro Laptop,1,1700,06/15/24 02:17,"4 Lake St, Los Angeles, CA 90001"
215412,Wired Headphones,1,11.99,06/23/24 18:38,"42 8th St, San Francisco, CA 94016"
215413,27in FHD Monitor,1,149.99,06/25/24 18:26,"654 2nd St, Atlanta, GA 30301"
215414,20in Monitor,1,109.99,06/28/24 16:23,"15 Cherry St, San Francisco, CA 94016"
215415,AA Batteries (4-pack),1,3.84,06/22/24 06:41,"319 Cedar St, Seattle, WA 98101"
215416,Wired Headphones,1,11.99,06/05/24 20:31,"485 Sunset St, Boston, MA 02215"
215417,AA Batteries (4-pack),1,3.84,06/22/24 10:59,"211 Ridge St, Seattle, WA 98101"
215418,Bose SoundSport Headphones,1,99.99,06/28/24 16:44,"1 Ridge St, San Francisco, CA 94016"
215419,ThinkPad Laptop,1,999.99,06/23/24 17:39,"207 Johnson St, Boston, MA 02215"
215420,USB-C Charging Cable,1,11.95,06/26/24 16:07,"981 Wilson St, Seattle, WA 98101"
215421,Bose SoundSport Headphones,1,99.99,06/24/24 22:26,"91 Walnut St, San Francisco, CA 94016"
215422,Google Phone,1,600,06/21/24 22:34,"243 Jackson St, Los Angeles, CA 90001"
215423,AA Batteries (4-pack),1,3.84,06/15/24 11:10,"180 Jackson St, New York City, NY 10001"
215424,Wired Headphones,2,11.99,06/13/24 16:52,"521 Lake St, San Francisco, CA 94016"
215425,AAA Batteries (4-pack),1,2.99,06/02/24 11:36,"414 North St, San Francisco, CA 94016"
215426,USB-C Charging Cable,1,11.95,06/10/24 09:02,"50 11th St, New York City, NY 10001"
215427,Wired Headphones,1,11.99,06/15/24 23:50,"586 Jackson St, Los Angeles, CA 90001"
215428,27in 4K Gaming Monitor,1,389.99,06/22/24 12:24,"813 Center St, San Francisco, CA 94016"
215429,Wired Headphones,1,11.99,06/09/24 11:05,"113 River St, San Francisco, CA 94016"
215430,Wired Headphones,1,11.99,06/04/24 22:17,"530 Cherry St, Boston, MA 02215"
215431,Flatscreen TV,1,300,06/22/24 23:32,"424 14th St, San Francisco, CA 94016"
215432,Bose SoundSport Headphones,1,99.99,06/09/24 17:40,"759 Willow St, Atlanta, GA 30301"
215433,Macbook Pro Laptop,1,1700,06/17/24 16:21,"159 8th St, Portland, ME 04101"
215434,27in 4K Gaming Monitor,1,389.99,06/07/24 10:40,"842 West St, Boston, MA 02215"
215435,AA Batteries (4-pack),3,3.84,06/17/24 16:58,"86 Jefferson St, San Francisco, CA 94016"
215436,Wired Headphones,2,11.99,06/06/24 21:52,"744 Highland St, San Francisco, CA 94016"
215437,AA Batteries (4-pack),1,3.84,06/12/24 19:59,"94 Center St, Atlanta, GA 30301"
215438,AAA Batteries (4-pack),1,2.99,06/10/24 10:51,"944 11th St, Dallas, TX 75001"
215439,AAA Batteries (4-pack),1,2.99,06/26/24 18:48,"586 River St, Seattle, WA 98101"
215440,Lightning Charging Cable,1,14.95,06/04/24 14:34,"443 South St, Boston, MA 02215"
215441,Macbook Pro Laptop,1,1700,06/02/24 19:41,"667 Hill St, Los Angeles, CA 90001"
215442,Lightning Charging Cable,1,14.95,06/15/24 10:00,"909 Sunset St, San Francisco, CA 94016"
215443,Wired Headphones,1,11.99,06/21/24 21:30,"698 Hill St, Los Angeles, CA 90001"
215444,USB-C Charging Cable,1,11.95,06/27/24 11:34,"542 Hill St, San Francisco, CA 94016"
215445,Vareebadd Phone,1,400,06/16/24 14:59,"980 4th St, Dallas, TX 75001"
215446,34in Ultrawide Monitor,1,379.99,06/15/24 18:59,"477 Main St, Los Angeles, CA 90001"
215447,Apple Airpods Headphones,1,150,06/11/24 11:50,"567 5th St, Dallas, TX 75001"
215448,AA Batteries (4-pack),1,3.84,06/24/24 22:16,"187 Walnut St, Austin, TX 73301"
215449,Bose SoundSport Headphones,1,99.99,06/10/24 15:14,"937 4th St, San Francisco, CA 94016"
215450,AAA Batteries (4-pack),1,2.99,06/11/24 12:20,"640 Cedar St, Atlanta, GA 30301"
215451,Lightning Charging Cable,1,14.95,06/06/24 12:29,"634 2nd St, San Francisco, CA 94016"
215452,Bose SoundSport Headphones,1,99.99,06/29/24 13:14,"634 12th St, San Francisco, CA 94016"
215453,Apple Airpods Headphones,1,150,06/05/24 19:40,"710 Main St, San Francisco, CA 94016"
215454,Lightning Charging Cable,1,14.95,06/02/24 11:45,"356 Washington St, New York City, NY 10001"
215455,USB-C Charging Cable,1,11.95,06/02/24 11:26,"748 Elm St, Los Angeles, CA 90001"
215456,AA Batteries (4-pack),1,3.84,06/12/24 17:35,"332 Hill St, San Francisco, CA 94016"
215457,AAA Batteries (4-pack),1,2.99,06/24/24 21:54,"528 South St, Portland, OR 97035"
215458,AAA Batteries (4-pack),1,2.99,06/24/24 17:20,"994 13th St, Seattle, WA 98101"
215459,USB-C Charging Cable,1,11.95,06/03/24 18:11,"7 Washington St, Los Angeles, CA 90001"
215460,AA Batteries (4-pack),1,3.84,06/13/24 10:47,"365 Chestnut St, Los Angeles, CA 90001"
215461,AAA Batteries (4-pack),2,2.99,06/06/24 11:44,"979 5th St, Dallas, TX 75001"
215462,USB-C Charging Cable,1,11.95,06/12/24 22:12,"286 Pine St, San Francisco, CA 94016"
215463,AA Batteries (4-pack),1,3.84,06/27/24 21:36,"133 Wilson St, Boston, MA 02215"
215464,Lightning Charging Cable,1,14.95,06/10/24 20:04,"712 Johnson St, Austin, TX 73301"
215465,AA Batteries (4-pack),1,3.84,06/14/24 20:48,"794 Cedar St, Los Angeles, CA 90001"
215466,Lightning Charging Cable,1,14.95,06/09/24 10:17,"282 Center St, Portland, OR 97035"
215467,Apple Airpods Headphones,1,150,06/20/24 17:26,"962 Highland St, Seattle, WA 98101"
215468,AA Batteries (4-pack),1,3.84,06/26/24 10:54,"362 Washington St, Boston, MA 02215"
215469,AA Batteries (4-pack),3,3.84,06/15/24 13:56,"863 Park St, New York City, NY 10001"
215470,USB-C Charging Cable,1,11.95,06/11/24 18:02,"39 8th St, New York City, NY 10001"
215471,AA Batteries (4-pack),1,3.84,06/22/24 17:32,"989 Main St, New York City, NY 10001"
215472,USB-C Charging Cable,1,11.95,06/21/24 14:06,"859 Wilson St, New York City, NY 10001"
215473,Lightning Charging Cable,1,14.95,06/15/24 14:20,"38 Jefferson St, Seattle, WA 98101"
215474,USB-C Charging Cable,1,11.95,06/08/24 17:42,"22 Adams St, San Francisco, CA 94016"
215475,Lightning Charging Cable,1,14.95,06/21/24 07:09,"281 Cherry St, New York City, NY 10001"
215476,Apple Airpods Headphones,1,150,06/13/24 09:26,"122 Walnut St, San Francisco, CA 94016"
215477,USB-C Charging Cable,1,11.95,06/21/24 10:47,"407 Lake St, Dallas, TX 75001"
215478,AA Batteries (4-pack),1,3.84,06/30/24 07:32,"268 Park St, San Francisco, CA 94016"
215479,Flatscreen TV,1,300,06/10/24 22:09,"266 Lake St, Los Angeles, CA 90001"
215480,Macbook Pro Laptop,1,1700,06/30/24 12:35,"653 10th St, Seattle, WA 98101"
215481,iPhone,1,700,06/02/24 12:11,"672 Cherry St, Atlanta, GA 30301"
215482,Lightning Charging Cable,1,14.95,06/10/24 20:17,"209 North St, New York City, NY 10001"
215483,Lightning Charging Cable,1,14.95,06/21/24 09:30,"548 Highland St, Los Angeles, CA 90001"
215484,AAA Batteries (4-pack),2,2.99,06/25/24 13:34,"878 Lakeview St, Los Angeles, CA 90001"
215485,Bose SoundSport Headphones,1,99.99,06/26/24 16:05,"654 Johnson St, Los Angeles, CA 90001"
215486,Google Phone,1,600,06/20/24 11:48,"173 Maple St, Atlanta, GA 30301"
215487,Bose SoundSport Headphones,1,99.99,06/30/24 18:49,"674 Hill St, San Francisco, CA 94016"
215488,USB-C Charging Cable,1,11.95,06/23/24 21:01,"804 Lakeview St, Boston, MA 02215"
215489,USB-C Charging Cable,1,11.95,06/24/24 17:18,"120 8th St, Dallas, TX 75001"
215490,USB-C Charging Cable,1,11.95,06/20/24 16:48,"131 Lake St, Boston, MA 02215"
215491,34in Ultrawide Monitor,1,379.99,06/25/24 15:23,"980 Madison St, San Francisco, CA 94016"
215492,27in FHD Monitor,1,149.99,06/01/24 14:51,"687 Chestnut St, Atlanta, GA 30301"
215493,Lightning Charging Cable,1,14.95,06/24/24 12:48,"951 Hill St, Austin, TX 73301"
215494,27in 4K Gaming Monitor,1,389.99,06/11/24 17:18,"929 Cherry St, San Francisco, CA 94016"
215495,Wired Headphones,1,11.99,06/05/24 05:07,"640 Walnut St, Los Angeles, CA 90001"
215496,USB-C Charging Cable,1,11.95,06/18/24 22:14,"292 Cedar St, Atlanta, GA 30301"
215497,27in FHD Monitor,1,149.99,06/15/24 16:06,"173 Lake St, San Francisco, CA 94016"
215498,Wired Headphones,1,11.99,06/10/24 17:00,"423 Jefferson St, Dallas, TX 75001"
215499,27in FHD Monitor,1,149.99,06/02/24 22:00,"94 4th St, New York City, NY 10001"
215500,20in Monitor,1,109.99,06/23/24 13:32,"455 Church St, Austin, TX 73301"
215501,Apple Airpods Headphones,1,150,06/01/24 19:41,"222 Maple St, Dallas, TX 75001"
215502,Apple Airpods Headphones,1,150,06/23/24 22:48,"659 Adams St, New York City, NY 10001"
215503,AA Batteries (4-pack),1,3.84,06/22/24 15:03,"883 13th St, New York City, NY 10001"
215504,Macbook Pro Laptop,1,1700,06/02/24 15:39,"418 Meadow St, Seattle, WA 98101"
215505,34in Ultrawide Monitor,1,379.99,06/19/24 08:04,"948 Washington St, Los Angeles, CA 90001"
215506,USB-C Charging Cable,1,11.95,06/22/24 15:43,"765 4th St, Boston, MA 02215"
215507,Wired Headphones,1,11.99,06/13/24 15:01,"757 Cherry St, Seattle, WA 98101"
215508,Bose SoundSport Headphones,1,99.99,06/01/24 21:41,"296 2nd St, Austin, TX 73301"
215509,AA Batteries (4-pack),3,3.84,06/21/24 17:29,"131 5th St, Boston, MA 02215"
215510,Wired Headphones,1,11.99,06/03/24 20:01,"328 Elm St, Austin, TX 73301"
215511,Macbook Pro Laptop,1,1700,06/23/24 18:57,"901 Sunset St, San Francisco, CA 94016"
215512,AA Batteries (4-pack),1,3.84,06/06/24 11:29,"754 Walnut St, Dallas, TX 75001"
215513,AAA Batteries (4-pack),1,2.99,06/12/24 10:34,"168 Jefferson St, San Francisco, CA 94016"
215514,Lightning Charging Cable,1,14.95,06/19/24 13:09,"360 Ridge St, New York City, NY 10001"
215515,Lightning Charging Cable,1,14.95,06/07/24 12:00,"699 Walnut St, San Francisco, CA 94016"
215516,USB-C Charging Cable,1,11.95,06/21/24 18:47,"989 Ridge St, San Francisco, CA 94016"
215517,USB-C Charging Cable,1,11.95,06/09/24 13:21,"756 2nd St, Dallas, TX 75001"
215518,Lightning Charging Cable,1,14.95,06/10/24 16:49,"247 Madison St, Boston, MA 02215"
215519,Bose SoundSport Headphones,1,99.99,06/14/24 12:19,"56 11th St, Atlanta, GA 30301"
215520,AA Batteries (4-pack),1,3.84,06/02/24 20:51,"897 Dogwood St, San Francisco, CA 94016"
215521,Macbook Pro Laptop,1,1700,06/19/24 15:56,"231 Johnson St, San Francisco, CA 94016"
215522,USB-C Charging Cable,1,11.95,06/23/24 13:30,"422 Washington St, New York City, NY 10001"
215523,AA Batteries (4-pack),2,3.84,06/02/24 22:27,"106 13th St, San Francisco, CA 94016"
215524,AA Batteries (4-pack),1,3.84,06/24/24 21:05,"210 8th St, San Francisco, CA 94016"
215525,34in Ultrawide Monitor,1,379.99,06/12/24 10:09,"752 West St, New York City, NY 10001"
215526,Flatscreen TV,1,300,06/30/24 23:47,"598 9th St, Dallas, TX 75001"
215527,LG Dryer,1,600.0,06/06/24 21:55,"151 14th St, New York City, NY 10001"
215528,AAA Batteries (4-pack),1,2.99,06/04/24 13:31,"317 Jefferson St, Los Angeles, CA 90001"
215529,ThinkPad Laptop,1,999.99,06/06/24 20:51,"572 Dogwood St, Austin, TX 73301"
215530,AA Batteries (4-pack),1,3.84,06/16/24 11:35,"88 14th St, San Francisco, CA 94016"
215531,AAA Batteries (4-pack),3,2.99,06/19/24 19:43,"87 Lake St, Los Angeles, CA 90001"
215532,Apple Airpods Headphones,1,150,06/29/24 16:36,"469 Cedar St, San Francisco, CA 94016"
215533,USB-C Charging Cable,1,11.95,06/06/24 23:02,"723 Cedar St, New York City, NY 10001"
215534,AAA Batteries (4-pack),1,2.99,06/29/24 15:25,"171 13th St, New York City, NY 10001"
215535,Apple Airpods Headphones,1,150,06/17/24 19:08,"253 10th St, Atlanta, GA 30301"
215536,27in FHD Monitor,1,149.99,06/01/24 12:11,"993 9th St, Austin, TX 73301"
215537,USB-C Charging Cable,1,11.95,06/03/24 14:40,"311 Hickory St, Seattle, WA 98101"
215538,AA Batteries (4-pack),1,3.84,06/13/24 11:41,"690 14th St, New York City, NY 10001"
215539,AA Batteries (4-pack),2,3.84,06/23/24 06:49,"588 Ridge St, San Francisco, CA 94016"
215540,Bose SoundSport Headphones,1,99.99,06/11/24 07:50,"384 Lake St, San Francisco, CA 94016"
215541,AAA Batteries (4-pack),2,2.99,06/22/24 20:20,"645 Hickory St, Los Angeles, CA 90001"
215542,AA Batteries (4-pack),2,3.84,06/16/24 07:51,"594 4th St, New York City, NY 10001"
215543,Apple Airpods Headphones,1,150,06/26/24 13:49,"37 Cedar St, Boston, MA 02215"
215544,AA Batteries (4-pack),1,3.84,06/14/24 17:33,"995 Wilson St, Seattle, WA 98101"
215545,AAA Batteries (4-pack),1,2.99,06/23/24 18:55,"965 2nd St, San Francisco, CA 94016"
215546,34in Ultrawide Monitor,1,379.99,06/06/24 21:37,"385 5th St, New York City, NY 10001"
215547,USB-C Charging Cable,1,11.95,06/15/24 15:26,"508 Johnson St, San Francisco, CA 94016"
215548,AA Batteries (4-pack),1,3.84,06/30/24 18:05,"42 Adams St, Los Angeles, CA 90001"
215549,Bose SoundSport Headphones,1,99.99,06/26/24 21:13,"968 Main St, San Francisco, CA 94016"
215550,27in 4K Gaming Monitor,1,389.99,06/20/24 19:17,"599 Highland St, Los Angeles, CA 90001"
215551,iPhone,1,700,06/03/24 20:25,"728 West St, Los Angeles, CA 90001"
215551,Lightning Charging Cable,1,14.95,06/03/24 20:25,"728 West St, Los Angeles, CA 90001"
215552,Lightning Charging Cable,1,14.95,06/15/24 11:18,"362 Jackson St, Seattle, WA 98101"
215553,34in Ultrawide Monitor,1,379.99,06/18/24 14:28,"271 Washington St, New York City, NY 10001"
215554,27in FHD Monitor,1,149.99,06/16/24 16:54,"674 Wilson St, Los Angeles, CA 90001"
215555,27in 4K Gaming Monitor,1,389.99,06/21/24 14:28,"680 Madison St, New York City, NY 10001"
215556,USB-C Charging Cable,1,11.95,06/12/24 20:10,"724 Main St, Boston, MA 02215"
215557,Wired Headphones,1,11.99,06/11/24 01:16,"707 Ridge St, New York City, NY 10001"
215558,Lightning Charging Cable,1,14.95,06/19/24 10:50,"633 Pine St, New York City, NY 10001"
215559,34in Ultrawide Monitor,1,379.99,06/02/24 12:41,"92 Hill St, New York City, NY 10001"
215560,AAA Batteries (4-pack),1,2.99,06/21/24 14:24,"699 Cherry St, Los Angeles, CA 90001"
215561,AAA Batteries (4-pack),1,2.99,06/27/24 09:02,"514 14th St, Dallas, TX 75001"
215562,USB-C Charging Cable,1,11.95,06/12/24 13:31,"34 West St, Seattle, WA 98101"
215563,USB-C Charging Cable,1,11.95,06/24/24 22:50,"304 Adams St, New York City, NY 10001"
215564,AAA Batteries (4-pack),1,2.99,06/05/24 21:47,"910 Jackson St, New York City, NY 10001"
215565,AAA Batteries (4-pack),2,2.99,06/24/24 13:29,"546 8th St, San Francisco, CA 94016"
215566,Wired Headphones,1,11.99,06/04/24 10:27,"123 Highland St, New York City, NY 10001"
215567,LG Dryer,1,600.0,06/20/24 17:08,"597 7th St, San Francisco, CA 94016"
215568,USB-C Charging Cable,1,11.95,06/23/24 19:33,"859 Elm St, San Francisco, CA 94016"
215569,iPhone,1,700,06/22/24 03:14,"147 Highland St, Dallas, TX 75001"
215569,Apple Airpods Headphones,1,150,06/22/24 03:14,"147 Highland St, Dallas, TX 75001"
215570,Lightning Charging Cable,1,14.95,06/26/24 16:50,"777 Cherry St, New York City, NY 10001"
215571,Bose SoundSport Headphones,1,99.99,06/25/24 20:20,"325 Ridge St, San Francisco, CA 94016"
215572,AAA Batteries (4-pack),2,2.99,06/01/24 23:42,"381 13th St, Seattle, WA 98101"
215573,Apple Airpods Headphones,1,150,06/05/24 09:51,"172 Spruce St, Los Angeles, CA 90001"
215574,USB-C Charging Cable,1,11.95,06/11/24 16:17,"221 Lakeview St, New York City, NY 10001"
215575,AA Batteries (4-pack),1,3.84,06/04/24 00:12,"450 Jefferson St, Los Angeles, CA 90001"
215576,Wired Headphones,1,11.99,06/07/24 13:38,"769 Pine St, Seattle, WA 98101"
215577,Lightning Charging Cable,1,14.95,06/24/24 10:03,"400 Willow St, San Francisco, CA 94016"
215578,iPhone,1,700,06/18/24 10:12,"465 Cedar St, Dallas, TX 75001"
215579,Macbook Pro Laptop,1,1700,06/11/24 07:52,"234 Maple St, New York City, NY 10001"
215580,27in 4K Gaming Monitor,1,389.99,06/03/24 17:49,"643 Jefferson St, Atlanta, GA 30301"
215581,AAA Batteries (4-pack),1,2.99,06/29/24 19:51,"21 River St, New York City, NY 10001"
215582,iPhone,1,700,06/30/24 11:47,"622 Lake St, Austin, TX 73301"
215583,20in Monitor,1,109.99,06/16/24 18:14,"192 13th St, Los Angeles, CA 90001"
215584,Vareebadd Phone,1,400,06/25/24 17:57,"972 Johnson St, New York City, NY 10001"
215585,AAA Batteries (4-pack),1,2.99,06/06/24 10:07,"445 Wilson St, San Francisco, CA 94016"
215586,USB-C Charging Cable,1,11.95,06/27/24 18:23,"204 Cedar St, Portland, ME 04101"
215587,AAA Batteries (4-pack),1,2.99,06/13/24 10:07,"174 Dogwood St, Portland, OR 97035"
215588,27in FHD Monitor,1,149.99,06/08/24 14:11,"505 1st St, Boston, MA 02215"
215589,Lightning Charging Cable,1,14.95,06/23/24 13:52,"940 Spruce St, San Francisco, CA 94016"
215590,USB-C Charging Cable,1,11.95,06/22/24 08:04,"697 Washington St, New York City, NY 10001"
215591,Flatscreen TV,1,300,06/26/24 13:52,"347 Lake St, Los Angeles, CA 90001"
215592,Vareebadd Phone,1,400,06/19/24 14:34,"706 South St, San Francisco, CA 94016"
215592,Wired Headphones,1,11.99,06/19/24 14:34,"706 South St, San Francisco, CA 94016"
215593,Vareebadd Phone,1,400,06/20/24 13:44,"193 Elm St, Portland, OR 97035"
215593,USB-C Charging Cable,1,11.95,06/20/24 13:44,"193 Elm St, Portland, OR 97035"
215594,USB-C Charging Cable,1,11.95,06/22/24 15:03,"341 Jackson St, Seattle, WA 98101"
215595,Wired Headphones,1,11.99,06/30/24 23:24,"223 Lake St, New York City, NY 10001"
215596,27in 4K Gaming Monitor,1,389.99,06/11/24 09:31,"596 6th St, San Francisco, CA 94016"
215597,AAA Batteries (4-pack),2,2.99,06/01/24 10:06,"906 Washington St, Boston, MA 02215"
215598,Lightning Charging Cable,1,14.95,06/10/24 09:17,"529 Chestnut St, San Francisco, CA 94016"
215599,Wired Headphones,1,11.99,06/05/24 13:45,"384 14th St, Atlanta, GA 30301"
215600,Apple Airpods Headphones,1,150,06/08/24 10:10,"72 Elm St, San Francisco, CA 94016"
215601,Bose SoundSport Headphones,1,99.99,06/13/24 16:09,"557 6th St, New York City, NY 10001"
215602,Bose SoundSport Headphones,1,99.99,06/04/24 15:29,"168 2nd St, Los Angeles, CA 90001"
215603,27in FHD Monitor,1,149.99,06/28/24 08:06,"233 5th St, Austin, TX 73301"
215604,Apple Airpods Headphones,1,150,06/24/24 16:48,"988 Adams St, San Francisco, CA 94016"
215605,27in FHD Monitor,1,149.99,06/09/24 01:28,"679 Church St, Boston, MA 02215"
215606,Wired Headphones,1,11.99,06/02/24 08:24,"807 Cedar St, San Francisco, CA 94016"
215607,34in Ultrawide Monitor,1,379.99,06/04/24 12:50,"215 Johnson St, Los Angeles, CA 90001"
215608,AAA Batteries (4-pack),3,2.99,06/14/24 12:39,"704 Hill St, Austin, TX 73301"
215609,AA Batteries (4-pack),1,3.84,06/27/24 17:04,"3 Washington St, Austin, TX 73301"
215610,AAA Batteries (4-pack),2,2.99,06/05/24 12:57,"92 8th St, Portland, OR 97035"
215611,Google Phone,1,600,06/19/24 07:28,"120 6th St, Los Angeles, CA 90001"
215612,27in FHD Monitor,1,149.99,06/24/24 20:46,"64 Willow St, Los Angeles, CA 90001"
215613,Lightning Charging Cable,1,14.95,06/19/24 18:22,"583 1st St, Dallas, TX 75001"
215614,Lightning Charging Cable,1,14.95,06/23/24 16:54,"101 7th St, Los Angeles, CA 90001"
215615,USB-C Charging Cable,1,11.95,06/05/24 17:36,"653 Main St, New York City, NY 10001"
215616,USB-C Charging Cable,1,11.95,06/21/24 06:47,"771 2nd St, Los Angeles, CA 90001"
215617,AA Batteries (4-pack),1,3.84,06/17/24 22:42,"325 14th St, Portland, ME 04101"
215618,USB-C Charging Cable,1,11.95,06/28/24 10:49,"20 West St, San Francisco, CA 94016"
215619,USB-C Charging Cable,1,11.95,06/10/24 19:00,"631 Elm St, San Francisco, CA 94016"
215620,Lightning Charging Cable,2,14.95,06/11/24 15:04,"102 11th St, San Francisco, CA 94016"
215621,AAA Batteries (4-pack),1,2.99,06/28/24 14:34,"689 Adams St, New York City, NY 10001"
215622,USB-C Charging Cable,1,11.95,06/25/24 11:33,"440 Walnut St, Los Angeles, CA 90001"
215623,27in 4K Gaming Monitor,1,389.99,06/21/24 17:27,"978 Elm St, San Francisco, CA 94016"
215624,ThinkPad Laptop,1,999.99,06/03/24 11:25,"261 Maple St, New York City, NY 10001"
215625,iPhone,1,700,06/24/24 12:07,"513 Johnson St, Portland, ME 04101"
215626,Lightning Charging Cable,1,14.95,06/24/24 11:26,"363 8th St, San Francisco, CA 94016"
215627,USB-C Charging Cable,1,11.95,06/13/24 21:34,"521 Meadow St, San Francisco, CA 94016"
215628,Bose SoundSport Headphones,1,99.99,06/14/24 20:23,"551 7th St, Dallas, TX 75001"
215629,27in 4K Gaming Monitor,1,389.99,06/18/24 19:17,"567 13th St, San Francisco, CA 94016"
215630,Flatscreen TV,1,300,06/05/24 11:37,"858 Walnut St, Dallas, TX 75001"
215631,Google Phone,1,600,06/30/24 18:35,"767 Dogwood St, Atlanta, GA 30301"
215632,AA Batteries (4-pack),2,3.84,06/09/24 12:23,"667 Jackson St, Los Angeles, CA 90001"
215633,Apple Airpods Headphones,1,150,06/04/24 15:09,"597 Forest St, Dallas, TX 75001"
215634,Bose SoundSport Headphones,1,99.99,06/24/24 15:52,"412 Sunset St, San Francisco, CA 94016"
215635,34in Ultrawide Monitor,1,379.99,06/14/24 13:51,"521 Spruce St, Boston, MA 02215"
215636,Bose SoundSport Headphones,1,99.99,06/25/24 17:54,"228 4th St, Austin, TX 73301"
215637,USB-C Charging Cable,1,11.95,06/22/24 23:37,"909 13th St, San Francisco, CA 94016"
215638,USB-C Charging Cable,1,11.95,06/24/24 20:05,"379 9th St, Los Angeles, CA 90001"
Order ID,Product,Quantity Ordered,Price Each,Order Date,Purchase Address
215639,AA Batteries (4-pack),1,3.84,06/05/24 15:28,"186 Ridge St, San Francisco, CA 94016"
215640,Google Phone,1,600,06/04/24 17:35,"887 River St, San Francisco, CA 94016"
215640,USB-C Charging Cable,1,11.95,06/04/24 17:35,"887 River St, San Francisco, CA 94016"
215641,Wired Headphones,1,11.99,06/23/24 19:43,"659 Wilson St, Boston, MA 02215"
215642,USB-C Charging Cable,1,11.95,06/05/24 15:35,"579 Lincoln St, Boston, MA 02215"
215643,USB-C Charging Cable,1,11.95,06/26/24 19:09,"403 Center St, Boston, MA 02215"
215644,27in FHD Monitor,1,149.99,06/23/24 10:56,"810 Jefferson St, San Francisco, CA 94016"
215645,Bose SoundSport Headphones,1,99.99,06/25/24 10:21,"66 Sunset St, Los Angeles, CA 90001"
215646,AAA Batteries (4-pack),1,2.99,06/06/24 21:50,"943 Forest St, Seattle, WA 98101"
215647,USB-C Charging Cable,1,11.95,06/25/24 17:34,"56 South St, New York City, NY 10001"
215648,Bose SoundSport Headphones,1,99.99,06/06/24 09:50,"579 Highland St, Dallas, TX 75001"
215649,Wired Headphones,1,11.99,06/05/24 10:34,"894 7th St, Dallas, TX 75001"
215650,Flatscreen TV,1,300,06/12/24 08:31,"944 Jackson St, Portland, OR 97035"
215651,USB-C Charging Cable,1,11.95,06/18/24 06:08,"729 Johnson St, New York City, NY 10001"
215652,34in Ultrawide Monitor,1,379.99,06/03/24 20:19,"583 Hill St, Atlanta, GA 30301"
215653,USB-C Charging Cable,1,11.95,06/18/24 21:27,"425 Lake St, Los Angeles, CA 90001"
215653,20in Monitor,1,109.99,06/18/24 21:27,"425 Lake St, Los Angeles, CA 90001"
215654,Wired Headphones,2,11.99,06/08/24 13:06,"835 1st St, Boston, MA 02215"
215655,AA Batteries (4-pack),1,3.84,06/27/24 08:14,"866 Lincoln St, Boston, MA 02215"
215656,Bose SoundSport Headphones,1,99.99,06/12/24 19:11,"499 10th St, Los Angeles, CA 90001"
215657,27in 4K Gaming Monitor,1,389.99,06/27/24 12:45,"985 2nd St, Seattle, WA 98101"
215658,27in FHD Monitor,1,149.99,06/26/24 14:12,"263 1st St, Portland, OR 97035"
215659,Bose SoundSport Headphones,1,99.99,06/06/24 10:45,"142 12th St, Seattle, WA 98101"
215660,USB-C Charging Cable,1,11.95,06/16/24 19:11,"996 Dogwood St, Los Angeles, CA 90001"
215661,Wired Headphones,1,11.99,06/22/24 18:19,"360 West St, San Francisco, CA 94016"
215662,Lightning Charging Cable,2,14.95,06/09/24 15:15,"916 West St, New York City, NY 10001"
215663,Apple Airpods Headphones,1,150,06/03/24 08:16,"822 Madison St, San Francisco, CA 94016"
215664,34in Ultrawide Monitor,1,379.99,06/18/24 19:09,"362 14th St, Dallas, TX 75001"
215665,Apple Airpods Headphones,1,150,06/05/24 17:03,"240 Walnut St, Austin, TX 73301"
215666,27in FHD Monitor,1,149.99,06/19/24 11:22,"908 Elm St, New York City, NY 10001"
215667,Wired Headphones,4,11.99,06/26/24 21:27,"228 1st St, Los Angeles, CA 90001"
215668,Wired Headphones,1,11.99,06/10/24 09:27,"78 12th St, Atlanta, GA 30301"
215669,Apple Airpods Headphones,1,150,06/08/24 19:20,"668 7th St, Boston, MA 02215"
215670,Wired Headphones,1,11.99,06/19/24 20:38,"987 5th St, San Francisco, CA 94016"
215671,iPhone,1,700,06/07/24 13:58,"585 Forest St, New York City, NY 10001"
215672,Lightning Charging Cable,1,14.95,06/09/24 18:41,"585 Madison St, New York City, NY 10001"
215673,AAA Batteries (4-pack),1,2.99,06/27/24 17:47,"823 9th St, New York City, NY 10001"
215674,Wired Headphones,1,11.99,06/27/24 05:19,"947 Adams St, Los Angeles, CA 90001"
215675,34in Ultrawide Monitor,1,379.99,06/10/24 19:24,"702 4th St, Atlanta, GA 30301"
215676,AAA Batteries (4-pack),1,2.99,06/14/24 14:11,"707 Center St, Los Angeles, CA 90001"
215677,ThinkPad Laptop,1,999.99,06/09/24 17:44,"823 Johnson St, San Francisco, CA 94016"
215678,Lightning Charging Cable,1,14.95,06/17/24 20:32,"276 Spruce St, Dallas, TX 75001"
215679,USB-C Charging Cable,1,11.95,06/28/24 15:24,"111 9th St, Boston, MA 02215"
215680,Wired Headphones,1,11.99,06/30/24 19:29,"508 2nd St, Portland, OR 97035"
215681,Bose SoundSport Headphones,1,99.99,06/03/24 17:24,"754 Johnson St, Atlanta, GA 30301"
215682,20in Monitor,1,109.99,06/20/24 13:18,"245 6th St, Atlanta, GA 30301"
215683,Wired Headphones,1,11.99,06/24/24 12:51,"828 Willow St, San Francisco, CA 94016"
215684,USB-C Charging Cable,1,11.95,06/11/24 20:48,"753 Cedar St, San Francisco, CA 94016"
215685,Lightning Charging Cable,1,14.95,06/29/24 22:32,"747 9th St, New York City, NY 10001"
215686,AA Batteries (4-pack),2,3.84,06/19/24 10:32,"166 Lake St, San Francisco, CA 94016"
215687,AAA Batteries (4-pack),1,2.99,06/08/24 08:31,"837 1st St, Portland, OR 97035"
215688,Apple Airpods Headphones,1,150,06/05/24 14:18,"590 Hill St, Dallas, TX 75001"
215689,Google Phone,1,600,06/03/24 13:09,"836 Lincoln St, San Francisco, CA 94016"
215689,27in 4K Gaming Monitor,1,389.99,06/03/24 13:09,"836 Lincoln St, San Francisco, CA 94016"
215690,Bose SoundSport Headphones,1,99.99,06/02/24 19:13,"3 1st St, Atlanta, GA 30301"
215691,LG Dryer,1,600.0,06/19/24 08:04,"59 Maple St, Los Angeles, CA 90001"
215692,20in Monitor,1,109.99,06/01/24 17:04,"893 Lincoln St, San Francisco, CA 94016"
215693,Wired Headphones,1,11.99,06/06/24 12:20,"730 Church St, San Francisco, CA 94016"
215694,AAA Batteries (4-pack),1,2.99,06/02/24 11:02,"719 Highland St, Portland, OR 97035"
215695,AAA Batteries (4-pack),2,2.99,06/04/24 22:29,"740 Cherry St, New York City, NY 10001"
215696,Lightning Charging Cable,1,14.95,06/20/24 17:16,"947 10th St, San Francisco, CA 94016"
215697,LG Washing Machine,1,600.0,06/17/24 12:02,"753 Walnut St, Atlanta, GA 30301"
215698,USB-C Charging Cable,1,11.95,06/02/24 09:21,"203 Washington St, Atlanta, GA 30301"
215699,Bose SoundSport Headphones,1,99.99,06/04/24 20:39,"59 Meadow St, Austin, TX 73301"
215700,Apple Airpods Headphones,1,150,06/15/24 20:24,"973 14th St, Dallas, TX 75001"
215700,AA Batteries (4-pack),1,3.84,06/15/24 20:24,"973 14th St, Dallas, TX 75001"
215701,27in FHD Monitor,1,149.99,06/17/24 07:33,"178 Dogwood St, Boston, MA 02215"
215702,AAA Batteries (4-pack),1,2.99,06/14/24 13:01,"419 Hill St, Seattle, WA 98101"
215703,AA Batteries (4-pack),1,3.84,06/04/24 10:45,"497 Center St, New York City, NY 10001"
215704,USB-C Charging Cable,1,11.95,06/15/24 15:44,"489 South St, Portland, ME 04101"
215705,Lightning Charging Cable,1,14.95,06/02/24 19:52,"635 Wilson St, New York City, NY 10001"
215706,Lightning Charging Cable,1,14.95,06/15/24 09:49,"542 6th St, Atlanta, GA 30301"
215707,Lightning Charging Cable,1,14.95,06/02/24 15:06,"943 Main St, New York City, NY 10001"
215708,Vareebadd Phone,1,400,06/10/24 18:44,"654 Spruce St, Los Angeles, CA 90001"
215709,USB-C Charging Cable,1,11.95,06/09/24 20:19,"319 Chestnut St, Dallas, TX 75001"
215710,Google Phone,1,600,06/17/24 13:25,"528 12th St, San Francisco, CA 94016"
215710,USB-C Charging Cable,1,11.95,06/17/24 13:25,"528 12th St, San Francisco, CA 94016"
215710,Wired Headphones,1,11.99,06/17/24 13:25,"528 12th St, San Francisco, CA 94016"
215711,27in FHD Monitor,1,149.99,06/25/24 10:05,"734 11th St, Austin, TX 73301"
215711,AA Batteries (4-pack),1,3.84,06/25/24 10:05,"734 11th St, Austin, TX 73301"
215712,Lightning Charging Cable,1,14.95,06/04/24 06:48,"460 Johnson St, San Francisco, CA 94016"
215713,Google Phone,1,600,06/22/24 00:09,"585 5th St, Dallas, TX 75001"
215714,Bose SoundSport Headphones,1,99.99,06/27/24 17:22,"172 Hill St, San Francisco, CA 94016"
215715,AAA Batteries (4-pack),1,2.99,06/30/24 15:59,"421 Maple St, Boston, MA 02215"
215716,Lightning Charging Cable,1,14.95,06/04/24 15:39,"794 Forest St, Atlanta, GA 30301"
215717,AA Batteries (4-pack),1,3.84,06/21/24 11:11,"215 Sunset St, San Francisco, CA 94016"
215718,27in 4K Gaming Monitor,1,389.99,06/21/24 18:51,"179 Spruce St, Los Angeles, CA 90001"
215719,Macbook Pro Laptop,1,1700,06/01/24 16:43,"450 Highland St, Boston, MA 02215"
215720,Wired Headphones,1,11.99,06/21/24 08:44,"88 Center St, Atlanta, GA 30301"
215721,Apple Airpods Headphones,1,150,06/04/24 16:22,"800 Willow St, San Francisco, CA 94016"
215722,AAA Batteries (4-pack),2,2.99,06/16/24 14:56,"147 14th St, New York City, NY 10001"
215723,Flatscreen TV,1,300,06/07/24 15:22,"693 Forest St, New York City, NY 10001"
215724,Wired Headphones,1,11.99,06/16/24 16:00,"398 Center St, Austin, TX 73301"
215725,Wired Headphones,1,11.99,06/15/24 19:39,"153 Church St, Seattle, WA 98101"
215726,34in Ultrawide Monitor,1,379.99,06/13/24 22:48,"747 Meadow St, New York City, NY 10001"
215727,AA Batteries (4-pack),4,3.84,06/14/24 15:07,"404 Cherry St, Los Angeles, CA 90001"
215728,Apple Airpods Headphones,1,150,06/08/24 15:53,"96 7th St, Los Angeles, CA 90001"
215729,Apple Airpods Headphones,1,150,06/20/24 13:22,"163 Washington St, Los Angeles, CA 90001"
215730,Wired Headphones,1,11.99,06/13/24 20:40,"578 Hickory St, Boston, MA 02215"
215731,AAA Batteries (4-pack),1,2.99,06/25/24 08:38,"195 Jefferson St, Dallas, TX 75001"
215732,Apple Airpods Headphones,1,150,06/02/24 16:07,"859 14th St, Seattle, WA 98101"
215733,Flatscreen TV,1,300,06/05/24 13:49,"749 Maple St, San Francisco, CA 94016"
215734,Lightning Charging Cable,1,14.95,06/02/24 12:54,"288 Lakeview St, Austin, TX 73301"
215735,AA Batteries (4-pack),1,3.84,06/24/24 09:43,"604 Washington St, Austin, TX 73301"
215736,27in FHD Monitor,1,149.99,06/09/24 10:17,"601 Wilson St, San Francisco, CA 94016"
215737,USB-C Charging Cable,1,11.95,06/24/24 11:32,"537 Hill St, San Francisco, CA 94016"
215738,USB-C Charging Cable,1,11.95,06/10/24 20:13,"283 Center St, Los Angeles, CA 90001"
215739,27in FHD Monitor,1,149.99,06/09/24 13:34,"646 7th St, Atlanta, GA 30301"
215740,Wired Headphones,1,11.99,06/19/24 19:48,"565 10th St, Atlanta, GA 30301"
215741,Flatscreen TV,1,300,06/03/24 21:06,"791 Willow St, Los Angeles, CA 90001"
215742,Lightning Charging Cable,1,14.95,06/05/24 21:49,"159 Adams St, Los Angeles, CA 90001"
215743,USB-C Charging Cable,1,11.95,06/11/24 08:01,"635 14th St, Dallas, TX 75001"
215744,AAA Batteries (4-pack),2,2.99,06/24/24 10:23,"391 Main St, San Francisco, CA 94016"
215745,Apple Airpods Headphones,1,150,06/07/24 10:36,"31 Washington St, New York City, NY 10001"
215746,Google Phone,1,600,06/16/24 06:29,"818 Forest St, Los Angeles, CA 90001"
215747,AAA Batteries (4-pack),3,2.99,06/30/24 21:24,"988 Maple St, Dallas, TX 75001"
215748,Bose SoundSport Headphones,1,99.99,06/26/24 01:20,"46 Maple St, San Francisco, CA 94016"
215749,27in 4K Gaming Monitor,1,389.99,06/17/24 21:21,"439 River St, Los Angeles, CA 90001"
215750,Apple Airpods Headphones,1,150,06/18/24 22:20,"870 Dogwood St, Seattle, WA 98101"
215751,Macbook Pro Laptop,1,1700,06/02/24 00:03,"604 South St, Seattle, WA 98101"
215752,Flatscreen TV,1,300,06/25/24 11:37,"525 Hickory St, Los Angeles, CA 90001"
215753,AAA Batteries (4-pack),1,2.99,06/26/24 13:37,"524 Jefferson St, San Francisco, CA 94016"
215754,USB-C Charging Cable,1,11.95,06/27/24 19:26,"676 Elm St, San Francisco, CA 94016"
215755,AA Batteries (4-pack),2,3.84,06/16/24 18:50,"860 River St, Atlanta, GA 30301"
215756,27in FHD Monitor,1,149.99,06/15/24 00:36,"629 12th St, New York City, NY 10001"
215757,34in Ultrawide Monitor,1,379.99,06/22/24 17:00,"878 Willow St, Los Angeles, CA 90001"
215758,Flatscreen TV,1,300,06/30/24 21:34,"808 14th St, New York City, NY 10001"
215759,Macbook Pro Laptop,1,1700,06/28/24 22:08,"753 Adams St, Dallas, TX 75001"
215760,AAA Batteries (4-pack),2,2.99,06/13/24 08:04,"162 Jefferson St, San Francisco, CA 94016"
215761,AAA Batteries (4-pack),1,2.99,06/07/24 21:15,"71 12th St, San Francisco, CA 94016"
215762,ThinkPad Laptop,1,999.99,06/07/24 23:41,"272 Wilson St, Atlanta, GA 30301"
215763,Apple Airpods Headphones,1,150,06/20/24 19:08,"677 Lake St, Los Angeles, CA 90001"
215764,27in FHD Monitor,1,149.99,06/16/24 16:06,"492 Park St, Atlanta, GA 30301"
215765,AAA Batteries (4-pack),1,2.99,06/22/24 17:31,"256 9th St, Los Angeles, CA 90001"
215766,Lightning Charging Cable,1,14.95,06/25/24 15:13,"36 Lake St, Austin, TX 73301"
215767,ThinkPad Laptop,1,999.99,06/04/24 18:40,"551 12th St, Austin, TX 73301"
215768,20in Monitor,1,109.99,06/25/24 11:51,"623 12th St, San Francisco, CA 94016"
215769,Apple Airpods Headphones,1,150,06/21/24 12:00,"572 Forest St, Boston, MA 02215"
215770,Apple Airpods Headphones,1,150,06/27/24 00:58,"106 Johnson St, San Francisco, CA 94016"
215771,Bose SoundSport Headphones,1,99.99,06/29/24 13:12,"542 South St, Los Angeles, CA 90001"
215772,Bose SoundSport Headphones,1,99.99,06/21/24 12:11,"649 Park St, Austin, TX 73301"
215773,Wired Headphones,1,11.99,06/22/24 22:28,"477 Dogwood St, Seattle, WA 98101"
215774,Flatscreen TV,1,300,06/02/24 21:49,"142 Main St, Dallas, TX 75001"
215775,27in 4K Gaming Monitor,1,389.99,06/28/24 06:40,"948 12th St, San Francisco, CA 94016"
215776,Wired Headphones,1,11.99,06/25/24 14:48,"574 Ridge St, Seattle, WA 98101"
215777,Wired Headphones,1,11.99,06/30/24 21:55,"795 Highland St, New York City, NY 10001"
215778,USB-C Charging Cable,1,11.95,06/21/24 18:51,"477 Hickory St, Portland, OR 97035"
215779,AA Batteries (4-pack),1,3.84,06/12/24 13:07,"139 Adams St, Los Angeles, CA 90001"
215780,Flatscreen TV,1,300,06/30/24 00:41,"525 South St, Atlanta, GA 30301"
215781,Wired Headphones,1,11.99,06/07/24 13:39,"429 Park St, San Francisco, CA 94016"
215782,Wired Headphones,1,11.99,06/22/24 09:06,"507 South St, Dallas, TX 75001"
215783,20in Monitor,1,109.99,06/17/24 19:21,"521 4th St, San Francisco, CA 94016"
215784,Apple Airpods Headphones,1,150,06/27/24 07:00,"525 4th St, San Francisco, CA 94016"
215785,Lightning Charging Cable,1,14.95,06/25/24 14:53,"547 Lincoln St, Los Angeles, CA 90001"
215786,iPhone,1,700,06/06/24 22:38,"870 Chestnut St, Los Angeles, CA 90001"
215787,AA Batteries (4-pack),2,3.84,06/21/24 20:02,"652 West St, San Francisco, CA 94016"
215788,AAA Batteries (4-pack),2,2.99,06/23/24 15:01,"438 4th St, Seattle, WA 98101"
215789,Flatscreen TV,1,300,06/21/24 22:46,"972 Main St, Seattle, WA 98101"
215790,Lightning Charging Cable,1,14.95,06/24/24 11:56,"61 1st St, Seattle, WA 98101"
215791,Lightning Charging Cable,2,14.95,06/26/24 17:31,"150 Cherry St, New York City, NY 10001"
215792,20in Monitor,1,109.99,06/07/24 00:19,"217 River St, San Francisco, CA 94016"
215793,Apple Airpods Headphones,1,150,06/09/24 07:39,"217 Spruce St, San Francisco, CA 94016"
215794,34in Ultrawide Monitor,1,379.99,06/04/24 18:39,"674 9th St, Los Angeles, CA 90001"
215795,Wired Headphones,1,11.99,06/12/24 19:38,"736 2nd St, San Francisco, CA 94016"
215796,Wired Headphones,2,11.99,06/06/24 08:36,"859 Wilson St, San Francisco, CA 94016"
215797,USB-C Charging Cable,1,11.95,06/11/24 21:24,"781 Johnson St, Los Angeles, CA 90001"
215798,Flatscreen TV,1,300,06/14/24 15:14,"566 Ridge St, San Francisco, CA 94016"
215799,Bose SoundSport Headphones,1,99.99,06/12/24 00:54,"568 Jackson St, San Francisco, CA 94016"
215800,Apple Airpods Headphones,1,150,06/15/24 20:33,"967 Highland St, Atlanta, GA 30301"
215801,Wired Headphones,1,11.99,06/10/24 08:27,"716 7th St, Seattle, WA 98101"
215802,Bose SoundSport Headphones,1,99.99,06/13/24 21:05,"451 Lake St, San Francisco, CA 94016"
215803,Bose SoundSport Headphones,1,99.99,06/13/24 12:14,"527 Spruce St, Boston, MA 02215"
215804,20in Monitor,1,109.99,06/20/24 20:25,"634 Hickory St, San Francisco, CA 94016"
215805,AA Batteries (4-pack),1,3.84,06/23/24 23:30,"157 Spruce St, Los Angeles, CA 90001"
215806,Vareebadd Phone,1,400,06/12/24 15:17,"262 Church St, San Francisco, CA 94016"
215807,iPhone,1,700,06/22/24 17:03,"934 10th St, Los Angeles, CA 90001"
215808,Bose SoundSport Headphones,1,99.99,06/08/24 23:49,"984 13th St, San Francisco, CA 94016"
215809,Apple Airpods Headphones,1,150,06/05/24 21:59,"884 Main St, Seattle, WA 98101"
215810,Bose SoundSport Headphones,1,99.99,06/02/24 15:05,"658 North St, San Francisco, CA 94016"
215811,Lightning Charging Cable,1,14.95,06/04/24 16:29,"398 Cherry St, Dallas, TX 75001"
215812,USB-C Charging Cable,1,11.95,06/23/24 00:07,"800 13th St, San Francisco, CA 94016"
215813,27in FHD Monitor,1,149.99,06/25/24 22:24,"674 North St, Austin, TX 73301"
215814,Apple Airpods Headphones,1,150,06/08/24 15:11,"537 Hill St, Portland, OR 97035"
215815,USB-C Charging Cable,1,11.95,06/03/24 09:58,"270 Center St, Boston, MA 02215"
215816,Google Phone,1,600,06/26/24 17:33,"921 Adams St, New York City, NY 10001"
215816,USB-C Charging Cable,1,11.95,06/26/24 17:33,"921 Adams St, New York City, NY 10001"
215817,Apple Airpods Headphones,1,150,06/27/24 18:49,"543 Ridge St, New York City, NY 10001"
215818,Apple Airpods Headphones,1,150,06/07/24 01:03,"606 Meadow St, San Francisco, CA 94016"
215819,27in FHD Monitor,1,149.99,06/11/24 14:22,"666 Dogwood St, Seattle, WA 98101"
215820,27in 4K Gaming Monitor,1,389.99,06/08/24 00:10,"274 12th St, Seattle, WA 98101"
215821,AA Batteries (4-pack),2,3.84,06/07/24 19:31,"35 Johnson St, Atlanta, GA 30301"
215822,Wired Headphones,1,11.99,06/29/24 15:03,"481 North St, Atlanta, GA 30301"
215823,Macbook Pro Laptop,1,1700,06/08/24 14:23,"965 Lake St, Boston, MA 02215"
215824,USB-C Charging Cable,1,11.95,06/29/24 04:38,"277 14th St, Boston, MA 02215"
215825,AA Batteries (4-pack),2,3.84,06/26/24 12:25,"715 Lincoln St, Boston, MA 02215"
215826,Google Phone,1,600,06/05/24 03:53,"946 Maple St, Dallas, TX 75001"
215827,34in Ultrawide Monitor,1,379.99,06/30/24 19:09,"143 10th St, Portland, OR 97035"
215828,27in 4K Gaming Monitor,1,389.99,06/02/24 23:27,"421 Johnson St, Boston, MA 02215"
215829,AA Batteries (4-pack),1,3.84,06/02/24 19:28,"289 4th St, San Francisco, CA 94016"
,,,,,
215830,AAA Batteries (4-pack),1,2.99,06/06/24 09:31,"487 Madison St, Atlanta, GA 30301"
215831,AA Batteries (4-pack),2,3.84,06/03/24 14:39,"276 Lincoln St, San Francisco, CA 94016"
215832,Flatscreen TV,1,300,06/16/24 17:50,"179 Maple St, San Francisco, CA 94016"
215833,34in Ultrawide Monitor,1,379.99,06/15/24 16:06,"822 6th St, San Francisco, CA 94016"
215834,Wired Headphones,1,11.99,06/26/24 09:14,"47 Forest St, Seattle, WA 98101"
215835,Lightning Charging Cable,1,14.95,06/28/24 19:52,"573 Lincoln St, Atlanta, GA 30301"
215836,Macbook Pro Laptop,1,1700,06/08/24 18:44,"70 Park St, Los Angeles, CA 90001"
215837,AA Batteries (4-pack),1,3.84,06/26/24 20:35,"831 12th St, San Francisco, CA 94016"
215838,AAA Batteries (4-pack),1,2.99,06/19/24 20:06,"899 Wilson St, San Francisco, CA 94016"
215839,Wired Headphones,2,11.99,06/30/24 13:56,"726 Cedar St, Boston, MA 02215"
215840,AA Batteries (4-pack),1,3.84,06/05/24 07:53,"742 Ridge St, Boston, MA 02215"
215841,Lightning Charging Cable,1,14.95,06/25/24 18:31,"599 Walnut St, Portland, OR 97035"
215842,Bose SoundSport Headphones,1,99.99,06/25/24 11:48,"268 9th St, Los Angeles, CA 90001"
215843,Vareebadd Phone,1,400,06/28/24 09:26,"774 4th St, New York City, NY 10001"
215843,Wired Headphones,1,11.99,06/28/24 09:26,"774 4th St, New York City, NY 10001"
215844,Flatscreen TV,1,300,06/08/24 13:26,"60 10th St, San Francisco, CA 94016"
215845,AA Batteries (4-pack),1,3.84,06/29/24 06:13,"492 Hill St, San Francisco, CA 94016"
215846,iPhone,1,700,06/23/24 10:37,"563 6th St, San Francisco, CA 94016"
215846,Lightning Charging Cable,1,14.95,06/23/24 10:37,"563 6th St, San Francisco, CA 94016"
215847,34in Ultrawide Monitor,1,379.99,06/28/24 17:35,"763 Dogwood St, Austin, TX 73301"
215848,USB-C Charging Cable,1,11.95,06/18/24 19:17,"696 West St, San Francisco, CA 94016"
215849,USB-C Charging Cable,1,11.95,06/21/24 20:11,"629 Spruce St, Dallas, TX 75001"
215850,Apple Airpods Headphones,1,150,06/29/24 11:34,"957 14th St, San Francisco, CA 94016"
215851,USB-C Charging Cable,1,11.95,06/23/24 07:46,"893 Madison St, San Francisco, CA 94016"
215852,Wired Headphones,1,11.99,06/16/24 15:46,"882 South St, New York City, NY 10001"
215853,Lightning Charging Cable,1,14.95,06/06/24 16:37,"19 10th St, Los Angeles, CA 90001"
215854,USB-C Charging Cable,2,11.95,06/26/24 13:07,"39 12th St, New York City, NY 10001"
215855,AAA Batteries (4-pack),1,2.99,06/29/24 23:28,"366 Main St, Atlanta, GA 30301"
215856,iPhone,1,700,06/28/24 17:23,"530 Meadow St, San Francisco, CA 94016"
215857,Wired Headphones,1,11.99,06/29/24 16:03,"356 9th St, Boston, MA 02215"
215858,Apple Airpods Headphones,1,150,06/12/24 22:23,"262 10th St, Los Angeles, CA 90001"
215859,Lightning Charging Cable,1,14.95,06/30/24 11:38,"694 Spruce St, Dallas, TX 75001"
215860,Lightning Charging Cable,1,14.95,06/06/24 20:32,"387 5th St, Austin, TX 73301"
215861,20in Monitor,1,109.99,06/18/24 09:53,"944 Hill St, Dallas, TX 75001"
215862,27in FHD Monitor,1,149.99,06/12/24 13:31,"204 Willow St, Los Angeles, CA 90001"
215863,20in Monitor,1,109.99,06/05/24 19:51,"154 Washington St, Los Angeles, CA 90001"
215864,27in FHD Monitor,1,149.99,06/21/24 21:50,"222 11th St, San Francisco, CA 94016"
215865,20in Monitor,1,109.99,06/04/24 12:46,"913 Main St, Boston, MA 02215"
215866,34in Ultrawide Monitor,1,379.99,06/14/24 20:20,"496 Park St, Boston, MA 02215"
215867,Bose SoundSport Headphones,1,99.99,06/29/24 00:54,"558 13th St, San Francisco, CA 94016"
215868,Bose SoundSport Headphones,1,99.99,06/16/24 11:42,"699 Lake St, Portland, ME 04101"
215869,Apple Airpods Headphones,1,150,06/19/24 16:12,"245 Lincoln St, New York City, NY 10001"
215870,Wired Headphones,1,11.99,06/24/24 22:56,"617 South St, San Francisco, CA 94016"
215871,USB-C Charging Cable,1,11.95,06/08/24 22:46,"711 9th St, San Francisco, CA 94016"
215872,27in FHD Monitor,1,149.99,06/18/24 14:19,"351 13th St, Los Angeles, CA 90001"
215873,AA Batteries (4-pack),2,3.84,06/14/24 13:28,"130 2nd St, Atlanta, GA 30301"
215874,AA Batteries (4-pack),1,3.84,06/25/24 10:52,"315 Center St, Seattle, WA 98101"
215875,Wired Headphones,2,11.99,06/26/24 17:01,"737 9th St, Atlanta, GA 30301"
215876,Vareebadd Phone,1,400,06/07/24 22:25,"717 11th St, Los Angeles, CA 90001"
215877,LG Washing Machine,1,600.0,06/25/24 18:28,"878 Washington St, San Francisco, CA 94016"
215878,Lightning Charging Cable,1,14.95,06/28/24 12:52,"538 Adams St, Atlanta, GA 30301"
215879,Apple Airpods Headphones,1,150,06/29/24 09:01,"741 Maple St, Los Angeles, CA 90001"
215880,Bose SoundSport Headphones,1,99.99,06/02/24 09:52,"524 Main St, Portland, ME 04101"
215881,AAA Batteries (4-pack),1,2.99,06/29/24 14:56,"490 6th St, Los Angeles, CA 90001"
215882,AA Batteries (4-pack),1,3.84,06/09/24 00:28,"554 Park St, San Francisco, CA 94016"
215883,Apple Airpods Headphones,1,150,06/15/24 21:11,"375 Pine St, Boston, MA 02215"
215884,USB-C Charging Cable,1,11.95,06/17/24 02:21,"236 7th St, Los Angeles, CA 90001"
215885,Apple Airpods Headphones,1,150,06/21/24 07:19,"125 Lake St, Portland, OR 97035"
215886,AA Batteries (4-pack),1,3.84,06/03/24 16:57,"655 Jackson St, Atlanta, GA 30301"
215887,AA Batteries (4-pack),3,3.84,06/14/24 20:28,"542 5th St, Portland, OR 97035"
215888,Wired Headphones,1,11.99,06/12/24 14:18,"673 Johnson St, Los Angeles, CA 90001"
215889,AAA Batteries (4-pack),2,2.99,06/28/24 10:13,"777 13th St, Boston, MA 02215"
215890,AA Batteries (4-pack),1,3.84,06/28/24 21:43,"519 1st St, Los Angeles, CA 90001"
215891,Apple Airpods Headphones,1,150,06/04/24 20:03,"85 9th St, Boston, MA 02215"
215892,34in Ultrawide Monitor,1,379.99,06/24/24 18:23,"962 Lakeview St, San Francisco, CA 94016"
215893,Google Phone,1,600,06/11/24 14:41,"910 Wilson St, San Francisco, CA 94016"
215894,USB-C Charging Cable,1,11.95,06/12/24 19:47,"133 South St, San Francisco, CA 94016"
215895,Vareebadd Phone,1,400,06/07/24 14:48,"837 Elm St, Portland, OR 97035"
215896,Apple Airpods Headphones,1,150,06/04/24 12:36,"719 Johnson St, San Francisco, CA 94016"
215897,USB-C Charging Cable,1,11.95,06/16/24 16:04,"278 Pine St, San Francisco, CA 94016"
215898,USB-C Charging Cable,2,11.95,06/27/24 10:33,"222 Cherry St, San Francisco, CA 94016"
215899,Vareebadd Phone,1,400,06/07/24 15:40,"57 South St, Austin, TX 73301"
215899,Wired Headphones,1,11.99,06/07/24 15:40,"57 South St, Austin, TX 73301"
215900,Bose SoundSport Headphones,1,99.99,06/14/24 14:48,"842 10th St, Boston, MA 02215"
215901,Lightning Charging Cable,1,14.95,06/10/24 20:30,"865 Hill St, New York City, NY 10001"
215902,Lightning Charging Cable,1,14.95,06/25/24 18:27,"269 Cedar St, San Francisco, CA 94016"
215903,USB-C Charging Cable,1,11.95,06/22/24 08:24,"832 West St, Dallas, TX 75001"
215904,Google Phone,1,600,06/20/24 00:33,"611 Walnut St, Atlanta, GA 30301"
215904,Bose SoundSport Headphones,1,99.99,06/20/24 00:33,"611 Walnut St, Atlanta, GA 30301"
215905,AA Batteries (4-pack),2,3.84,06/30/24 11:42,"409 Main St, Los Angeles, CA 90001"
215906,27in 4K Gaming Monitor,1,389.99,06/16/24 11:17,"84 Spruce St, Austin, TX 73301"
215907,iPhone,1,700,06/09/24 19:24,"134 Park St, New York City, NY 10001"
215907,Lightning Charging Cable,1,14.95,06/09/24 19:24,"134 Park St, New York City, NY 10001"
215908,Lightning Charging Cable,1,14.95,06/14/24 15:48,"952 6th St, Dallas, TX 75001"
215909,Macbook Pro Laptop,1,1700,06/09/24 19:14,"377 Hill St, Dallas, TX 75001"
215910,Vareebadd Phone,1,400,06/26/24 11:27,"304 5th St, San Francisco, CA 94016"
215911,34in Ultrawide Monitor,1,379.99,06/12/24 16:34,"633 2nd St, Boston, MA 02215"
215912,ThinkPad Laptop,1,999.99,06/25/24 06:41,"690 12th St, Boston, MA 02215"
215913,USB-C Charging Cable,1,11.95,06/24/24 21:24,"293 4th St, Boston, MA 02215"
215914,Lightning Charging Cable,1,14.95,06/02/24 15:12,"22 Meadow St, Seattle, WA 98101"
215915,Wired Headphones,1,11.99,06/12/24 13:21,"480 Washington St, New York City, NY 10001"
215916,Bose SoundSport Headphones,1,99.99,06/08/24 21:23,"205 Dogwood St, Dallas, TX 75001"
215917,USB-C Charging Cable,1,11.95,06/28/24 14:31,"87 Meadow St, San Francisco, CA 94016"
215918,USB-C Charging Cable,1,11.95,06/02/24 15:13,"981 Church St, Los Angeles, CA 90001"
215919,Lightning Charging Cable,1,14.95,06/16/24 23:46,"902 Center St, Los Angeles, CA 90001"
215920,AAA Batteries (4-pack),1,2.99,06/30/24 10:08,"900 Meadow St, New York City, NY 10001"
215921,USB-C Charging Cable,1,11.95,06/21/24 21:30,"982 North St, Boston, MA 02215"
215922,27in 4K Gaming Monitor,1,389.99,06/23/24 22:45,"586 Meadow St, Boston, MA 02215"
215923,Macbook Pro Laptop,1,1700,06/04/24 20:13,"979 4th St, Boston, MA 02215"
215924,Wired Headphones,1,11.99,06/03/24 17:28,"153 Park St, Boston, MA 02215"
215925,USB-C Charging Cable,1,11.95,06/03/24 21:59,"366 7th St, San Francisco, CA 94016"
215926,Lightning Charging Cable,1,14.95,06/26/24 15:20,"520 10th St, Boston, MA 02215"
215927,Apple Airpods Headphones,1,150,06/05/24 17:01,"807 Maple St, San Francisco, CA 94016"
215928,Wired Headphones,1,11.99,06/19/24 20:51,"947 Main St, Seattle, WA 98101"
215929,AAA Batteries (4-pack),1,2.99,06/18/24 08:58,"618 Meadow St, New York City, NY 10001"
215930,Flatscreen TV,1,300,06/29/24 18:04,"940 Center St, Boston, MA 02215"
215931,iPhone,1,700,06/26/24 17:36,"455 Chestnut St, Portland, OR 97035"
215932,AAA Batteries (4-pack),1,2.99,06/06/24 12:59,"523 Elm St, San Francisco, CA 94016"
215933,AA Batteries (4-pack),2,3.84,06/01/24 09:11,"121 Hill St, Boston, MA 02215"
215934,AAA Batteries (4-pack),2,2.99,06/19/24 11:44,"234 Willow St, Seattle, WA 98101"
215935,Flatscreen TV,1,300,06/28/24 23:14,"380 7th St, Austin, TX 73301"
215936,27in FHD Monitor,1,149.99,06/30/24 18:24,"33 8th St, San Francisco, CA 94016"
215937,Bose SoundSport Headphones,1,99.99,06/03/24 20:21,"433 Walnut St, Atlanta, GA 30301"
215938,Apple Airpods Headphones,1,150,06/23/24 23:38,"11 9th St, New York City, NY 10001"
215939,27in 4K Gaming Monitor,1,389.99,06/06/24 13:52,"951 Hickory St, Boston, MA 02215"
215940,AA Batteries (4-pack),1,3.84,06/10/24 17:00,"295 Ridge St, Boston, MA 02215"
215941,Wired Headphones,1,11.99,06/15/24 10:00,"59 13th St, Dallas, TX 75001"
215942,Google Phone,1,600,06/21/24 19:47,"405 14th St, Los Angeles, CA 90001"
215943,Bose SoundSport Headphones,1,99.99,06/26/24 00:20,"995 7th St, Dallas, TX 75001"
215944,Lightning Charging Cable,1,14.95,06/21/24 01:25,"363 Lakeview St, Los Angeles, CA 90001"
215945,Bose SoundSport Headphones,1,99.99,06/04/24 09:22,"847 Jackson St, Seattle, WA 98101"
215946,iPhone,1,700,06/29/24 19:16,"349 1st St, Los Angeles, CA 90001"
215947,Flatscreen TV,1,300,06/25/24 06:44,"264 Main St, Los Angeles, CA 90001"
215948,Bose SoundSport Headphones,1,99.99,06/25/24 12:41,"761 Jackson St, Dallas, TX 75001"
215949,Lightning Charging Cable,1,14.95,06/18/24 21:31,"819 Johnson St, San Francisco, CA 94016"
215950,Bose SoundSport Headphones,1,99.99,06/26/24 19:33,"403 13th St, Dallas, TX 75001"
215951,AAA Batteries (4-pack),1,2.99,06/12/24 13:27,"335 Willow St, San Francisco, CA 94016"
215952,AA Batteries (4-pack),1,3.84,06/24/24 09:05,"609 Lakeview St, Los Angeles, CA 90001"
215953,Lightning Charging Cable,2,14.95,06/28/24 23:32,"516 Park St, Los Angeles, CA 90001"
215954,AA Batteries (4-pack),1,3.84,06/21/24 19:51,"396 Meadow St, Dallas, TX 75001"
215955,AAA Batteries (4-pack),1,2.99,06/06/24 16:20,"132 13th St, Portland, OR 97035"
215956,AAA Batteries (4-pack),2,2.99,06/15/24 23:53,"756 Ridge St, New York City, NY 10001"
215957,Bose SoundSport Headphones,1,99.99,06/03/24 13:11,"41 West St, Dallas, TX 75001"
215958,Wired Headphones,1,11.99,06/03/24 09:40,"669 2nd St, New York City, NY 10001"
215959,Lightning Charging Cable,1,14.95,06/30/24 13:55,"94 Spruce St, Los Angeles, CA 90001"
215960,AAA Batteries (4-pack),1,2.99,06/02/24 20:46,"748 13th St, San Francisco, CA 94016"
215961,Wired Headphones,1,11.99,06/10/24 07:02,"132 Cherry St, San Francisco, CA 94016"
215962,Apple Airpods Headphones,1,150,06/11/24 16:20,"309 Willow St, San Francisco, CA 94016"
215963,Flatscreen TV,1,300,06/17/24 22:45,"173 Washington St, Los Angeles, CA 90001"
215964,LG Washing Machine,1,600.0,06/19/24 07:05,"23 Johnson St, San Francisco, CA 94016"
215965,Apple Airpods Headphones,1,150,06/15/24 17:32,"627 Lake St, New York City, NY 10001"
215966,AA Batteries (4-pack),1,3.84,06/28/24 21:53,"292 Cherry St, New York City, NY 10001"
215967,Bose SoundSport Headphones,1,99.99,06/05/24 10:31,"647 13th St, San Francisco, CA 94016"
215968,Lightning Charging Cable,1,14.95,06/08/24 09:03,"174 Walnut St, Atlanta, GA 30301"
215969,Lightning Charging Cable,1,14.95,06/23/24 22:08,"177 Madison St, New York City, NY 10001"
215970,Wired Headphones,1,11.99,06/20/24 16:00,"358 2nd St, Los Angeles, CA 90001"
215971,Apple Airpods Headphones,1,150,06/25/24 20:45,"121 Chestnut St, Los Angeles, CA 90001"
215972,Wired Headphones,1,11.99,06/03/24 15:56,"236 9th St, Boston, MA 02215"
215973,Lightning Charging Cable,1,14.95,06/16/24 21:56,"313 Cedar St, Dallas, TX 75001"
215974,Lightning Charging Cable,1,14.95,06/03/24 11:39,"884 4th St, Boston, MA 02215"
215975,Wired Headphones,1,11.99,06/12/24 14:05,"547 Lincoln St, Boston, MA 02215"
215976,Macbook Pro Laptop,1,1700,06/28/24 22:23,"845 Walnut St, Seattle, WA 98101"
215977,27in 4K Gaming Monitor,1,389.99,06/11/24 21:28,"696 Highland St, New York City, NY 10001"
215978,Wired Headphones,1,11.99,06/24/24 22:17,"972 2nd St, San Francisco, CA 94016"
215979,34in Ultrawide Monitor,1,379.99,06/29/24 22:18,"879 4th St, Boston, MA 02215"
215980,USB-C Charging Cable,1,11.95,06/16/24 08:51,"824 10th St, New York City, NY 10001"
215981,Bose SoundSport Headphones,1,99.99,06/10/24 21:44,"282 South St, San Francisco, CA 94016"
215982,Macbook Pro Laptop,1,1700,06/18/24 11:56,"249 Forest St, Los Angeles, CA 90001"
215983,Macbook Pro Laptop,1,1700,06/07/24 19:23,"17 Maple St, Los Angeles, CA 90001"
215984,Flatscreen TV,1,300,06/19/24 12:08,"411 Madison St, San Francisco, CA 94016"
215985,USB-C Charging Cable,1,11.95,06/30/24 20:34,"365 South St, New York City, NY 10001"
215986,USB-C Charging Cable,1,11.95,06/25/24 15:12,"73 6th St, Atlanta, GA 30301"
215987,AA Batteries (4-pack),2,3.84,06/07/24 13:03,"914 Lakeview St, Los Angeles, CA 90001"
215988,AA Batteries (4-pack),1,3.84,06/27/24 14:44,"623 Main St, Atlanta, GA 30301"
215989,USB-C Charging Cable,1,11.95,06/15/24 09:45,"860 Lincoln St, San Francisco, CA 94016"
215990,27in 4K Gaming Monitor,1,389.99,06/02/24 13:53,"575 10th St, San Francisco, CA 94016"
215991,AA Batteries (4-pack),1,3.84,06/17/24 11:41,"937 Lake St, New York City, NY 10001"
215992,Macbook Pro Laptop,1,1700,06/09/24 17:20,"632 13th St, Seattle, WA 98101"
215993,Apple Airpods Headphones,1,150,06/14/24 12:53,"77 Lakeview St, Los Angeles, CA 90001"
215994,Vareebadd Phone,1,400,06/04/24 16:25,"270 West St, Seattle, WA 98101"
215995,Bose SoundSport Headphones,1,99.99,06/15/24 11:47,"289 13th St, San Francisco, CA 94016"
215996,34in Ultrawide Monitor,1,379.99,06/09/24 14:52,"20 1st St, Boston, MA 02215"
215997,Lightning Charging Cable,1,14.95,06/01/24 14:50,"757 Hill St, Los Angeles, CA 90001"
215998,ThinkPad Laptop,1,999.99,06/03/24 09:22,"560 4th St, Atlanta, GA 30301"
215999,34in Ultrawide Monitor,1,379.99,06/01/24 18:55,"237 Wilson St, Atlanta, GA 30301"
216000,27in FHD Monitor,2,149.99,06/09/24 23:22,"235 11th St, Atlanta, GA 30301"
216001,34in Ultrawide Monitor,1,379.99,06/16/24 19:29,"66 West St, San Francisco, CA 94016"
216002,Apple Airpods Headphones,1,150,06/16/24 23:25,"935 Johnson St, San Francisco, CA 94016"
216003,Lightning Charging Cable,1,14.95,06/22/24 09:50,"111 Dogwood St, Portland, OR 97035"
216004,USB-C Charging Cable,1,11.95,06/21/24 12:22,"288 Jackson St, Portland, OR 97035"
216005,Lightning Charging Cable,1,14.95,06/07/24 07:20,"765 Adams St, Atlanta, GA 30301"
216006,27in FHD Monitor,1,149.99,06/20/24 10:51,"504 13th St, San Francisco, CA 94016"
216007,27in FHD Monitor,1,149.99,06/11/24 21:45,"748 Meadow St, San Francisco, CA 94016"
216008,iPhone,1,700,06/06/24 17:06,"358 5th St, Boston, MA 02215"
216009,Lightning Charging Cable,1,14.95,06/10/24 12:42,"399 Madison St, Austin, TX 73301"
216010,iPhone,1,700,06/15/24 12:31,"622 Highland St, Los Angeles, CA 90001"
216011,Macbook Pro Laptop,1,1700,06/19/24 20:12,"444 Maple St, Boston, MA 02215"
216012,Wired Headphones,1,11.99,06/17/24 09:32,"491 Ridge St, San Francisco, CA 94016"
216013,Apple Airpods Headphones,1,150,06/20/24 09:33,"933 4th St, Boston, MA 02215"
216014,AAA Batteries (4-pack),1,2.99,06/26/24 20:49,"370 13th St, San Francisco, CA 94016"
216015,Apple Airpods Headphones,1,150,06/02/24 20:27,"779 Maple St, San Francisco, CA 94016"
216016,AA Batteries (4-pack),1,3.84,06/29/24 14:31,"833 Walnut St, San Francisco, CA 94016"
216017,Wired Headphones,1,11.99,06/10/24 15:41,"556 Highland St, Portland, OR 97035"
216018,Bose SoundSport Headphones,1,99.99,06/04/24 13:06,"848 Adams St, San Francisco, CA 94016"
216019,Macbook Pro Laptop,1,1700,06/08/24 08:54,"986 River St, Boston, MA 02215"
216020,Apple Airpods Headphones,1,150,06/07/24 12:33,"221 12th St, San Francisco, CA 94016"
216021,AAA Batteries (4-pack),1,2.99,06/16/24 18:44,"640 Forest St, Dallas, TX 75001"
216021,Lightning Charging Cable,1,14.95,06/16/24 18:44,"640 Forest St, Dallas, TX 75001"
216022,Bose SoundSport Headphones,1,99.99,06/22/24 14:51,"470 Maple St, San Francisco, CA 94016"
216023,Apple Airpods Headphones,1,150,06/26/24 07:16,"986 West St, Dallas, TX 75001"
216024,USB-C Charging Cable,1,11.95,06/02/24 14:07,"279 7th St, Dallas, TX 75001"
216025,USB-C Charging Cable,1,11.95,06/27/24 16:16,"662 Walnut St, Seattle, WA 98101"
216026,AA Batteries (4-pack),1,3.84,06/09/24 10:38,"228 Elm St, San Francisco, CA 94016"
216027,27in FHD Monitor,1,149.99,06/20/24 09:03,"891 Hickory St, San Francisco, CA 94016"
216028,AAA Batteries (4-pack),1,2.99,06/17/24 12:39,"345 Dogwood St, Boston, MA 02215"
216029,Apple Airpods Headphones,1,150,06/23/24 21:43,"64 Church St, San Francisco, CA 94016"
216030,USB-C Charging Cable,1,11.95,06/19/24 14:48,"859 West St, San Francisco, CA 94016"
216031,AAA Batteries (4-pack),1,2.99,06/05/24 09:22,"800 14th St, Austin, TX 73301"
216032,Lightning Charging Cable,1,14.95,06/04/24 07:39,"548 Center St, Austin, TX 73301"
216033,USB-C Charging Cable,1,11.95,06/01/24 09:17,"955 4th St, Boston, MA 02215"
216034,AA Batteries (4-pack),1,3.84,06/21/24 22:37,"292 Johnson St, Atlanta, GA 30301"
216035,Wired Headphones,1,11.99,06/28/24 17:40,"702 8th St, San Francisco, CA 94016"
216036,Bose SoundSport Headphones,1,99.99,06/05/24 16:19,"56 Johnson St, Boston, MA 02215"
216037,27in FHD Monitor,1,149.99,06/03/24 12:26,"773 Hickory St, Dallas, TX 75001"
216038,Lightning Charging Cable,1,14.95,06/24/24 18:55,"708 Main St, New York City, NY 10001"
216039,34in Ultrawide Monitor,1,379.99,06/07/24 15:18,"667 Spruce St, San Francisco, CA 94016"
216040,Lightning Charging Cable,1,14.95,06/05/24 20:14,"74 Main St, San Francisco, CA 94016"
216041,Apple Airpods Headphones,1,150,06/15/24 13:38,"883 Sunset St, Los Angeles, CA 90001"
216042,USB-C Charging Cable,1,11.95,06/23/24 10:40,"955 Church St, New York City, NY 10001"
216043,Lightning Charging Cable,1,14.95,06/19/24 12:08,"108 Park St, Dallas, TX 75001"
216044,Lightning Charging Cable,1,14.95,06/21/24 19:58,"684 8th St, New York City, NY 10001"
216045,USB-C Charging Cable,1,11.95,06/27/24 16:04,"891 Pine St, San Francisco, CA 94016"
216046,AA Batteries (4-pack),1,3.84,06/27/24 13:23,"665 Wilson St, New York City, NY 10001"
216047,Google Phone,1,600,06/09/24 13:44,"794 10th St, Seattle, WA 98101"
216047,Bose SoundSport Headphones,1,99.99,06/09/24 13:44,"794 10th St, Seattle, WA 98101"
216048,Google Phone,1,600,06/14/24 15:04,"888 Elm St, Los Angeles, CA 90001"
216049,AAA Batteries (4-pack),1,2.99,06/17/24 11:05,"166 Hickory St, New York City, NY 10001"
216050,Wired Headphones,1,11.99,06/06/24 16:01,"237 4th St, San Francisco, CA 94016"
216051,Apple Airpods Headphones,1,150,06/07/24 10:11,"250 12th St, Austin, TX 73301"
216052,Apple Airpods Headphones,1,150,06/15/24 21:19,"435 Spruce St, Los Angeles, CA 90001"
216053,iPhone,1,700,06/03/24 20:34,"777 13th St, Austin, TX 73301"
216054,Apple Airpods Headphones,1,150,06/20/24 22:20,"275 Willow St, Los Angeles, CA 90001"
216055,LG Dryer,1,600.0,06/16/24 11:06,"889 Lincoln St, Boston, MA 02215"
216056,AAA Batteries (4-pack),1,2.99,06/21/24 23:04,"656 Lake St, Los Angeles, CA 90001"
216057,iPhone,1,700,06/30/24 19:06,"328 Jefferson St, New York City, NY 10001"
216058,Vareebadd Phone,1,400,06/30/24 11:00,"91 12th St, New York City, NY 10001"
216059,Macbook Pro Laptop,1,1700,06/04/24 15:17,"373 Meadow St, New York City, NY 10001"
216060,27in FHD Monitor,2,149.99,06/25/24 20:03,"586 6th St, Los Angeles, CA 90001"
216061,USB-C Charging Cable,1,11.95,06/27/24 16:10,"736 Spruce St, New York City, NY 10001"
216062,Macbook Pro Laptop,1,1700,06/17/24 07:04,"201 Lakeview St, New York City, NY 10001"
216063,USB-C Charging Cable,1,11.95,06/01/24 15:40,"31 12th St, Boston, MA 02215"
216064,AA Batteries (4-pack),1,3.84,06/24/24 16:32,"344 13th St, San Francisco, CA 94016"
216065,20in Monitor,1,109.99,06/29/24 17:53,"979 12th St, San Francisco, CA 94016"
216066,Apple Airpods Headphones,1,150,06/29/24 21:38,"815 Church St, Los Angeles, CA 90001"
216067,USB-C Charging Cable,1,11.95,06/25/24 11:00,"972 4th St, San Francisco, CA 94016"
216067,Apple Airpods Headphones,1,150,06/25/24 11:00,"972 4th St, San Francisco, CA 94016"
216068,USB-C Charging Cable,2,11.95,06/30/24 19:32,"944 Lake St, New York City, NY 10001"
216069,AA Batteries (4-pack),2,3.84,06/23/24 17:40,"17 Ridge St, Seattle, WA 98101"
216070,Lightning Charging Cable,1,14.95,06/05/24 22:14,"879 North St, Los Angeles, CA 90001"
216071,AA Batteries (4-pack),2,3.84,06/30/24 12:59,"630 7th St, Portland, OR 97035"
216072,USB-C Charging Cable,1,11.95,06/17/24 06:23,"595 Hill St, Atlanta, GA 30301"
216073,USB-C Charging Cable,1,11.95,06/20/24 17:55,"391 Jefferson St, San Francisco, CA 94016"
216074,AAA Batteries (4-pack),3,2.99,06/10/24 20:32,"297 Maple St, San Francisco, CA 94016"
216075,Wired Headphones,1,11.99,06/08/24 12:43,"832 10th St, Dallas, TX 75001"
216076,27in FHD Monitor,1,149.99,06/17/24 15:10,"952 Spruce St, Atlanta, GA 30301"
216077,USB-C Charging Cable,1,11.95,06/09/24 11:29,"125 8th St, Boston, MA 02215"
216078,Vareebadd Phone,1,400,06/07/24 20:03,"310 Center St, Dallas, TX 75001"
216079,Bose SoundSport Headphones,1,99.99,06/05/24 23:57,"159 North St, New York City, NY 10001"
216080,Lightning Charging Cable,1,14.95,06/12/24 17:26,"61 Elm St, Atlanta, GA 30301"
216081,27in 4K Gaming Monitor,1,389.99,06/05/24 10:07,"616 2nd St, New York City, NY 10001"
216082,iPhone,1,700,06/29/24 17:00,"689 Washington St, Dallas, TX 75001"
216082,Wired Headphones,1,11.99,06/29/24 17:00,"689 Washington St, Dallas, TX 75001"
216083,AA Batteries (4-pack),2,3.84,06/14/24 19:15,"123 9th St, Dallas, TX 75001"
216084,Bose SoundSport Headphones,1,99.99,06/05/24 01:11,"638 Forest St, San Francisco, CA 94016"
216085,Lightning Charging Cable,1,14.95,06/05/24 15:30,"920 Lincoln St, Boston, MA 02215"
216086,USB-C Charging Cable,1,11.95,06/23/24 19:53,"698 Highland St, Boston, MA 02215"
216087,USB-C Charging Cable,1,11.95,06/14/24 07:46,"667 Jefferson St, San Francisco, CA 94016"
216088,Bose SoundSport Headphones,1,99.99,06/29/24 23:31,"940 7th St, San Francisco, CA 94016"
216089,Bose SoundSport Headphones,1,99.99,06/30/24 12:48,"205 Jefferson St, San Francisco, CA 94016"
216090,Macbook Pro Laptop,1,1700,06/11/24 00:31,"53 Johnson St, San Francisco, CA 94016"
216091,Bose SoundSport Headphones,1,99.99,06/13/24 23:19,"603 Ridge St, San Francisco, CA 94016"
216091,Lightning Charging Cable,1,14.95,06/13/24 23:19,"603 Ridge St, San Francisco, CA 94016"
216092,Macbook Pro Laptop,1,1700,06/25/24 14:48,"475 Hill St, San Francisco, CA 94016"
216093,LG Washing Machine,1,600.0,06/12/24 08:40,"918 Forest St, Atlanta, GA 30301"
216094,20in Monitor,1,109.99,06/14/24 14:23,"213 Lakeview St, Boston, MA 02215"
216095,20in Monitor,1,109.99,06/20/24 16:45,"250 Washington St, New York City, NY 10001"
216096,AA Batteries (4-pack),1,3.84,06/29/24 18:38,"848 Johnson St, San Francisco, CA 94016"
216097,USB-C Charging Cable,1,11.95,06/30/24 20:53,"169 Walnut St, San Francisco, CA 94016"
216098,USB-C Charging Cable,1,11.95,06/15/24 18:50,"74 Cedar St, New York City, NY 10001"
216099,Bose SoundSport Headphones,1,99.99,06/21/24 21:40,"461 Madison St, San Francisco, CA 94016"
216100,ThinkPad Laptop,1,999.99,06/15/24 11:54,"614 1st St, Dallas, TX 75001"
216101,Lightning Charging Cable,1,14.95,06/03/24 13:35,"938 Cherry St, Portland, OR 97035"
216102,Lightning Charging Cable,1,14.95,06/14/24 22:58,"801 4th St, Portland, ME 04101"
216103,AA Batteries (4-pack),2,3.84,06/03/24 10:18,"762 Spruce St, Atlanta, GA 30301"
216104,Lightning Charging Cable,2,14.95,06/21/24 21:39,"760 Maple St, Dallas, TX 75001"
216105,USB-C Charging Cable,1,11.95,06/24/24 22:07,"902 Cherry St, Los Angeles, CA 90001"
216106,34in Ultrawide Monitor,1,379.99,06/22/24 13:57,"259 Lincoln St, Dallas, TX 75001"
216107,iPhone,1,700,06/09/24 19:40,"613 Main St, Dallas, TX 75001"
216107,Wired Headphones,1,11.99,06/09/24 19:40,"613 Main St, Dallas, TX 75001"
216108,Google Phone,1,600,06/13/24 00:27,"434 Spruce St, Atlanta, GA 30301"
216109,Bose SoundSport Headphones,1,99.99,06/21/24 18:34,"264 4th St, New York City, NY 10001"
216110,Macbook Pro Laptop,1,1700,06/08/24 16:47,"698 2nd St, Boston, MA 02215"
216111,Google Phone,1,600,06/28/24 08:38,"962 Washington St, Dallas, TX 75001"
216112,Lightning Charging Cable,1,14.95,06/01/24 09:28,"752 Spruce St, New York City, NY 10001"
216113,Apple Airpods Headphones,1,150,06/27/24 22:12,"652 Wilson St, Portland, OR 97035"
216114,Wired Headphones,1,11.99,06/13/24 16:33,"358 Center St, San Francisco, CA 94016"
216114,AAA Batteries (4-pack),1,2.99,06/13/24 16:33,"358 Center St, San Francisco, CA 94016"
216115,Lightning Charging Cable,1,14.95,06/10/24 00:40,"94 Dogwood St, Los Angeles, CA 90001"
216116,iPhone,1,700,06/29/24 13:23,"384 Forest St, New York City, NY 10001"
216117,Lightning Charging Cable,1,14.95,06/18/24 14:37,"593 North St, Los Angeles, CA 90001"
216118,Apple Airpods Headphones,1,150,06/05/24 21:34,"79 Adams St, Los Angeles, CA 90001"
216119,AAA Batteries (4-pack),1,2.99,06/19/24 08:59,"105 Johnson St, Dallas, TX 75001"
216120,AAA Batteries (4-pack),1,2.99,06/20/24 12:52,"264 Lincoln St, Austin, TX 73301"
216121,Bose SoundSport Headphones,1,99.99,06/11/24 15:38,"505 Park St, Atlanta, GA 30301"
216122,AA Batteries (4-pack),1,3.84,06/16/24 22:15,"313 Maple St, San Francisco, CA 94016"
216123,Google Phone,1,600,06/19/24 16:50,"86 Maple St, Los Angeles, CA 90001"
216124,AA Batteries (4-pack),1,3.84,06/06/24 00:12,"221 1st St, Portland, OR 97035"
216125,20in Monitor,1,109.99,06/29/24 14:12,"87 Dogwood St, New York City, NY 10001"
216126,Wired Headphones,1,11.99,06/29/24 07:53,"3 12th St, New York City, NY 10001"
216126,Wired Headphones,1,11.99,06/29/24 07:53,"3 12th St, New York City, NY 10001"
216127,Flatscreen TV,1,300,06/15/24 12:22,"27 Church St, San Francisco, CA 94016"
216128,USB-C Charging Cable,1,11.95,06/14/24 15:21,"749 8th St, Boston, MA 02215"
216129,Apple Airpods Headphones,1,150,06/21/24 16:30,"802 6th St, Los Angeles, CA 90001"
216130,Apple Airpods Headphones,1,150,06/19/24 17:26,"252 Center St, Boston, MA 02215"
216131,Apple Airpods Headphones,1,150,06/10/24 21:57,"574 Willow St, Dallas, TX 75001"
216132,Wired Headphones,1,11.99,06/18/24 18:52,"254 Forest St, San Francisco, CA 94016"
216133,USB-C Charging Cable,1,11.95,06/15/24 13:35,"3 Park St, Seattle, WA 98101"
216134,Vareebadd Phone,1,400,06/02/24 10:05,"865 Lakeview St, Dallas, TX 75001"
216135,Bose SoundSport Headphones,1,99.99,06/26/24 14:52,"769 North St, Boston, MA 02215"
216136,Lightning Charging Cable,1,14.95,06/08/24 10:10,"429 Maple St, Dallas, TX 75001"
216137,Apple Airpods Headphones,1,150,06/26/24 13:34,"363 Elm St, New York City, NY 10001"
216138,Wired Headphones,1,11.99,06/08/24 22:53,"882 South St, San Francisco, CA 94016"
216139,USB-C Charging Cable,1,11.95,06/06/24 17:15,"707 Center St, Seattle, WA 98101"
216140,AAA Batteries (4-pack),1,2.99,06/09/24 15:57,"532 Cedar St, Boston, MA 02215"
216141,USB-C Charging Cable,1,11.95,06/16/24 14:58,"477 Wilson St, Atlanta, GA 30301"
216142,USB-C Charging Cable,1,11.95,06/29/24 09:06,"474 Cherry St, Dallas, TX 75001"
216143,Bose SoundSport Headphones,1,99.99,06/20/24 09:25,"196 River St, Los Angeles, CA 90001"
216144,Wired Headphones,1,11.99,06/03/24 08:50,"591 4th St, Los Angeles, CA 90001"
216145,27in FHD Monitor,1,149.99,06/14/24 22:41,"460 Center St, San Francisco, CA 94016"
216146,AA Batteries (4-pack),1,3.84,06/07/24 08:53,"905 Meadow St, Dallas, TX 75001"
216147,Google Phone,1,600,06/26/24 23:08,"71 10th St, San Francisco, CA 94016"
216148,27in 4K Gaming Monitor,1,389.99,06/05/24 18:33,"456 North St, Los Angeles, CA 90001"
216149,AA Batteries (4-pack),1,3.84,06/19/24 06:34,"113 Lincoln St, Boston, MA 02215"
216150,Flatscreen TV,1,300,06/18/24 19:38,"18 Cedar St, Dallas, TX 75001"
216151,Macbook Pro Laptop,1,1700,06/17/24 06:51,"786 Spruce St, Atlanta, GA 30301"
216152,USB-C Charging Cable,1,11.95,06/26/24 20:16,"842 Jefferson St, Atlanta, GA 30301"
216153,AA Batteries (4-pack),1,3.84,06/24/24 18:13,"439 Highland St, San Francisco, CA 94016"
216154,27in 4K Gaming Monitor,1,389.99,06/15/24 13:55,"615 Sunset St, Atlanta, GA 30301"
216155,Bose SoundSport Headphones,1,99.99,06/17/24 20:21,"582 Lake St, San Francisco, CA 94016"
216156,AAA Batteries (4-pack),1,2.99,06/03/24 08:41,"665 Jackson St, San Francisco, CA 94016"
216157,Bose SoundSport Headphones,1,99.99,06/09/24 19:51,"999 5th St, Los Angeles, CA 90001"
216158,Apple Airpods Headphones,1,150,06/17/24 18:21,"709 Ridge St, New York City, NY 10001"
216159,Google Phone,1,600,06/05/24 12:26,"212 6th St, Los Angeles, CA 90001"
216159,Wired Headphones,2,11.99,06/05/24 12:26,"212 6th St, Los Angeles, CA 90001"
216160,USB-C Charging Cable,1,11.95,06/05/24 17:11,"838 12th St, San Francisco, CA 94016"
216161,Apple Airpods Headphones,2,150,06/01/24 12:51,"676 Lincoln St, Atlanta, GA 30301"
216162,34in Ultrawide Monitor,1,379.99,06/23/24 09:49,"671 11th St, Los Angeles, CA 90001"
216163,27in FHD Monitor,1,149.99,06/26/24 15:48,"169 6th St, Portland, OR 97035"
216164,Flatscreen TV,1,300,06/27/24 15:00,"575 Washington St, Austin, TX 73301"
216165,Wired Headphones,1,11.99,06/14/24 14:16,"956 Spruce St, Los Angeles, CA 90001"
216166,AA Batteries (4-pack),1,3.84,06/21/24 12:19,"776 Ridge St, New York City, NY 10001"
216167,AA Batteries (4-pack),3,3.84,06/15/24 16:52,"478 Hickory St, Portland, OR 97035"
216168,Wired Headphones,2,11.99,06/23/24 09:09,"1 Hickory St, Los Angeles, CA 90001"
216169,Apple Airpods Headphones,1,150,06/19/24 01:47,"288 7th St, New York City, NY 10001"
216170,AA Batteries (4-pack),1,3.84,06/21/24 13:50,"3 Dogwood St, Boston, MA 02215"
216171,Apple Airpods Headphones,1,150,06/10/24 14:52,"591 North St, Los Angeles, CA 90001"
216172,USB-C Charging Cable,1,11.95,06/12/24 18:48,"836 Willow St, Seattle, WA 98101"
216173,iPhone,1,700,06/13/24 17:03,"340 Willow St, Seattle, WA 98101"
216174,Wired Headphones,1,11.99,06/08/24 00:53,"823 Highland St, Austin, TX 73301"
216175,27in 4K Gaming Monitor,1,389.99,06/13/24 20:00,"287 10th St, San Francisco, CA 94016"
216176,20in Monitor,1,109.99,06/03/24 11:21,"117 North St, Dallas, TX 75001"
216177,AAA Batteries (4-pack),1,2.99,06/30/24 11:33,"853 9th St, New York City, NY 10001"
216178,AAA Batteries (4-pack),1,2.99,06/05/24 18:20,"917 Meadow St, San Francisco, CA 94016"
216179,20in Monitor,1,109.99,06/26/24 00:29,"111 Lakeview St, Dallas, TX 75001"
216179,Wired Headphones,2,11.99,06/26/24 00:29,"111 Lakeview St, Dallas, TX 75001"
216180,Lightning Charging Cable,1,14.95,06/28/24 09:50,"205 Cedar St, Portland, ME 04101"
216181,AA Batteries (4-pack),3,3.84,06/20/24 15:16,"864 River St, Boston, MA 02215"
216182,27in FHD Monitor,1,149.99,06/24/24 15:53,"85 Adams St, Los Angeles, CA 90001"
216183,Wired Headphones,1,11.99,06/28/24 09:10,"9 Ridge St, Los Angeles, CA 90001"
216184,27in FHD Monitor,1,149.99,06/12/24 04:32,"753 7th St, San Francisco, CA 94016"
216185,Lightning Charging Cable,1,14.95,06/24/24 12:20,"904 5th St, Portland, ME 04101"
216186,AA Batteries (4-pack),1,3.84,06/21/24 23:11,"556 Maple St, Los Angeles, CA 90001"
216187,Wired Headphones,1,11.99,06/29/24 20:32,"765 11th St, Los Angeles, CA 90001"
216188,Lightning Charging Cable,1,14.95,06/10/24 19:15,"225 7th St, Austin, TX 73301"
216189,iPhone,1,700,06/05/24 22:16,"911 Highland St, Los Angeles, CA 90001"
216190,27in FHD Monitor,1,149.99,06/14/24 14:50,"403 8th St, New York City, NY 10001"
216191,Apple Airpods Headphones,1,150,06/21/24 13:49,"633 Sunset St, Atlanta, GA 30301"
216192,27in FHD Monitor,1,149.99,06/19/24 15:16,"707 Washington St, Seattle, WA 98101"
216193,Bose SoundSport Headphones,1,99.99,06/20/24 00:17,"962 Washington St, Dallas, TX 75001"
216194,34in Ultrawide Monitor,1,379.99,06/17/24 11:07,"7 Spruce St, Los Angeles, CA 90001"
216195,iPhone,1,700,06/23/24 13:04,"256 Jackson St, Seattle, WA 98101"
216196,20in Monitor,1,109.99,06/04/24 16:32,"991 Adams St, San Francisco, CA 94016"
216197,Lightning Charging Cable,1,14.95,06/02/24 20:15,"362 Adams St, Portland, OR 97035"
216198,iPhone,1,700,06/16/24 18:27,"777 5th St, Boston, MA 02215"
216198,Apple Airpods Headphones,1,150,06/16/24 18:27,"777 5th St, Boston, MA 02215"
216199,AAA Batteries (4-pack),1,2.99,06/30/24 13:08,"783 Adams St, New York City, NY 10001"
216200,iPhone,1,700,06/05/24 11:24,"886 9th St, San Francisco, CA 94016"
216201,USB-C Charging Cable,1,11.95,06/18/24 14:17,"961 North St, Los Angeles, CA 90001"
216202,AAA Batteries (4-pack),1,2.99,06/04/24 16:05,"72 Hickory St, Portland, OR 97035"
216203,Macbook Pro Laptop,1,1700,06/28/24 10:46,"581 Cedar St, Los Angeles, CA 90001"
216204,ThinkPad Laptop,1,999.99,06/19/24 08:29,"556 Willow St, Boston, MA 02215"
216205,AA Batteries (4-pack),1,3.84,06/29/24 12:34,"691 Park St, Los Angeles, CA 90001"
216206,27in 4K Gaming Monitor,1,389.99,06/15/24 13:21,"602 Lincoln St, Austin, TX 73301"
216207,Lightning Charging Cable,2,14.95,06/05/24 09:48,"506 Maple St, San Francisco, CA 94016"
216208,34in Ultrawide Monitor,1,379.99,06/27/24 12:01,"66 Church St, New York City, NY 10001"
216209,20in Monitor,1,109.99,06/14/24 09:37,"141 Cedar St, Atlanta, GA 30301"
216210,AA Batteries (4-pack),2,3.84,06/19/24 15:11,"187 Dogwood St, San Francisco, CA 94016"
216211,Wired Headphones,1,11.99,06/27/24 19:34,"677 Highland St, New York City, NY 10001"
216212,USB-C Charging Cable,1,11.95,06/02/24 12:01,"201 Cherry St, Los Angeles, CA 90001"
216213,Lightning Charging Cable,1,14.95,06/10/24 13:15,"792 Walnut St, New York City, NY 10001"
216214,AA Batteries (4-pack),1,3.84,06/18/24 19:01,"368 4th St, New York City, NY 10001"
216215,Wired Headphones,1,11.99,06/12/24 09:06,"613 Elm St, San Francisco, CA 94016"
216216,AA Batteries (4-pack),1,3.84,06/21/24 18:12,"742 1st St, Seattle, WA 98101"
216217,Wired Headphones,1,11.99,06/02/24 12:18,"316 13th St, Austin, TX 73301"
216218,AA Batteries (4-pack),1,3.84,06/24/24 05:36,"937 Madison St, Dallas, TX 75001"
216219,AAA Batteries (4-pack),1,2.99,06/14/24 17:38,"459 7th St, Austin, TX 73301"
216220,AA Batteries (4-pack),2,3.84,06/21/24 07:43,"497 Wilson St, San Francisco, CA 94016"
216221,Wired Headphones,1,11.99,06/01/24 20:43,"933 12th St, Dallas, TX 75001"
216222,USB-C Charging Cable,1,11.95,06/27/24 12:20,"771 13th St, San Francisco, CA 94016"
216223,AAA Batteries (4-pack),1,2.99,06/21/24 14:48,"563 8th St, San Francisco, CA 94016"
216224,Lightning Charging Cable,1,14.95,06/21/24 14:40,"337 Highland St, San Francisco, CA 94016"
216225,AAA Batteries (4-pack),1,2.99,06/12/24 17:18,"481 14th St, Los Angeles, CA 90001"
216226,Wired Headphones,1,11.99,06/16/24 13:08,"270 Church St, San Francisco, CA 94016"
216227,Flatscreen TV,1,300,06/10/24 14:09,"19 Wilson St, San Francisco, CA 94016"
216228,27in FHD Monitor,1,149.99,06/30/24 18:50,"88 Main St, Los Angeles, CA 90001"
216229,AA Batteries (4-pack),2,3.84,06/12/24 09:31,"182 Madison St, Atlanta, GA 30301"
216230,Bose SoundSport Headphones,1,99.99,06/09/24 21:45,"975 Walnut St, Los Angeles, CA 90001"
216231,USB-C Charging Cable,1,11.95,06/14/24 15:50,"394 Jackson St, San Francisco, CA 94016"
216232,AAA Batteries (4-pack),1,2.99,06/13/24 14:04,"336 Highland St, San Francisco, CA 94016"
216233,34in Ultrawide Monitor,1,379.99,06/01/24 17:20,"528 Cedar St, Boston, MA 02215"
216234,Lightning Charging Cable,1,14.95,06/14/24 13:09,"921 13th St, San Francisco, CA 94016"
216235,Macbook Pro Laptop,1,1700,06/21/24 22:12,"162 Cherry St, San Francisco, CA 94016"
216236,USB-C Charging Cable,1,11.95,06/10/24 02:11,"195 Jackson St, Seattle, WA 98101"
216237,AA Batteries (4-pack),1,3.84,06/20/24 15:28,"21 12th St, San Francisco, CA 94016"
216238,Apple Airpods Headphones,1,150,06/15/24 23:34,"568 Johnson St, Atlanta, GA 30301"
216239,27in FHD Monitor,1,149.99,06/29/24 20:12,"632 Dogwood St, Boston, MA 02215"
216240,AA Batteries (4-pack),1,3.84,06/10/24 00:05,"388 Wilson St, Los Angeles, CA 90001"
216241,Bose SoundSport Headphones,1,99.99,06/28/24 14:16,"163 Elm St, San Francisco, CA 94016"
216242,27in 4K Gaming Monitor,1,389.99,06/29/24 12:09,"621 Spruce St, Los Angeles, CA 90001"
216243,AAA Batteries (4-pack),1,2.99,06/04/24 14:58,"406 Elm St, Los Angeles, CA 90001"
216244,27in FHD Monitor,1,149.99,06/16/24 14:50,"272 4th St, San Francisco, CA 94016"
216245,ThinkPad Laptop,1,999.99,06/14/24 22:13,"299 Cedar St, New York City, NY 10001"
216246,Vareebadd Phone,1,400,06/19/24 00:03,"110 Washington St, San Francisco, CA 94016"
216247,27in FHD Monitor,1,149.99,06/23/24 19:30,"668 8th St, San Francisco, CA 94016"
216248,27in 4K Gaming Monitor,1,389.99,06/16/24 20:42,"994 Wilson St, Los Angeles, CA 90001"
216248,Apple Airpods Headphones,1,150,06/16/24 20:42,"994 Wilson St, Los Angeles, CA 90001"
216249,Wired Headphones,1,11.99,06/15/24 20:16,"318 14th St, Dallas, TX 75001"
216250,Bose SoundSport Headphones,1,99.99,06/05/24 15:57,"605 2nd St, San Francisco, CA 94016"
216251,Apple Airpods Headphones,1,150,06/08/24 20:50,"813 Dogwood St, Los Angeles, CA 90001"
216252,Google Phone,1,600,06/21/24 09:19,"695 Cedar St, Los Angeles, CA 90001"
216253,AAA Batteries (4-pack),1,2.99,06/13/24 08:35,"380 1st St, Austin, TX 73301"
216254,Flatscreen TV,1,300,06/21/24 21:19,"217 Lincoln St, Los Angeles, CA 90001"
216255,USB-C Charging Cable,1,11.95,06/12/24 11:11,"212 Main St, Austin, TX 73301"
216256,ThinkPad Laptop,1,999.99,06/18/24 02:05,"865 Ridge St, Los Angeles, CA 90001"
216257,Lightning Charging Cable,1,14.95,06/20/24 17:47,"83 Center St, San Francisco, CA 94016"
216258,Wired Headphones,1,11.99,06/08/24 19:29,"374 8th St, Dallas, TX 75001"
216259,Wired Headphones,1,11.99,06/15/24 16:29,"371 Church St, San Francisco, CA 94016"
216260,Wired Headphones,1,11.99,06/08/24 14:40,"94 Willow St, San Francisco, CA 94016"
216261,AAA Batteries (4-pack),1,2.99,06/15/24 07:59,"514 Adams St, San Francisco, CA 94016"
216262,34in Ultrawide Monitor,1,379.99,06/30/24 22:12,"486 River St, San Francisco, CA 94016"
216263,Wired Headphones,1,11.99,06/19/24 23:46,"937 Wilson St, Portland, OR 97035"
216264,iPhone,1,700,06/29/24 20:22,"392 Church St, Dallas, TX 75001"
216265,Wired Headphones,1,11.99,06/03/24 17:01,"100 Jefferson St, Dallas, TX 75001"
216266,AA Batteries (4-pack),2,3.84,06/06/24 18:32,"225 Washington St, Los Angeles, CA 90001"
216267,Apple Airpods Headphones,1,150,06/26/24 22:10,"884 6th St, Austin, TX 73301"
216268,27in 4K Gaming Monitor,1,389.99,06/12/24 21:41,"14 Cherry St, Portland, OR 97035"
216269,34in Ultrawide Monitor,1,379.99,06/27/24 17:59,"65 Jefferson St, New York City, NY 10001"
216270,Flatscreen TV,1,300,06/18/24 17:48,"334 Lincoln St, Dallas, TX 75001"
216271,Apple Airpods Headphones,1,150,06/28/24 00:26,"117 8th St, San Francisco, CA 94016"
216272,27in 4K Gaming Monitor,1,389.99,06/04/24 09:51,"44 5th St, Seattle, WA 98101"
216273,Apple Airpods Headphones,1,150,06/03/24 20:26,"408 Johnson St, Atlanta, GA 30301"
216274,Bose SoundSport Headphones,1,99.99,06/26/24 22:50,"620 Walnut St, Atlanta, GA 30301"
216275,Lightning Charging Cable,1,14.95,06/15/24 11:50,"482 Cedar St, San Francisco, CA 94016"
216276,Lightning Charging Cable,1,14.95,06/27/24 23:50,"21 Highland St, Atlanta, GA 30301"
216277,Lightning Charging Cable,2,14.95,06/02/24 08:48,"254 Forest St, Los Angeles, CA 90001"
216278,Lightning Charging Cable,1,14.95,06/20/24 18:05,"498 Ridge St, San Francisco, CA 94016"
216279,AA Batteries (4-pack),1,3.84,06/18/24 10:14,"73 10th St, Los Angeles, CA 90001"
216280,27in 4K Gaming Monitor,1,389.99,06/20/24 10:54,"263 Cherry St, Atlanta, GA 30301"
216281,Bose SoundSport Headphones,1,99.99,06/18/24 16:43,"304 Wilson St, Atlanta, GA 30301"
216282,USB-C Charging Cable,1,11.95,06/20/24 17:22,"625 Hill St, Dallas, TX 75001"
216283,Macbook Pro Laptop,1,1700,06/04/24 09:20,"815 Adams St, San Francisco, CA 94016"
216284,Lightning Charging Cable,1,14.95,06/11/24 18:27,"375 Wilson St, San Francisco, CA 94016"
216285,LG Washing Machine,1,600.0,06/20/24 22:55,"410 Spruce St, San Francisco, CA 94016"
216286,20in Monitor,1,109.99,06/06/24 12:00,"194 Pine St, Portland, ME 04101"
216287,Wired Headphones,1,11.99,06/29/24 21:46,"475 14th St, Seattle, WA 98101"
216288,iPhone,1,700,06/28/24 01:49,"736 North St, Boston, MA 02215"
216289,Wired Headphones,1,11.99,06/04/24 15:43,"238 Jackson St, Portland, ME 04101"
216290,27in FHD Monitor,1,149.99,06/30/24 11:46,"956 5th St, Austin, TX 73301"
216291,Apple Airpods Headphones,1,150,06/30/24 05:24,"915 2nd St, San Francisco, CA 94016"
216292,Lightning Charging Cable,1,14.95,06/08/24 17:38,"439 Spruce St, Dallas, TX 75001"
216293,AAA Batteries (4-pack),2,2.99,06/22/24 19:50,"667 Park St, New York City, NY 10001"
216294,Wired Headphones,1,11.99,06/03/24 00:15,"525 West St, Dallas, TX 75001"
216295,USB-C Charging Cable,1,11.95,06/08/24 17:48,"626 Hill St, San Francisco, CA 94016"
216296,Flatscreen TV,1,300,06/25/24 11:55,"445 11th St, Los Angeles, CA 90001"
216297,Bose SoundSport Headphones,1,99.99,06/16/24 13:23,"569 Park St, San Francisco, CA 94016"
216298,USB-C Charging Cable,1,11.95,06/10/24 19:27,"964 8th St, New York City, NY 10001"
216299,AA Batteries (4-pack),1,3.84,06/10/24 19:14,"672 Maple St, Atlanta, GA 30301"
216300,AA Batteries (4-pack),2,3.84,06/27/24 13:21,"931 Hickory St, New York City, NY 10001"
216301,AA Batteries (4-pack),3,3.84,06/07/24 11:11,"702 Madison St, Portland, ME 04101"
216302,iPhone,1,700,06/26/24 16:30,"738 8th St, New York City, NY 10001"
216303,Flatscreen TV,1,300,06/24/24 12:48,"724 12th St, New York City, NY 10001"
216304,AAA Batteries (4-pack),1,2.99,06/02/24 18:39,"434 Madison St, San Francisco, CA 94016"
216305,Bose SoundSport Headphones,1,99.99,06/30/24 05:14,"904 Main St, San Francisco, CA 94016"
216306,Wired Headphones,2,11.99,06/09/24 11:46,"797 Jefferson St, Portland, ME 04101"
216307,Bose SoundSport Headphones,1,99.99,06/12/24 17:39,"260 10th St, San Francisco, CA 94016"
216308,AA Batteries (4-pack),1,3.84,06/22/24 13:05,"809 14th St, New York City, NY 10001"
216309,Apple Airpods Headphones,1,150,06/09/24 15:05,"708 Elm St, San Francisco, CA 94016"
216310,Flatscreen TV,1,300,06/23/24 22:52,"120 Jackson St, Portland, OR 97035"
216311,USB-C Charging Cable,1,11.95,06/13/24 07:37,"95 Madison St, Los Angeles, CA 90001"
216312,27in 4K Gaming Monitor,1,389.99,06/22/24 16:02,"817 Church St, Boston, MA 02215"
216313,34in Ultrawide Monitor,1,379.99,06/20/24 10:48,"881 Pine St, Portland, OR 97035"
216314,27in 4K Gaming Monitor,1,389.99,06/29/24 20:37,"300 Willow St, Seattle, WA 98101"
216315,20in Monitor,1,109.99,06/15/24 15:48,"430 Meadow St, Los Angeles, CA 90001"
216316,Macbook Pro Laptop,1,1700,06/07/24 18:41,"564 Lincoln St, Dallas, TX 75001"
216317,AA Batteries (4-pack),1,3.84,06/02/24 12:43,"997 Wilson St, Austin, TX 73301"
216318,Macbook Pro Laptop,1,1700,06/27/24 09:16,"805 Sunset St, Los Angeles, CA 90001"
216319,Bose SoundSport Headphones,1,99.99,06/24/24 11:48,"946 7th St, Dallas, TX 75001"
216320,AAA Batteries (4-pack),1,2.99,06/27/24 19:11,"929 Main St, San Francisco, CA 94016"
216321,USB-C Charging Cable,1,11.95,06/19/24 16:11,"586 Wilson St, Seattle, WA 98101"
216321,USB-C Charging Cable,1,11.95,06/19/24 16:11,"586 Wilson St, Seattle, WA 98101"
216322,Lightning Charging Cable,1,14.95,06/19/24 13:57,"673 8th St, Seattle, WA 98101"
216323,Flatscreen TV,1,300,06/28/24 11:53,"606 Adams St, Los Angeles, CA 90001"
216324,34in Ultrawide Monitor,1,379.99,06/01/24 23:47,"785 Lincoln St, Boston, MA 02215"
216325,AAA Batteries (4-pack),1,2.99,06/14/24 05:58,"485 10th St, Boston, MA 02215"
216326,AAA Batteries (4-pack),1,2.99,06/18/24 20:59,"162 Main St, Los Angeles, CA 90001"
216327,USB-C Charging Cable,1,11.95,06/17/24 14:14,"504 Willow St, Portland, OR 97035"
216328,Lightning Charging Cable,1,14.95,06/07/24 03:04,"343 North St, Dallas, TX 75001"
216329,27in FHD Monitor,1,149.99,06/18/24 22:33,"578 Cherry St, Atlanta, GA 30301"
216330,Lightning Charging Cable,1,14.95,06/07/24 09:57,"988 Chestnut St, Dallas, TX 75001"
216331,20in Monitor,1,109.99,06/18/24 18:16,"688 Main St, Atlanta, GA 30301"
216332,AA Batteries (4-pack),1,3.84,06/07/24 16:27,"720 7th St, New York City, NY 10001"
216333,AAA Batteries (4-pack),1,2.99,06/20/24 14:21,"662 Willow St, Seattle, WA 98101"
216334,Flatscreen TV,1,300,06/15/24 14:27,"596 12th St, New York City, NY 10001"
216335,34in Ultrawide Monitor,1,379.99,06/25/24 20:24,"995 Chestnut St, New York City, NY 10001"
216336,20in Monitor,1,109.99,06/04/24 22:06,"661 Pine St, San Francisco, CA 94016"
216337,Google Phone,1,600,06/23/24 19:04,"348 South St, Los Angeles, CA 90001"
216337,USB-C Charging Cable,1,11.95,06/23/24 19:04,"348 South St, Los Angeles, CA 90001"
216338,Wired Headphones,1,11.99,06/02/24 18:49,"583 6th St, Boston, MA 02215"
216339,USB-C Charging Cable,1,11.95,06/25/24 09:59,"617 Ridge St, Dallas, TX 75001"
216340,Bose SoundSport Headphones,1,99.99,06/28/24 17:20,"570 Dogwood St, San Francisco, CA 94016"
216341,USB-C Charging Cable,2,11.95,06/03/24 05:03,"276 Wilson St, Los Angeles, CA 90001"
216342,Lightning Charging Cable,1,14.95,06/06/24 18:53,"550 Sunset St, Seattle, WA 98101"
216343,Google Phone,1,600,06/13/24 13:39,"43 Sunset St, Austin, TX 73301"
216344,Wired Headphones,1,11.99,06/03/24 09:30,"580 Willow St, Dallas, TX 75001"
216345,Lightning Charging Cable,1,14.95,06/10/24 10:31,"205 4th St, Austin, TX 73301"
216346,Vareebadd Phone,1,400,06/13/24 14:54,"730 7th St, Atlanta, GA 30301"
216347,Google Phone,1,600,06/26/24 10:58,"967 4th St, Seattle, WA 98101"
216348,Lightning Charging Cable,1,14.95,06/06/24 16:48,"577 South St, Seattle, WA 98101"
216349,Lightning Charging Cable,1,14.95,06/03/24 15:22,"444 Walnut St, San Francisco, CA 94016"
216350,USB-C Charging Cable,1,11.95,06/28/24 20:11,"270 Pine St, Dallas, TX 75001"
216351,Wired Headphones,1,11.99,06/26/24 12:14,"180 Hill St, Portland, OR 97035"
216352,Bose SoundSport Headphones,1,99.99,06/16/24 17:39,"28 Adams St, Seattle, WA 98101"
216352,Flatscreen TV,1,300,06/16/24 17:39,"28 Adams St, Seattle, WA 98101"
216353,Lightning Charging Cable,1,14.95,06/07/24 13:47,"181 Pine St, New York City, NY 10001"
216354,Vareebadd Phone,1,400,06/04/24 13:22,"577 Park St, Portland, OR 97035"
216355,iPhone,1,700,06/11/24 22:07,"427 1st St, Dallas, TX 75001"
216356,USB-C Charging Cable,1,11.95,06/11/24 18:17,"12 Center St, Los Angeles, CA 90001"
216357,Macbook Pro Laptop,1,1700,06/26/24 19:16,"447 6th St, Atlanta, GA 30301"
216358,Lightning Charging Cable,2,14.95,06/24/24 21:47,"569 Center St, Los Angeles, CA 90001"
216359,AA Batteries (4-pack),1,3.84,06/18/24 13:08,"701 Center St, San Francisco, CA 94016"
216360,AA Batteries (4-pack),1,3.84,06/07/24 20:47,"67 Cherry St, San Francisco, CA 94016"
216361,Macbook Pro Laptop,1,1700,06/12/24 13:44,"36 Wilson St, San Francisco, CA 94016"
216362,Apple Airpods Headphones,1,150,06/18/24 22:50,"226 Highland St, Dallas, TX 75001"
216363,Lightning Charging Cable,2,14.95,06/26/24 19:26,"472 Center St, San Francisco, CA 94016"
216364,20in Monitor,1,109.99,06/17/24 16:27,"263 Lake St, Los Angeles, CA 90001"
216365,Wired Headphones,2,11.99,06/07/24 17:47,"146 North St, Austin, TX 73301"
216366,Bose SoundSport Headphones,1,99.99,06/15/24 23:01,"439 1st St, Los Angeles, CA 90001"
216367,Apple Airpods Headphones,1,150,06/28/24 19:10,"748 11th St, Boston, MA 02215"
216368,Lightning Charging Cable,1,14.95,06/29/24 06:30,"91 8th St, Portland, OR 97035"
216369,Apple Airpods Headphones,1,150,06/13/24 10:33,"228 Cedar St, Los Angeles, CA 90001"
216370,AAA Batteries (4-pack),2,2.99,06/07/24 01:33,"724 Cherry St, Seattle, WA 98101"
216371,USB-C Charging Cable,1,11.95,06/21/24 16:14,"562 Park St, Los Angeles, CA 90001"
216372,AA Batteries (4-pack),1,3.84,06/22/24 19:58,"715 Jackson St, Dallas, TX 75001"
216373,Bose SoundSport Headphones,1,99.99,06/23/24 14:18,"990 Lake St, Dallas, TX 75001"
216374,27in FHD Monitor,1,149.99,06/17/24 22:21,"245 2nd St, Los Angeles, CA 90001"
216375,AAA Batteries (4-pack),1,2.99,06/20/24 19:28,"148 Walnut St, San Francisco, CA 94016"
216376,AAA Batteries (4-pack),3,2.99,06/05/24 22:39,"928 Lakeview St, New York City, NY 10001"
216377,34in Ultrawide Monitor,1,379.99,06/23/24 22:14,"322 Walnut St, Dallas, TX 75001"
216378,27in FHD Monitor,1,149.99,06/27/24 19:20,"432 Lakeview St, Los Angeles, CA 90001"
216379,Bose SoundSport Headphones,1,99.99,06/10/24 16:52,"516 Madison St, San Francisco, CA 94016"
216380,Wired Headphones,1,11.99,06/04/24 09:45,"843 Johnson St, Los Angeles, CA 90001"
216381,Wired Headphones,1,11.99,06/01/24 15:06,"856 13th St, Portland, OR 97035"
216382,27in FHD Monitor,1,149.99,06/05/24 15:38,"442 10th St, Los Angeles, CA 90001"
216383,Bose SoundSport Headphones,1,99.99,06/06/24 17:46,"193 Lake St, Boston, MA 02215"
216384,20in Monitor,1,109.99,06/02/24 20:55,"801 9th St, Los Angeles, CA 90001"
216385,USB-C Charging Cable,1,11.95,06/13/24 14:27,"586 Sunset St, New York City, NY 10001"
216386,AA Batteries (4-pack),1,3.84,06/19/24 16:16,"108 8th St, Boston, MA 02215"
216387,Lightning Charging Cable,1,14.95,06/14/24 06:50,"142 Park St, Boston, MA 02215"
216388,USB-C Charging Cable,1,11.95,06/16/24 09:03,"530 8th St, San Francisco, CA 94016"
216389,AA Batteries (4-pack),1,3.84,06/27/24 10:19,"132 Main St, New York City, NY 10001"
216390,Bose SoundSport Headphones,1,99.99,06/12/24 20:30,"207 Madison St, Los Angeles, CA 90001"
216391,Wired Headphones,1,11.99,06/12/24 15:26,"630 4th St, Boston, MA 02215"
216392,Flatscreen TV,1,300,06/09/24 14:28,"976 Washington St, New York City, NY 10001"
216393,Lightning Charging Cable,1,14.95,06/28/24 17:33,"427 Hill St, New York City, NY 10001"
216394,Bose SoundSport Headphones,1,99.99,06/02/24 15:09,"952 4th St, San Francisco, CA 94016"
216395,Macbook Pro Laptop,1,1700,06/18/24 12:20,"542 South St, Los Angeles, CA 90001"
216396,AAA Batteries (4-pack),2,2.99,06/09/24 11:18,"547 2nd St, Seattle, WA 98101"
216397,AA Batteries (4-pack),1,3.84,06/13/24 20:53,"304 Wilson St, New York City, NY 10001"
216398,Wired Headphones,1,11.99,06/30/24 11:37,"349 Hill St, Seattle, WA 98101"
216399,AA Batteries (4-pack),1,3.84,06/02/24 13:28,"325 Cedar St, San Francisco, CA 94016"
216400,34in Ultrawide Monitor,1,379.99,06/02/24 11:49,"697 Center St, Boston, MA 02215"
216401,USB-C Charging Cable,1,11.95,06/02/24 15:21,"293 Center St, New York City, NY 10001"
216402,AA Batteries (4-pack),1,3.84,06/18/24 19:11,"573 Highland St, San Francisco, CA 94016"
216403,Lightning Charging Cable,1,14.95,06/25/24 22:34,"169 Elm St, San Francisco, CA 94016"
216404,Wired Headphones,1,11.99,06/19/24 11:06,"532 Lake St, Seattle, WA 98101"
216405,Apple Airpods Headphones,1,150,06/16/24 22:58,"374 Chestnut St, Boston, MA 02215"
216406,Bose SoundSport Headphones,1,99.99,06/29/24 17:25,"196 North St, New York City, NY 10001"
216407,Wired Headphones,1,11.99,06/26/24 12:28,"232 4th St, Los Angeles, CA 90001"
216408,Flatscreen TV,1,300,06/20/24 16:52,"201 11th St, New York City, NY 10001"
216409,Lightning Charging Cable,1,14.95,06/29/24 13:00,"874 Elm St, New York City, NY 10001"
216410,Apple Airpods Headphones,1,150,06/13/24 18:32,"279 2nd St, San Francisco, CA 94016"
216411,Wired Headphones,1,11.99,06/10/24 23:54,"865 Willow St, San Francisco, CA 94016"
216412,Lightning Charging Cable,1,14.95,06/13/24 18:32,"504 Pine St, Portland, OR 97035"
216413,AAA Batteries (4-pack),2,2.99,06/14/24 16:01,"231 South St, New York City, NY 10001"
216414,Lightning Charging Cable,1,14.95,06/29/24 09:02,"522 Hill St, Atlanta, GA 30301"
216415,Bose SoundSport Headphones,1,99.99,06/27/24 22:49,"147 Pine St, San Francisco, CA 94016"
216416,USB-C Charging Cable,1,11.95,06/22/24 09:57,"518 8th St, Atlanta, GA 30301"
216417,iPhone,1,700,06/21/24 20:02,"563 Maple St, Dallas, TX 75001"
216418,Lightning Charging Cable,1,14.95,06/23/24 10:59,"482 North St, San Francisco, CA 94016"
216419,Lightning Charging Cable,1,14.95,06/01/24 18:33,"552 Washington St, New York City, NY 10001"
216420,34in Ultrawide Monitor,1,379.99,06/18/24 22:53,"751 Jefferson St, San Francisco, CA 94016"
216421,Wired Headphones,1,11.99,06/17/24 21:24,"261 12th St, San Francisco, CA 94016"
216422,Lightning Charging Cable,1,14.95,06/27/24 14:21,"534 Church St, San Francisco, CA 94016"
216423,ThinkPad Laptop,1,999.99,06/24/24 12:54,"810 Johnson St, San Francisco, CA 94016"
216424,AA Batteries (4-pack),1,3.84,06/01/24 10:27,"892 Park St, Dallas, TX 75001"
216425,Lightning Charging Cable,1,14.95,06/10/24 19:03,"203 Park St, San Francisco, CA 94016"
216426,Lightning Charging Cable,1,14.95,06/23/24 13:30,"687 Willow St, Boston, MA 02215"
216427,Lightning Charging Cable,1,14.95,06/22/24 19:47,"105 South St, San Francisco, CA 94016"
216428,AA Batteries (4-pack),1,3.84,06/26/24 11:42,"335 8th St, San Francisco, CA 94016"
216429,Wired Headphones,1,11.99,06/26/24 15:53,"260 Hickory St, Boston, MA 02215"
216430,Lightning Charging Cable,1,14.95,06/08/24 13:59,"524 5th St, San Francisco, CA 94016"
216431,Vareebadd Phone,1,400,07/01/24 02:53,"640 Cherry St, Dallas, TX 75001"
216431,Google Phone,1,600,07/01/24 02:53,"640 Cherry St, Dallas, TX 75001"
216432,34in Ultrawide Monitor,1,379.99,06/07/24 17:41,"319 Forest St, Atlanta, GA 30301"
216433,Apple Airpods Headphones,1,150,06/24/24 13:59,"158 4th St, Portland, OR 97035"
216434,Wired Headphones,1,11.99,06/01/24 21:29,"686 7th St, Dallas, TX 75001"
216435,Apple Airpods Headphones,1,150,06/21/24 17:15,"996 Lake St, Los Angeles, CA 90001"
216436,Macbook Pro Laptop,1,1700,06/13/24 17:42,"375 11th St, San Francisco, CA 94016"
216437,27in FHD Monitor,1,149.99,06/10/24 21:35,"32 South St, Boston, MA 02215"
216438,34in Ultrawide Monitor,1,379.99,06/18/24 17:12,"214 Ridge St, New York City, NY 10001"
216439,AA Batteries (4-pack),1,3.84,06/02/24 22:55,"29 1st St, Los Angeles, CA 90001"
216440,Bose SoundSport Headphones,1,99.99,06/25/24 23:08,"897 11th St, Seattle, WA 98101"
216441,AA Batteries (4-pack),3,3.84,06/03/24 23:50,"717 2nd St, San Francisco, CA 94016"
216442,Wired Headphones,1,11.99,06/06/24 13:45,"450 North St, Atlanta, GA 30301"
216443,AAA Batteries (4-pack),3,2.99,06/03/24 19:42,"322 Hickory St, Boston, MA 02215"
216444,Wired Headphones,2,11.99,06/10/24 14:07,"123 5th St, Los Angeles, CA 90001"
216445,USB-C Charging Cable,1,11.95,06/12/24 20:46,"312 Hill St, Portland, OR 97035"
216446,27in FHD Monitor,1,149.99,06/06/24 13:14,"439 Lake St, New York City, NY 10001"
216447,20in Monitor,1,109.99,06/17/24 10:38,"670 Willow St, San Francisco, CA 94016"
216448,27in FHD Monitor,1,149.99,06/08/24 23:08,"265 13th St, Los Angeles, CA 90001"
216449,Wired Headphones,2,11.99,06/04/24 10:09,"652 Cedar St, San Francisco, CA 94016"
216450,AA Batteries (4-pack),1,3.84,06/19/24 15:14,"826 11th St, San Francisco, CA 94016"
216451,AAA Batteries (4-pack),1,2.99,06/19/24 15:27,"899 Ridge St, San Francisco, CA 94016"
216452,20in Monitor,1,109.99,06/24/24 15:31,"883 Jackson St, Atlanta, GA 30301"
216453,AA Batteries (4-pack),1,3.84,06/12/24 13:18,"263 13th St, Austin, TX 73301"
216454,ThinkPad Laptop,1,999.99,06/12/24 09:29,"377 7th St, Portland, OR 97035"
216455,Lightning Charging Cable,1,14.95,06/16/24 00:18,"865 Johnson St, Dallas, TX 75001"
216456,AA Batteries (4-pack),1,3.84,06/29/24 15:06,"340 Adams St, San Francisco, CA 94016"
216457,AAA Batteries (4-pack),1,2.99,06/28/24 19:53,"299 14th St, Seattle, WA 98101"
216458,Flatscreen TV,1,300,06/15/24 14:55,"124 Park St, Atlanta, GA 30301"
216459,Lightning Charging Cable,1,14.95,06/12/24 16:24,"378 Hickory St, San Francisco, CA 94016"
216460,USB-C Charging Cable,1,11.95,06/01/24 17:11,"98 Jefferson St, Los Angeles, CA 90001"
216461,Wired Headphones,1,11.99,06/15/24 10:31,"676 6th St, Dallas, TX 75001"
216462,AA Batteries (4-pack),1,3.84,06/19/24 16:01,"686 8th St, Atlanta, GA 30301"
216463,AA Batteries (4-pack),1,3.84,06/16/24 22:49,"181 11th St, San Francisco, CA 94016"
216464,USB-C Charging Cable,1,11.95,06/14/24 14:54,"19 Jefferson St, Los Angeles, CA 90001"
216465,AA Batteries (4-pack),1,3.84,06/08/24 06:56,"231 Willow St, New York City, NY 10001"
216466,AAA Batteries (4-pack),1,2.99,06/03/24 08:58,"779 Walnut St, Seattle, WA 98101"
216467,Bose SoundSport Headphones,1,99.99,06/08/24 17:48,"844 14th St, Los Angeles, CA 90001"
216468,20in Monitor,1,109.99,06/21/24 12:38,"122 Johnson St, San Francisco, CA 94016"
216469,20in Monitor,1,109.99,06/24/24 19:54,"687 8th St, New York City, NY 10001"
216470,AAA Batteries (4-pack),1,2.99,06/08/24 09:17,"134 14th St, Austin, TX 73301"
216471,Apple Airpods Headphones,1,150,06/24/24 18:43,"42 Dogwood St, Boston, MA 02215"
216472,Bose SoundSport Headphones,1,99.99,06/19/24 19:38,"407 Main St, San Francisco, CA 94016"
216473,Apple Airpods Headphones,1,150,06/24/24 01:22,"452 Ridge St, Los Angeles, CA 90001"
216474,Lightning Charging Cable,1,14.95,06/28/24 09:14,"812 Walnut St, Seattle, WA 98101"
216475,27in FHD Monitor,1,149.99,06/30/24 01:25,"104 Wilson St, San Francisco, CA 94016"
216476,Bose SoundSport Headphones,1,99.99,06/04/24 22:27,"385 6th St, Dallas, TX 75001"
216477,Bose SoundSport Headphones,1,99.99,06/08/24 18:54,"160 Highland St, Dallas, TX 75001"
216478,USB-C Charging Cable,1,11.95,06/17/24 11:29,"118 6th St, New York City, NY 10001"
216479,Apple Airpods Headphones,1,150,06/24/24 03:49,"574 Chestnut St, San Francisco, CA 94016"
216480,Wired Headphones,1,11.99,06/12/24 10:19,"86 Elm St, New York City, NY 10001"
216481,Bose SoundSport Headphones,1,99.99,06/16/24 19:48,"332 North St, Boston, MA 02215"
216482,27in FHD Monitor,1,149.99,06/21/24 18:59,"924 1st St, Seattle, WA 98101"
216483,USB-C Charging Cable,1,11.95,06/03/24 18:35,"839 Meadow St, Boston, MA 02215"
216484,AAA Batteries (4-pack),2,2.99,06/26/24 21:50,"170 8th St, Portland, ME 04101"
216485,iPhone,1,700,06/09/24 14:58,"284 14th St, San Francisco, CA 94016"
216486,USB-C Charging Cable,1,11.95,06/28/24 20:50,"201 West St, Dallas, TX 75001"
216487,Lightning Charging Cable,1,14.95,06/07/24 15:22,"595 Pine St, New York City, NY 10001"
216488,AAA Batteries (4-pack),2,2.99,06/24/24 13:09,"544 Main St, Dallas, TX 75001"
216489,27in FHD Monitor,1,149.99,06/16/24 17:52,"845 7th St, Dallas, TX 75001"
216490,AA Batteries (4-pack),1,3.84,06/13/24 17:59,"753 Jackson St, Dallas, TX 75001"
216491,Bose SoundSport Headphones,1,99.99,06/23/24 08:53,"234 Lake St, San Francisco, CA 94016"
216492,Wired Headphones,1,11.99,06/10/24 15:38,"578 Adams St, Dallas, TX 75001"
216493,27in FHD Monitor,1,149.99,06/02/24 05:12,"636 Hill St, San Francisco, CA 94016"
216494,Bose SoundSport Headphones,1,99.99,06/04/24 13:35,"634 Center St, Dallas, TX 75001"
216495,Apple Airpods Headphones,1,150,06/24/24 06:55,"621 10th St, Portland, ME 04101"
216496,Lightning Charging Cable,1,14.95,06/05/24 17:51,"466 Forest St, Seattle, WA 98101"
216497,Bose SoundSport Headphones,1,99.99,06/01/24 19:59,"752 2nd St, San Francisco, CA 94016"
216498,AAA Batteries (4-pack),1,2.99,06/22/24 11:40,"64 West St, San Francisco, CA 94016"
216499,Apple Airpods Headphones,1,150,06/22/24 15:42,"649 Pine St, Portland, OR 97035"
216500,AA Batteries (4-pack),2,3.84,06/07/24 18:46,"486 8th St, Seattle, WA 98101"
216501,Bose SoundSport Headphones,1,99.99,06/11/24 23:47,"669 Park St, New York City, NY 10001"
216502,AA Batteries (4-pack),3,3.84,06/19/24 15:15,"280 1st St, Atlanta, GA 30301"
216503,AA Batteries (4-pack),1,3.84,06/16/24 05:27,"179 Walnut St, Austin, TX 73301"
216504,AA Batteries (4-pack),1,3.84,06/05/24 07:06,"923 Lincoln St, New York City, NY 10001"
216505,Macbook Pro Laptop,1,1700,06/23/24 19:37,"944 6th St, Los Angeles, CA 90001"
216506,27in FHD Monitor,1,149.99,06/24/24 19:03,"583 13th St, Boston, MA 02215"
216507,27in FHD Monitor,1,149.99,06/14/24 00:33,"751 10th St, San Francisco, CA 94016"
216508,AAA Batteries (4-pack),1,2.99,06/28/24 15:42,"532 Lake St, San Francisco, CA 94016"
216509,34in Ultrawide Monitor,1,379.99,06/26/24 22:27,"879 Washington St, San Francisco, CA 94016"
216510,AA Batteries (4-pack),3,3.84,06/22/24 09:13,"258 Johnson St, Seattle, WA 98101"
216511,Lightning Charging Cable,1,14.95,06/29/24 14:07,"306 Wilson St, San Francisco, CA 94016"
216512,Lightning Charging Cable,1,14.95,06/12/24 17:19,"479 North St, Los Angeles, CA 90001"
216513,Bose SoundSport Headphones,1,99.99,06/02/24 21:52,"324 Center St, New York City, NY 10001"
216514,USB-C Charging Cable,1,11.95,06/03/24 20:56,"73 Sunset St, Dallas, TX 75001"
216515,Bose SoundSport Headphones,1,99.99,06/05/24 21:22,"282 Ridge St, Atlanta, GA 30301"
216516,AA Batteries (4-pack),3,3.84,06/29/24 19:17,"230 14th St, Boston, MA 02215"
216517,Bose SoundSport Headphones,1,99.99,06/06/24 13:02,"762 Lakeview St, San Francisco, CA 94016"
216518,AA Batteries (4-pack),1,3.84,06/26/24 18:08,"862 Forest St, Seattle, WA 98101"
216519,Lightning Charging Cable,1,14.95,06/11/24 18:30,"488 Lincoln St, Dallas, TX 75001"
216520,AAA Batteries (4-pack),1,2.99,06/26/24 17:24,"965 1st St, Boston, MA 02215"
216521,Apple Airpods Headphones,1,150,06/23/24 14:55,"282 Pine St, New York City, NY 10001"
216522,AAA Batteries (4-pack),1,2.99,06/09/24 16:53,"656 Chestnut St, Atlanta, GA 30301"
216523,Lightning Charging Cable,1,14.95,06/18/24 15:58,"731 Forest St, Portland, ME 04101"
216524,ThinkPad Laptop,1,999.99,06/22/24 10:50,"474 Forest St, Seattle, WA 98101"
216525,AA Batteries (4-pack),2,3.84,06/29/24 22:42,"255 9th St, Portland, OR 97035"
216526,Flatscreen TV,1,300,06/07/24 17:28,"944 Ridge St, Los Angeles, CA 90001"
216527,Bose SoundSport Headphones,1,99.99,06/05/24 19:43,"664 Spruce St, Portland, OR 97035"
216528,Wired Headphones,1,11.99,06/08/24 12:50,"498 Ridge St, Boston, MA 02215"
216529,AAA Batteries (4-pack),1,2.99,06/05/24 22:47,"665 Maple St, San Francisco, CA 94016"
216530,USB-C Charging Cable,1,11.95,06/14/24 11:43,"648 Cedar St, Portland, OR 97035"
216531,Apple Airpods Headphones,1,150,06/14/24 09:55,"673 Highland St, Boston, MA 02215"
216532,Lightning Charging Cable,1,14.95,06/22/24 10:30,"268 West St, New York City, NY 10001"
216533,34in Ultrawide Monitor,1,379.99,06/05/24 18:08,"215 Spruce St, San Francisco, CA 94016"
216534,27in 4K Gaming Monitor,1,389.99,06/03/24 18:15,"914 South St, New York City, NY 10001"
216535,Lightning Charging Cable,1,14.95,06/25/24 13:08,"188 11th St, Los Angeles, CA 90001"
216536,AA Batteries (4-pack),1,3.84,06/29/24 18:19,"345 Jackson St, Los Angeles, CA 90001"
216537,Bose SoundSport Headphones,1,99.99,06/28/24 14:54,"860 8th St, New York City, NY 10001"
216538,Macbook Pro Laptop,1,1700,06/06/24 15:17,"936 Willow St, Portland, OR 97035"
216539,AA Batteries (4-pack),2,3.84,06/10/24 21:35,"912 Maple St, Boston, MA 02215"
216540,Bose SoundSport Headphones,1,99.99,06/08/24 21:47,"783 11th St, Los Angeles, CA 90001"
216541,iPhone,1,700,06/15/24 09:23,"373 South St, San Francisco, CA 94016"
216541,Lightning Charging Cable,1,14.95,06/15/24 09:23,"373 South St, San Francisco, CA 94016"
216542,AA Batteries (4-pack),1,3.84,06/26/24 20:35,"549 Park St, San Francisco, CA 94016"
216543,AAA Batteries (4-pack),1,2.99,06/10/24 02:44,"388 Jackson St, San Francisco, CA 94016"
216544,AA Batteries (4-pack),1,3.84,06/11/24 19:05,"302 Madison St, Seattle, WA 98101"
216545,27in 4K Gaming Monitor,1,389.99,06/02/24 23:20,"256 Center St, Seattle, WA 98101"
216546,Bose SoundSport Headphones,1,99.99,06/16/24 20:10,"963 Center St, Portland, OR 97035"
216547,USB-C Charging Cable,1,11.95,06/22/24 14:01,"64 14th St, San Francisco, CA 94016"
216548,Google Phone,1,600,06/17/24 14:50,"128 Cherry St, San Francisco, CA 94016"
216549,34in Ultrawide Monitor,1,379.99,06/01/24 18:46,"958 Lakeview St, San Francisco, CA 94016"
216550,AAA Batteries (4-pack),2,2.99,06/04/24 18:06,"550 Church St, New York City, NY 10001"
216551,Lightning Charging Cable,1,14.95,06/20/24 18:04,"909 1st St, Atlanta, GA 30301"
216552,USB-C Charging Cable,1,11.95,06/18/24 23:26,"133 4th St, San Francisco, CA 94016"
216553,27in 4K Gaming Monitor,1,389.99,06/14/24 10:41,"493 Ridge St, New York City, NY 10001"
216554,27in FHD Monitor,1,149.99,06/19/24 19:57,"72 Cedar St, Los Angeles, CA 90001"
216555,Lightning Charging Cable,1,14.95,06/13/24 14:40,"59 Dogwood St, Portland, OR 97035"
216556,AAA Batteries (4-pack),1,2.99,06/15/24 14:21,"31 Meadow St, San Francisco, CA 94016"
216557,Bose SoundSport Headphones,1,99.99,06/20/24 16:15,"196 4th St, Los Angeles, CA 90001"
216558,AAA Batteries (4-pack),2,2.99,06/07/24 22:03,"96 Johnson St, Los Angeles, CA 90001"
216558,Vareebadd Phone,1,400,06/07/24 22:03,"96 Johnson St, Los Angeles, CA 90001"
216559,20in Monitor,1,109.99,06/07/24 08:57,"861 8th St, New York City, NY 10001"
216560,AAA Batteries (4-pack),2,2.99,06/08/24 19:37,"971 Madison St, New York City, NY 10001"
216561,AA Batteries (4-pack),1,3.84,06/07/24 23:30,"29 2nd St, San Francisco, CA 94016"
216562,27in FHD Monitor,1,149.99,06/18/24 11:44,"526 Cherry St, Seattle, WA 98101"
216563,AA Batteries (4-pack),1,3.84,06/01/24 14:43,"118 Adams St, New York City, NY 10001"
216564,Wired Headphones,1,11.99,06/02/24 14:59,"862 Ridge St, New York City, NY 10001"
216565,AA Batteries (4-pack),1,3.84,06/05/24 09:20,"842 Sunset St, Atlanta, GA 30301"
216566,AAA Batteries (4-pack),1,2.99,06/11/24 08:01,"444 5th St, Portland, OR 97035"
216567,USB-C Charging Cable,1,11.95,06/15/24 12:23,"720 Main St, San Francisco, CA 94016"
216568,Bose SoundSport Headphones,1,99.99,06/15/24 09:18,"420 Hickory St, Los Angeles, CA 90001"
216569,USB-C Charging Cable,1,11.95,06/19/24 19:35,"855 Spruce St, San Francisco, CA 94016"
216570,Google Phone,1,600,06/16/24 18:22,"174 Meadow St, Los Angeles, CA 90001"
216570,USB-C Charging Cable,1,11.95,06/16/24 18:22,"174 Meadow St, Los Angeles, CA 90001"
216570,Bose SoundSport Headphones,1,99.99,06/16/24 18:22,"174 Meadow St, Los Angeles, CA 90001"
216571,Bose SoundSport Headphones,1,99.99,06/02/24 19:43,"280 Lincoln St, Boston, MA 02215"
216572,ThinkPad Laptop,1,999.99,06/27/24 21:10,"644 Walnut St, Dallas, TX 75001"
216573,Wired Headphones,1,11.99,06/28/24 00:42,"327 4th St, Los Angeles, CA 90001"
216574,34in Ultrawide Monitor,1,379.99,06/15/24 16:17,"74 Spruce St, San Francisco, CA 94016"
216575,Bose SoundSport Headphones,1,99.99,06/26/24 00:30,"263 7th St, Dallas, TX 75001"
216576,Wired Headphones,1,11.99,06/13/24 09:29,"163 Center St, New York City, NY 10001"
216577,AAA Batteries (4-pack),2,2.99,06/02/24 10:54,"979 Meadow St, Boston, MA 02215"
216578,Lightning Charging Cable,1,14.95,06/17/24 19:01,"429 Spruce St, New York City, NY 10001"
216579,iPhone,1,700,06/05/24 11:13,"333 Forest St, Los Angeles, CA 90001"
216580,Apple Airpods Headphones,1,150,06/20/24 01:09,"939 Spruce St, New York City, NY 10001"
216581,Vareebadd Phone,1,400,06/19/24 16:51,"942 Park St, New York City, NY 10001"
216582,Lightning Charging Cable,1,14.95,06/28/24 11:50,"316 Wilson St, San Francisco, CA 94016"
216582,AA Batteries (4-pack),1,3.84,06/28/24 11:50,"316 Wilson St, San Francisco, CA 94016"
216583,Lightning Charging Cable,1,14.95,06/09/24 22:35,"293 Chestnut St, Portland, OR 97035"
216584,AA Batteries (4-pack),2,3.84,06/30/24 15:04,"163 Dogwood St, Boston, MA 02215"
216585,Flatscreen TV,1,300,06/05/24 10:41,"970 9th St, Boston, MA 02215"
216586,Lightning Charging Cable,2,14.95,06/10/24 21:44,"379 Dogwood St, New York City, NY 10001"
216587,ThinkPad Laptop,1,999.99,06/15/24 16:42,"409 Cedar St, Portland, OR 97035"
216588,Wired Headphones,1,11.99,06/20/24 01:19,"18 Dogwood St, San Francisco, CA 94016"
216589,Bose SoundSport Headphones,1,99.99,06/06/24 11:05,"798 Highland St, Boston, MA 02215"
216590,Lightning Charging Cable,1,14.95,06/17/24 09:58,"973 7th St, Atlanta, GA 30301"
216591,iPhone,1,700,06/30/24 15:25,"868 Meadow St, New York City, NY 10001"
216592,Bose SoundSport Headphones,1,99.99,06/21/24 17:40,"529 Main St, Atlanta, GA 30301"
216593,Wired Headphones,1,11.99,06/03/24 13:16,"620 12th St, New York City, NY 10001"
216594,USB-C Charging Cable,1,11.95,06/23/24 18:49,"810 Meadow St, Portland, OR 97035"
216595,Wired Headphones,2,11.99,06/05/24 19:28,"419 8th St, New York City, NY 10001"
216596,Bose SoundSport Headphones,1,99.99,06/16/24 15:52,"546 Lake St, New York City, NY 10001"
216597,Wired Headphones,2,11.99,06/09/24 18:32,"901 Center St, Boston, MA 02215"
216598,Lightning Charging Cable,1,14.95,06/26/24 17:04,"561 Church St, Atlanta, GA 30301"
216599,AA Batteries (4-pack),1,3.84,06/01/24 18:27,"857 Forest St, Austin, TX 73301"
216600,AAA Batteries (4-pack),1,2.99,06/01/24 08:33,"871 Sunset St, Los Angeles, CA 90001"
216601,AA Batteries (4-pack),1,3.84,06/15/24 19:15,"382 Center St, Portland, OR 97035"
216602,34in Ultrawide Monitor,1,379.99,06/09/24 21:23,"927 Center St, Boston, MA 02215"
216603,Lightning Charging Cable,1,14.95,06/22/24 19:09,"748 Maple St, Los Angeles, CA 90001"
216604,Vareebadd Phone,1,400,06/01/24 12:35,"226 Church St, Los Angeles, CA 90001"
216605,AA Batteries (4-pack),1,3.84,06/09/24 22:29,"113 Forest St, San Francisco, CA 94016"
216606,Apple Airpods Headphones,1,150,06/19/24 21:15,"884 Hill St, Dallas, TX 75001"
216607,Bose SoundSport Headphones,1,99.99,06/15/24 19:50,"699 5th St, Dallas, TX 75001"
216608,Wired Headphones,1,11.99,06/26/24 18:51,"483 Sunset St, Portland, ME 04101"
216609,AA Batteries (4-pack),1,3.84,06/22/24 10:43,"616 12th St, San Francisco, CA 94016"
216610,AA Batteries (4-pack),2,3.84,06/21/24 15:57,"188 Park St, Los Angeles, CA 90001"
216611,Vareebadd Phone,1,400,06/19/24 18:26,"562 Ridge St, Los Angeles, CA 90001"
216612,iPhone,1,700,06/21/24 06:41,"136 Forest St, Los Angeles, CA 90001"
216613,AA Batteries (4-pack),1,3.84,06/01/24 12:48,"876 Washington St, New York City, NY 10001"
216614,Lightning Charging Cable,1,14.95,06/13/24 20:50,"8 South St, Los Angeles, CA 90001"
216615,27in 4K Gaming Monitor,1,389.99,06/13/24 16:51,"32 Hickory St, Los Angeles, CA 90001"
216616,Lightning Charging Cable,1,14.95,06/18/24 19:52,"848 Willow St, Los Angeles, CA 90001"
216617,20in Monitor,1,109.99,06/01/24 17:32,"840 14th St, New York City, NY 10001"
216618,Lightning Charging Cable,1,14.95,06/25/24 09:07,"246 Park St, New York City, NY 10001"
216619,Flatscreen TV,1,300,06/24/24 17:46,"225 6th St, Portland, OR 97035"
216620,USB-C Charging Cable,1,11.95,06/15/24 23:37,"611 Adams St, Atlanta, GA 30301"
216621,Lightning Charging Cable,1,14.95,06/20/24 14:04,"195 Jefferson St, Portland, ME 04101"
216622,AAA Batteries (4-pack),2,2.99,06/09/24 07:28,"704 Ridge St, Los Angeles, CA 90001"
216623,Wired Headphones,1,11.99,06/21/24 10:12,"612 Cherry St, San Francisco, CA 94016"
216624,Lightning Charging Cable,1,14.95,06/29/24 10:28,"831 5th St, Dallas, TX 75001"
216625,iPhone,1,700,06/12/24 17:14,"960 Maple St, Los Angeles, CA 90001"
216626,AA Batteries (4-pack),1,3.84,06/04/24 22:01,"805 Lake St, Los Angeles, CA 90001"
216627,34in Ultrawide Monitor,1,379.99,06/07/24 04:39,"489 Jackson St, New York City, NY 10001"
216628,34in Ultrawide Monitor,1,379.99,06/28/24 07:53,"774 Highland St, Los Angeles, CA 90001"
216629,Bose SoundSport Headphones,1,99.99,06/12/24 17:31,"501 Madison St, Los Angeles, CA 90001"
216630,Lightning Charging Cable,1,14.95,06/21/24 20:37,"946 4th St, Atlanta, GA 30301"
216631,27in 4K Gaming Monitor,1,389.99,06/08/24 14:28,"93 Ridge St, Los Angeles, CA 90001"
216632,AAA Batteries (4-pack),1,2.99,06/11/24 12:04,"529 1st St, New York City, NY 10001"
216633,Apple Airpods Headphones,1,150,06/05/24 15:16,"768 Hill St, Los Angeles, CA 90001"
216634,iPhone,1,700,06/26/24 15:24,"584 Lincoln St, New York City, NY 10001"
216635,Apple Airpods Headphones,1,150,06/19/24 19:44,"779 Meadow St, Atlanta, GA 30301"
216636,ThinkPad Laptop,1,999.99,06/29/24 11:43,"247 Dogwood St, Boston, MA 02215"
216637,Lightning Charging Cable,1,14.95,06/25/24 18:59,"347 14th St, Dallas, TX 75001"
216638,iPhone,1,700,06/21/24 20:49,"494 Church St, Boston, MA 02215"
216639,Apple Airpods Headphones,1,150,06/29/24 12:24,"666 13th St, Los Angeles, CA 90001"
216640,ThinkPad Laptop,1,999.99,06/06/24 20:32,"467 10th St, Los Angeles, CA 90001"
216641,34in Ultrawide Monitor,1,379.99,06/12/24 11:36,"204 14th St, Boston, MA 02215"
216642,27in FHD Monitor,1,149.99,06/21/24 13:12,"823 Pine St, Boston, MA 02215"
216643,27in 4K Gaming Monitor,1,389.99,06/23/24 11:24,"811 Elm St, Seattle, WA 98101"
216644,Lightning Charging Cable,1,14.95,06/15/24 12:25,"158 Johnson St, New York City, NY 10001"
216645,Apple Airpods Headphones,1,150,06/11/24 11:09,"602 10th St, Portland, OR 97035"
216646,Lightning Charging Cable,1,14.95,06/13/24 11:07,"190 13th St, San Francisco, CA 94016"
216647,Wired Headphones,1,11.99,06/21/24 13:18,"726 Maple St, San Francisco, CA 94016"
216648,USB-C Charging Cable,1,11.95,06/16/24 10:19,"288 Hill St, New York City, NY 10001"
216649,USB-C Charging Cable,1,11.95,06/24/24 13:01,"877 Cherry St, Boston, MA 02215"
216650,USB-C Charging Cable,1,11.95,06/15/24 16:29,"330 9th St, Dallas, TX 75001"
216651,Lightning Charging Cable,1,14.95,06/13/24 20:22,"717 Lake St, Dallas, TX 75001"
216652,Apple Airpods Headphones,1,150,06/01/24 18:51,"226 1st St, Los Angeles, CA 90001"
216653,Wired Headphones,1,11.99,06/01/24 14:42,"841 Willow St, San Francisco, CA 94016"
216654,ThinkPad Laptop,1,999.99,06/09/24 09:54,"33 Church St, San Francisco, CA 94016"
216655,USB-C Charging Cable,1,11.95,06/14/24 12:07,"132 Chestnut St, Portland, OR 97035"
216656,27in 4K Gaming Monitor,1,389.99,06/19/24 15:37,"782 Church St, Los Angeles, CA 90001"
216657,27in 4K Gaming Monitor,1,389.99,06/08/24 22:27,"686 Highland St, Portland, OR 97035"
216658,AA Batteries (4-pack),1,3.84,06/04/24 15:45,"121 14th St, San Francisco, CA 94016"
216659,Bose SoundSport Headphones,1,99.99,06/14/24 17:50,"516 13th St, Seattle, WA 98101"
216660,USB-C Charging Cable,1,11.95,06/20/24 19:58,"16 River St, Boston, MA 02215"
216661,Wired Headphones,2,11.99,06/16/24 11:14,"931 8th St, Austin, TX 73301"
216662,iPhone,1,700,06/02/24 00:58,"902 West St, Atlanta, GA 30301"
216663,Lightning Charging Cable,1,14.95,06/04/24 17:33,"261 South St, Boston, MA 02215"
216664,AAA Batteries (4-pack),1,2.99,06/27/24 19:46,"105 Park St, New York City, NY 10001"
216665,AAA Batteries (4-pack),1,2.99,06/13/24 21:15,"405 Jefferson St, New York City, NY 10001"
216666,USB-C Charging Cable,1,11.95,06/03/24 17:26,"913 Chestnut St, San Francisco, CA 94016"
216667,Macbook Pro Laptop,1,1700,06/18/24 09:53,"538 12th St, Los Angeles, CA 90001"
216668,Wired Headphones,1,11.99,06/01/24 11:16,"170 Walnut St, San Francisco, CA 94016"
216669,AAA Batteries (4-pack),1,2.99,06/09/24 16:40,"666 Cedar St, Portland, OR 97035"
216670,Flatscreen TV,1,300,06/23/24 13:24,"401 2nd St, Atlanta, GA 30301"
216671,USB-C Charging Cable,2,11.95,06/25/24 09:17,"46 North St, Portland, OR 97035"
216672,Macbook Pro Laptop,1,1700,06/01/24 15:22,"311 Johnson St, New York City, NY 10001"
216673,Wired Headphones,1,11.99,06/24/24 16:59,"243 Church St, Boston, MA 02215"
216674,AA Batteries (4-pack),3,3.84,06/16/24 07:02,"126 5th St, Boston, MA 02215"
216675,Lightning Charging Cable,1,14.95,06/05/24 08:42,"180 Cherry St, Seattle, WA 98101"
216676,AA Batteries (4-pack),1,3.84,06/11/24 19:48,"530 Cherry St, Atlanta, GA 30301"
216677,Bose SoundSport Headphones,1,99.99,06/28/24 08:58,"449 1st St, New York City, NY 10001"
216678,27in 4K Gaming Monitor,1,389.99,06/10/24 09:42,"66 Adams St, San Francisco, CA 94016"
216679,Apple Airpods Headphones,1,150,06/15/24 13:45,"560 Meadow St, Dallas, TX 75001"
216680,Apple Airpods Headphones,1,150,06/16/24 10:13,"161 10th St, Los Angeles, CA 90001"
216681,Bose SoundSport Headphones,1,99.99,06/22/24 12:07,"561 Madison St, Los Angeles, CA 90001"
216682,Lightning Charging Cable,1,14.95,06/27/24 11:54,"123 North St, San Francisco, CA 94016"
216683,USB-C Charging Cable,1,11.95,06/26/24 12:29,"490 Church St, Dallas, TX 75001"
216684,Apple Airpods Headphones,1,150,06/30/24 13:37,"676 Elm St, New York City, NY 10001"
216685,Bose SoundSport Headphones,1,99.99,06/09/24 00:56,"5 Lake St, Dallas, TX 75001"
216686,AA Batteries (4-pack),1,3.84,06/25/24 20:53,"459 Park St, Boston, MA 02215"
216687,Apple Airpods Headphones,1,150,06/30/24 08:24,"182 Adams St, New York City, NY 10001"
216688,AAA Batteries (4-pack),1,2.99,06/09/24 23:48,"97 Madison St, New York City, NY 10001"
216689,Wired Headphones,2,11.99,06/17/24 13:44,"995 West St, San Francisco, CA 94016"
216690,Flatscreen TV,1,300,06/06/24 21:47,"766 12th St, Portland, OR 97035"
216691,27in 4K Gaming Monitor,1,389.99,06/02/24 19:30,"165 Maple St, San Francisco, CA 94016"
216692,Lightning Charging Cable,1,14.95,06/26/24 22:42,"229 Pine St, New York City, NY 10001"
216693,Apple Airpods Headphones,1,150,06/05/24 20:06,"652 Lake St, Los Angeles, CA 90001"
216693,Macbook Pro Laptop,1,1700,06/05/24 20:06,"652 Lake St, Los Angeles, CA 90001"
216694,ThinkPad Laptop,1,999.99,06/05/24 22:09,"164 Willow St, Portland, OR 97035"
216695,USB-C Charging Cable,1,11.95,06/14/24 22:06,"264 Madison St, San Francisco, CA 94016"
216696,Apple Airpods Headphones,1,150,06/15/24 11:08,"39 2nd St, San Francisco, CA 94016"
216697,USB-C Charging Cable,1,11.95,06/26/24 09:26,"804 River St, Dallas, TX 75001"
216698,USB-C Charging Cable,1,11.95,06/13/24 01:22,"628 Spruce St, Atlanta, GA 30301"
216699,Google Phone,1,600,06/05/24 12:53,"560 Sunset St, Dallas, TX 75001"
216700,USB-C Charging Cable,1,11.95,06/29/24 19:46,"234 Walnut St, Boston, MA 02215"
216701,Google Phone,1,600,06/27/24 18:10,"755 Highland St, Los Angeles, CA 90001"
216702,AAA Batteries (4-pack),1,2.99,06/22/24 13:38,"805 8th St, Atlanta, GA 30301"
216702,Apple Airpods Headphones,1,150,06/22/24 13:38,"805 8th St, Atlanta, GA 30301"
216703,Wired Headphones,1,11.99,06/11/24 16:03,"24 Spruce St, Los Angeles, CA 90001"
216704,Lightning Charging Cable,1,14.95,06/13/24 14:53,"307 10th St, San Francisco, CA 94016"
216705,AAA Batteries (4-pack),1,2.99,06/20/24 18:43,"405 Jackson St, San Francisco, CA 94016"
216705,27in 4K Gaming Monitor,1,389.99,06/20/24 18:43,"405 Jackson St, San Francisco, CA 94016"
216706,AAA Batteries (4-pack),1,2.99,06/20/24 10:56,"188 Church St, San Francisco, CA 94016"
216707,Apple Airpods Headphones,1,150,06/03/24 19:37,"535 13th St, Boston, MA 02215"
216708,AAA Batteries (4-pack),1,2.99,06/29/24 11:51,"706 8th St, New York City, NY 10001"
216709,Wired Headphones,2,11.99,06/09/24 10:24,"423 Sunset St, San Francisco, CA 94016"
216710,Lightning Charging Cable,2,14.95,06/05/24 14:04,"399 Madison St, San Francisco, CA 94016"
216711,Lightning Charging Cable,2,14.95,06/08/24 07:53,"436 South St, New York City, NY 10001"
216712,Bose SoundSport Headphones,1,99.99,06/20/24 19:45,"65 Walnut St, Boston, MA 02215"
216713,Lightning Charging Cable,2,14.95,06/12/24 21:45,"760 Adams St, Atlanta, GA 30301"
216714,AA Batteries (4-pack),1,3.84,06/21/24 01:16,"87 1st St, Los Angeles, CA 90001"
216715,34in Ultrawide Monitor,1,379.99,06/02/24 15:49,"329 Adams St, Los Angeles, CA 90001"
216716,Wired Headphones,1,11.99,06/11/24 10:40,"109 Maple St, Los Angeles, CA 90001"
216717,Bose SoundSport Headphones,1,99.99,06/02/24 22:45,"291 Pine St, Los Angeles, CA 90001"
216718,Wired Headphones,1,11.99,06/29/24 23:10,"106 Jefferson St, Austin, TX 73301"
216719,Bose SoundSport Headphones,1,99.99,06/02/24 08:38,"753 Maple St, Dallas, TX 75001"
216720,Wired Headphones,1,11.99,06/22/24 20:27,"437 South St, San Francisco, CA 94016"
216721,27in FHD Monitor,1,149.99,06/28/24 20:14,"635 Hickory St, Los Angeles, CA 90001"
216722,Lightning Charging Cable,1,14.95,06/05/24 13:00,"744 Main St, Portland, OR 97035"
216723,Apple Airpods Headphones,1,150,06/18/24 19:17,"705 North St, Portland, OR 97035"
216724,AA Batteries (4-pack),1,3.84,06/12/24 19:06,"597 Chestnut St, Los Angeles, CA 90001"
216725,ThinkPad Laptop,1,999.99,06/25/24 12:46,"566 Madison St, San Francisco, CA 94016"
216726,Macbook Pro Laptop,1,1700,06/20/24 21:06,"122 West St, San Francisco, CA 94016"
216727,Flatscreen TV,1,300,06/15/24 23:18,"530 2nd St, Los Angeles, CA 90001"
216728,Wired Headphones,1,11.99,06/23/24 15:53,"778 Elm St, Dallas, TX 75001"
216729,Lightning Charging Cable,1,14.95,06/26/24 09:43,"799 7th St, New York City, NY 10001"
216730,Lightning Charging Cable,1,14.95,06/09/24 15:05,"37 Jefferson St, San Francisco, CA 94016"
216731,AA Batteries (4-pack),1,3.84,06/14/24 19:05,"560 9th St, Boston, MA 02215"
216732,27in 4K Gaming Monitor,1,389.99,06/29/24 11:46,"739 9th St, Austin, TX 73301"
216733,Vareebadd Phone,1,400,06/02/24 11:12,"881 Jefferson St, San Francisco, CA 94016"
216734,AA Batteries (4-pack),1,3.84,06/18/24 21:22,"70 5th St, San Francisco, CA 94016"
216735,Lightning Charging Cable,1,14.95,06/15/24 11:05,"605 Sunset St, Austin, TX 73301"
216735,AAA Batteries (4-pack),1,2.99,06/15/24 11:05,"605 Sunset St, Austin, TX 73301"
216736,USB-C Charging Cable,2,11.95,06/12/24 17:07,"850 Park St, New York City, NY 10001"
216737,27in 4K Gaming Monitor,1,389.99,06/21/24 14:17,"103 Pine St, Seattle, WA 98101"
216738,AA Batteries (4-pack),2,3.84,06/27/24 18:40,"61 Lake St, New York City, NY 10001"
216739,Google Phone,1,600,06/26/24 21:39,"193 Forest St, San Francisco, CA 94016"
216740,Apple Airpods Headphones,1,150,06/20/24 11:16,"243 Meadow St, Seattle, WA 98101"
216741,34in Ultrawide Monitor,1,379.99,06/23/24 10:03,"832 10th St, Los Angeles, CA 90001"
216742,Flatscreen TV,1,300,06/09/24 06:43,"479 Elm St, New York City, NY 10001"
216743,20in Monitor,1,109.99,06/18/24 08:12,"996 Dogwood St, Atlanta, GA 30301"
216744,Wired Headphones,1,11.99,06/13/24 19:07,"523 7th St, Austin, TX 73301"
216745,Apple Airpods Headphones,1,150,06/30/24 16:57,"411 Walnut St, Boston, MA 02215"
216746,AAA Batteries (4-pack),1,2.99,06/07/24 08:34,"748 Maple St, Austin, TX 73301"
216747,USB-C Charging Cable,1,11.95,06/26/24 21:26,"493 Adams St, San Francisco, CA 94016"
216748,USB-C Charging Cable,1,11.95,06/24/24 00:17,"913 11th St, San Francisco, CA 94016"
216749,Bose SoundSport Headphones,1,99.99,06/27/24 21:18,"427 Spruce St, New York City, NY 10001"
216750,Lightning Charging Cable,1,14.95,06/09/24 13:28,"592 Sunset St, New York City, NY 10001"
216751,Apple Airpods Headphones,1,150,06/21/24 13:02,"69 Jefferson St, San Francisco, CA 94016"
216752,Lightning Charging Cable,1,14.95,06/20/24 14:45,"360 6th St, Boston, MA 02215"
216753,AAA Batteries (4-pack),1,2.99,06/28/24 12:15,"979 West St, New York City, NY 10001"
216754,Lightning Charging Cable,1,14.95,06/14/24 01:58,"12 10th St, San Francisco, CA 94016"
216755,USB-C Charging Cable,1,11.95,06/20/24 17:37,"436 Madison St, San Francisco, CA 94016"
216756,AA Batteries (4-pack),1,3.84,06/25/24 21:39,"562 Madison St, New York City, NY 10001"
216757,34in Ultrawide Monitor,1,379.99,06/06/24 15:30,"445 North St, Atlanta, GA 30301"
216757,Flatscreen TV,1,300,06/06/24 15:30,"445 North St, Atlanta, GA 30301"
216758,AA Batteries (4-pack),1,3.84,06/20/24 23:29,"637 Lincoln St, New York City, NY 10001"
216759,Lightning Charging Cable,1,14.95,06/29/24 21:33,"328 Cherry St, San Francisco, CA 94016"
216760,Lightning Charging Cable,1,14.95,06/18/24 16:33,"24 Maple St, New York City, NY 10001"
216761,Wired Headphones,1,11.99,06/05/24 18:42,"517 River St, Austin, TX 73301"
216762,27in FHD Monitor,1,149.99,06/28/24 19:45,"425 Cedar St, San Francisco, CA 94016"
216763,iPhone,1,700,06/27/24 13:11,"496 Willow St, Dallas, TX 75001"
216764,USB-C Charging Cable,1,11.95,06/15/24 23:44,"413 Lake St, Seattle, WA 98101"
216765,Google Phone,1,600,06/22/24 20:07,"673 Meadow St, San Francisco, CA 94016"
216766,ThinkPad Laptop,1,999.99,06/20/24 17:17,"104 Pine St, Austin, TX 73301"
216766,Wired Headphones,1,11.99,06/20/24 17:17,"104 Pine St, Austin, TX 73301"
216767,Wired Headphones,1,11.99,06/11/24 17:58,"512 River St, Dallas, TX 75001"
216768,Bose SoundSport Headphones,1,99.99,06/01/24 13:19,"35 Cherry St, San Francisco, CA 94016"
216768,AA Batteries (4-pack),1,3.84,06/01/24 13:19,"35 Cherry St, San Francisco, CA 94016"
216769,Vareebadd Phone,1,400,06/14/24 22:00,"345 Park St, Atlanta, GA 30301"
216770,AA Batteries (4-pack),2,3.84,06/16/24 09:01,"602 Cedar St, Los Angeles, CA 90001"
216771,27in FHD Monitor,1,149.99,06/23/24 22:11,"579 Park St, Boston, MA 02215"
216771,AAA Batteries (4-pack),1,2.99,06/23/24 22:11,"579 Park St, Boston, MA 02215"
216772,34in Ultrawide Monitor,1,379.99,06/13/24 12:03,"855 Chestnut St, Austin, TX 73301"
216773,AA Batteries (4-pack),1,3.84,06/02/24 20:19,"165 Walnut St, Dallas, TX 75001"
216774,Flatscreen TV,1,300,06/05/24 19:34,"232 Adams St, Dallas, TX 75001"
216775,AAA Batteries (4-pack),1,2.99,06/30/24 19:31,"443 Maple St, San Francisco, CA 94016"
216776,Google Phone,1,600,06/07/24 19:47,"930 Willow St, Austin, TX 73301"
216776,Bose SoundSport Headphones,1,99.99,06/07/24 19:47,"930 Willow St, Austin, TX 73301"
216777,Lightning Charging Cable,1,14.95,06/14/24 19:57,"926 Wilson St, Portland, OR 97035"
216778,Wired Headphones,1,11.99,06/06/24 18:42,"68 West St, San Francisco, CA 94016"
216779,20in Monitor,1,109.99,06/25/24 13:43,"882 14th St, San Francisco, CA 94016"
216780,Bose SoundSport Headphones,1,99.99,06/16/24 17:10,"260 Elm St, New York City, NY 10001"
216781,LG Dryer,1,600.0,06/10/24 23:13,"219 12th St, Boston, MA 02215"
216782,Apple Airpods Headphones,1,150,06/14/24 11:32,"558 Park St, New York City, NY 10001"
216783,20in Monitor,1,109.99,06/23/24 01:01,"139 Park St, San Francisco, CA 94016"
216784,AA Batteries (4-pack),1,3.84,06/19/24 11:42,"904 South St, Austin, TX 73301"
216785,AAA Batteries (4-pack),1,2.99,06/17/24 19:24,"926 West St, Los Angeles, CA 90001"
216786,Google Phone,1,600,06/23/24 10:15,"822 Church St, Austin, TX 73301"
216787,Google Phone,1,600,06/06/24 01:22,"523 Church St, Austin, TX 73301"
216787,USB-C Charging Cable,1,11.95,06/06/24 01:22,"523 Church St, Austin, TX 73301"
216788,USB-C Charging Cable,2,11.95,06/04/24 06:31,"70 Lakeview St, Boston, MA 02215"
216789,27in FHD Monitor,1,149.99,06/30/24 15:00,"333 5th St, Los Angeles, CA 90001"
216790,Apple Airpods Headphones,1,150,06/18/24 16:30,"940 Highland St, Seattle, WA 98101"
216791,AA Batteries (4-pack),1,3.84,06/15/24 12:05,"368 Park St, Los Angeles, CA 90001"
216792,AAA Batteries (4-pack),6,2.99,06/04/24 17:23,"25 Jefferson St, Atlanta, GA 30301"
216793,USB-C Charging Cable,2,11.95,06/24/24 22:05,"689 Lake St, Portland, OR 97035"
216794,AAA Batteries (4-pack),1,2.99,06/14/24 10:24,"624 6th St, Boston, MA 02215"
216795,AAA Batteries (4-pack),1,2.99,06/27/24 16:08,"69 Lakeview St, San Francisco, CA 94016"
216796,34in Ultrawide Monitor,1,379.99,06/28/24 20:21,"848 Wilson St, San Francisco, CA 94016"
216797,Bose SoundSport Headphones,1,99.99,06/19/24 14:24,"841 Center St, Seattle, WA 98101"
216798,Wired Headphones,1,11.99,06/10/24 19:26,"315 Meadow St, San Francisco, CA 94016"
216799,AAA Batteries (4-pack),2,2.99,06/14/24 20:42,"90 Adams St, Los Angeles, CA 90001"
216800,AA Batteries (4-pack),1,3.84,06/15/24 22:28,"591 Lakeview St, San Francisco, CA 94016"
216801,Apple Airpods Headphones,1,150,06/18/24 11:25,"538 4th St, Atlanta, GA 30301"
216802,Lightning Charging Cable,1,14.95,06/20/24 05:57,"404 1st St, Seattle, WA 98101"
216803,Vareebadd Phone,1,400,06/18/24 14:33,"549 Highland St, Los Angeles, CA 90001"
216803,Wired Headphones,1,11.99,06/18/24 14:33,"549 Highland St, Los Angeles, CA 90001"
216804,LG Washing Machine,1,600.0,06/14/24 20:20,"660 Cedar St, Boston, MA 02215"
216804,iPhone,1,700,06/14/24 20:20,"660 Cedar St, Boston, MA 02215"
216805,Macbook Pro Laptop,1,1700,06/09/24 16:50,"524 Elm St, Seattle, WA 98101"
216806,Lightning Charging Cable,1,14.95,06/24/24 11:57,"18 Hickory St, New York City, NY 10001"
216807,20in Monitor,1,109.99,06/21/24 14:12,"939 Maple St, Austin, TX 73301"
216808,Wired Headphones,1,11.99,06/19/24 12:56,"108 12th St, Boston, MA 02215"
216809,Apple Airpods Headphones,1,150,06/16/24 19:48,"670 10th St, San Francisco, CA 94016"
216810,27in 4K Gaming Monitor,1,389.99,06/16/24 13:20,"484 Adams St, Dallas, TX 75001"
216811,Wired Headphones,1,11.99,06/06/24 09:31,"782 Willow St, Seattle, WA 98101"
216812,Lightning Charging Cable,1,14.95,06/03/24 21:28,"30 West St, Seattle, WA 98101"
216813,AAA Batteries (4-pack),3,2.99,06/04/24 07:05,"367 5th St, Los Angeles, CA 90001"
216814,Wired Headphones,1,11.99,06/07/24 11:41,"274 Main St, Los Angeles, CA 90001"
216815,AAA Batteries (4-pack),4,2.99,06/21/24 06:39,"959 1st St, New York City, NY 10001"
216816,Bose SoundSport Headphones,1,99.99,06/21/24 12:04,"879 Sunset St, Los Angeles, CA 90001"
216817,Bose SoundSport Headphones,1,99.99,06/19/24 18:12,"346 9th St, San Francisco, CA 94016"
216818,Bose SoundSport Headphones,1,99.99,06/25/24 09:20,"734 Jackson St, San Francisco, CA 94016"
216819,USB-C Charging Cable,1,11.95,06/27/24 22:58,"993 Lake St, Portland, OR 97035"
216820,Flatscreen TV,1,300,06/04/24 10:38,"666 1st St, Austin, TX 73301"
216821,Lightning Charging Cable,1,14.95,06/25/24 08:49,"336 Ridge St, Dallas, TX 75001"
216822,USB-C Charging Cable,1,11.95,06/27/24 21:41,"177 Center St, San Francisco, CA 94016"
216823,Macbook Pro Laptop,1,1700,06/25/24 20:40,"77 Lake St, Austin, TX 73301"
216824,20in Monitor,1,109.99,06/25/24 21:17,"932 Washington St, New York City, NY 10001"
216825,ThinkPad Laptop,1,999.99,06/15/24 13:19,"204 South St, Boston, MA 02215"
216826,Apple Airpods Headphones,1,150,06/09/24 16:29,"360 Hill St, New York City, NY 10001"
216827,AAA Batteries (4-pack),1,2.99,06/10/24 22:37,"524 Sunset St, San Francisco, CA 94016"
216828,Lightning Charging Cable,1,14.95,06/25/24 21:06,"836 Spruce St, San Francisco, CA 94016"
216829,AA Batteries (4-pack),1,3.84,06/12/24 12:47,"535 Park St, New York City, NY 10001"
216830,USB-C Charging Cable,1,11.95,06/14/24 20:18,"13 River St, Los Angeles, CA 90001"
216831,Bose SoundSport Headphones,1,99.99,06/17/24 09:54,"97 Center St, Los Angeles, CA 90001"
216832,AAA Batteries (4-pack),2,2.99,06/12/24 07:37,"931 2nd St, San Francisco, CA 94016"
216833,USB-C Charging Cable,1,11.95,06/22/24 19:49,"644 Willow St, Portland, ME 04101"
216834,AAA Batteries (4-pack),1,2.99,06/13/24 10:42,"850 Hickory St, Austin, TX 73301"
216835,AA Batteries (4-pack),1,3.84,06/24/24 18:05,"495 Adams St, Boston, MA 02215"
216836,Lightning Charging Cable,1,14.95,06/10/24 17:37,"811 10th St, San Francisco, CA 94016"
216837,27in FHD Monitor,1,149.99,06/12/24 12:13,"309 Park St, San Francisco, CA 94016"
216838,USB-C Charging Cable,1,11.95,06/07/24 14:50,"636 South St, Los Angeles, CA 90001"
216839,Bose SoundSport Headphones,1,99.99,06/28/24 12:56,"630 Center St, Los Angeles, CA 90001"
216840,AAA Batteries (4-pack),1,2.99,06/20/24 09:54,"276 Elm St, Atlanta, GA 30301"
216841,20in Monitor,1,109.99,06/22/24 18:34,"694 6th St, San Francisco, CA 94016"
216842,AA Batteries (4-pack),1,3.84,06/03/24 09:30,"692 Spruce St, Boston, MA 02215"
216843,Lightning Charging Cable,1,14.95,06/05/24 20:47,"644 11th St, New York City, NY 10001"
216844,Flatscreen TV,1,300,06/07/24 16:52,"370 1st St, Los Angeles, CA 90001"
216845,Apple Airpods Headphones,1,150,06/15/24 16:40,"580 North St, New York City, NY 10001"
216846,Apple Airpods Headphones,1,150,06/27/24 15:24,"238 Church St, Los Angeles, CA 90001"
216847,AAA Batteries (4-pack),5,2.99,06/11/24 00:20,"319 Lake St, Atlanta, GA 30301"
216848,Apple Airpods Headphones,1,150,06/28/24 11:51,"27 Meadow St, San Francisco, CA 94016"
216849,USB-C Charging Cable,1,11.95,06/26/24 17:33,"206 North St, Seattle, WA 98101"
216850,USB-C Charging Cable,1,11.95,06/09/24 18:36,"23 1st St, Austin, TX 73301"
216851,USB-C Charging Cable,2,11.95,06/30/24 15:35,"774 Main St, San Francisco, CA 94016"
216852,Apple Airpods Headphones,1,150,06/02/24 22:17,"427 8th St, San Francisco, CA 94016"
216853,USB-C Charging Cable,1,11.95,06/07/24 11:57,"9 Wilson St, Boston, MA 02215"
216854,Bose SoundSport Headphones,1,99.99,06/12/24 14:27,"555 Wilson St, Portland, OR 97035"
216855,Bose SoundSport Headphones,1,99.99,06/07/24 19:59,"76 Highland St, Boston, MA 02215"
216856,27in 4K Gaming Monitor,1,389.99,06/01/24 11:00,"450 5th St, Los Angeles, CA 90001"
216857,27in 4K Gaming Monitor,1,389.99,06/15/24 12:47,"62 Hickory St, Los Angeles, CA 90001"
216858,Lightning Charging Cable,1,14.95,06/01/24 10:17,"791 Adams St, Seattle, WA 98101"
216859,Apple Airpods Headphones,1,150,06/04/24 10:15,"631 11th St, Dallas, TX 75001"
216860,iPhone,1,700,06/05/24 11:07,"487 Ridge St, Boston, MA 02215"
216861,AAA Batteries (4-pack),2,2.99,06/13/24 14:36,"427 Jackson St, Dallas, TX 75001"
216862,34in Ultrawide Monitor,1,379.99,06/26/24 15:22,"998 12th St, Dallas, TX 75001"
216863,USB-C Charging Cable,1,11.95,06/10/24 17:11,"957 Dogwood St, Seattle, WA 98101"
216864,Apple Airpods Headphones,1,150,06/05/24 09:52,"663 Chestnut St, Los Angeles, CA 90001"
216865,AA Batteries (4-pack),1,3.84,06/13/24 12:53,"596 Dogwood St, Los Angeles, CA 90001"
216866,Wired Headphones,1,11.99,06/01/24 17:37,"342 Church St, Dallas, TX 75001"
216867,AAA Batteries (4-pack),3,2.99,06/17/24 17:13,"295 Maple St, Los Angeles, CA 90001"
216868,Wired Headphones,1,11.99,06/08/24 20:06,"716 South St, San Francisco, CA 94016"
216869,Lightning Charging Cable,1,14.95,06/01/24 09:13,"201 10th St, Boston, MA 02215"
216870,Lightning Charging Cable,1,14.95,06/13/24 15:39,"261 Maple St, Los Angeles, CA 90001"
216871,AA Batteries (4-pack),1,3.84,06/18/24 16:50,"621 12th St, Atlanta, GA 30301"
216872,AA Batteries (4-pack),2,3.84,06/16/24 23:59,"289 Washington St, Portland, OR 97035"
216873,Wired Headphones,1,11.99,06/21/24 19:43,"70 10th St, Atlanta, GA 30301"
216874,Google Phone,1,600,06/09/24 19:36,"92 Forest St, San Francisco, CA 94016"
216875,Wired Headphones,1,11.99,06/16/24 21:21,"789 North St, San Francisco, CA 94016"
216876,Google Phone,1,600,06/10/24 15:05,"653 River St, Seattle, WA 98101"
216877,Flatscreen TV,1,300,06/21/24 14:46,"624 7th St, Boston, MA 02215"
216878,34in Ultrawide Monitor,1,379.99,06/18/24 19:36,"109 Wilson St, Boston, MA 02215"
216879,AA Batteries (4-pack),1,3.84,06/06/24 12:48,"278 Johnson St, Dallas, TX 75001"
216880,Lightning Charging Cable,2,14.95,06/12/24 16:40,"927 5th St, Atlanta, GA 30301"
216881,AA Batteries (4-pack),2,3.84,06/09/24 17:16,"794 4th St, New York City, NY 10001"
216882,USB-C Charging Cable,1,11.95,06/29/24 15:19,"986 13th St, San Francisco, CA 94016"
216883,Wired Headphones,1,11.99,06/25/24 06:46,"292 Center St, Dallas, TX 75001"
216884,Apple Airpods Headphones,1,150,06/06/24 20:45,"347 Center St, Los Angeles, CA 90001"
216885,Google Phone,1,600,06/01/24 19:43,"126 Spruce St, San Francisco, CA 94016"
216886,Wired Headphones,1,11.99,06/25/24 16:36,"764 Adams St, San Francisco, CA 94016"
216887,27in 4K Gaming Monitor,1,389.99,06/02/24 11:47,"268 Elm St, New York City, NY 10001"
216888,Wired Headphones,1,11.99,06/07/24 19:30,"455 Park St, San Francisco, CA 94016"
216889,Apple Airpods Headphones,1,150,06/07/24 10:24,"267 6th St, Portland, OR 97035"
216890,Macbook Pro Laptop,1,1700,06/08/24 22:02,"945 4th St, Boston, MA 02215"
216891,AA Batteries (4-pack),1,3.84,06/28/24 15:09,"466 North St, Portland, ME 04101"
216892,AA Batteries (4-pack),1,3.84,06/08/24 19:14,"553 Willow St, San Francisco, CA 94016"
216893,Wired Headphones,1,11.99,06/15/24 21:21,"60 2nd St, New York City, NY 10001"
216894,27in 4K Gaming Monitor,1,389.99,06/14/24 19:08,"604 Washington St, New York City, NY 10001"
216895,AAA Batteries (4-pack),2,2.99,06/09/24 09:23,"778 Washington St, Austin, TX 73301"
216896,Google Phone,1,600,06/16/24 10:33,"678 12th St, San Francisco, CA 94016"
216897,34in Ultrawide Monitor,1,379.99,06/05/24 22:56,"504 Jackson St, Portland, OR 97035"
216898,34in Ultrawide Monitor,1,379.99,06/02/24 05:21,"186 Chestnut St, Los Angeles, CA 90001"
216899,Bose SoundSport Headphones,1,99.99,06/11/24 15:52,"796 14th St, San Francisco, CA 94016"
216900,Bose SoundSport Headphones,1,99.99,06/30/24 15:52,"938 River St, Atlanta, GA 30301"
216901,Wired Headphones,1,11.99,06/05/24 06:53,"393 4th St, New York City, NY 10001"
216902,Wired Headphones,1,11.99,06/02/24 19:32,"868 Sunset St, Dallas, TX 75001"
216903,iPhone,1,700,06/02/24 18:37,"38 12th St, San Francisco, CA 94016"
216904,iPhone,1,700,06/10/24 14:47,"686 Main St, Dallas, TX 75001"
216905,AA Batteries (4-pack),2,3.84,06/01/24 11:19,"256 Lincoln St, New York City, NY 10001"
216906,Flatscreen TV,1,300,06/06/24 21:12,"444 Spruce St, Los Angeles, CA 90001"
216907,AA Batteries (4-pack),1,3.84,06/17/24 18:44,"889 11th St, Boston, MA 02215"
216908,Google Phone,1,600,06/14/24 15:59,"77 Johnson St, San Francisco, CA 94016"
216909,Macbook Pro Laptop,1,1700,06/29/24 11:14,"284 River St, Los Angeles, CA 90001"
216910,USB-C Charging Cable,1,11.95,06/02/24 15:53,"798 Meadow St, Seattle, WA 98101"
216911,Lightning Charging Cable,1,14.95,06/04/24 03:38,"506 Madison St, Austin, TX 73301"
216912,Bose SoundSport Headphones,1,99.99,06/03/24 16:26,"291 Lincoln St, San Francisco, CA 94016"
216913,27in FHD Monitor,1,149.99,06/17/24 11:39,"676 Spruce St, Seattle, WA 98101"
216914,Lightning Charging Cable,1,14.95,06/09/24 13:18,"559 6th St, New York City, NY 10001"
216915,Lightning Charging Cable,1,14.95,06/25/24 06:22,"754 5th St, Los Angeles, CA 90001"
216916,AA Batteries (4-pack),2,3.84,06/09/24 21:50,"476 11th St, Boston, MA 02215"
216917,27in FHD Monitor,1,149.99,06/07/24 03:53,"899 Jackson St, Los Angeles, CA 90001"
216918,AAA Batteries (4-pack),1,2.99,06/21/24 18:49,"941 1st St, Atlanta, GA 30301"
216919,USB-C Charging Cable,1,11.95,06/13/24 18:38,"289 Lake St, Atlanta, GA 30301"
216920,USB-C Charging Cable,2,11.95,06/02/24 09:50,"510 Adams St, New York City, NY 10001"
216921,ThinkPad Laptop,1,999.99,06/01/24 17:11,"196 8th St, Austin, TX 73301"
216922,USB-C Charging Cable,1,11.95,06/24/24 15:48,"20 14th St, Los Angeles, CA 90001"
216923,Wired Headphones,1,11.99,06/14/24 11:08,"80 2nd St, New York City, NY 10001"
216924,Bose SoundSport Headphones,1,99.99,06/26/24 11:52,"317 Lakeview St, San Francisco, CA 94016"
216925,Macbook Pro Laptop,1,1700,06/17/24 09:27,"709 North St, San Francisco, CA 94016"
216926,ThinkPad Laptop,1,999.99,06/27/24 15:29,"66 Meadow St, Los Angeles, CA 90001"
216927,Lightning Charging Cable,1,14.95,06/24/24 23:16,"865 Willow St, Atlanta, GA 30301"
216928,USB-C Charging Cable,1,11.95,06/16/24 10:31,"504 6th St, San Francisco, CA 94016"
216929,USB-C Charging Cable,1,11.95,06/05/24 18:48,"640 West St, San Francisco, CA 94016"
216930,USB-C Charging Cable,1,11.95,06/04/24 17:52,"586 1st St, San Francisco, CA 94016"
216931,iPhone,1,700,06/28/24 18:14,"570 Park St, New York City, NY 10001"
216932,USB-C Charging Cable,1,11.95,06/29/24 18:25,"556 4th St, New York City, NY 10001"
216933,Macbook Pro Laptop,1,1700,06/01/24 22:41,"83 Wilson St, New York City, NY 10001"
216934,Flatscreen TV,1,300,06/05/24 15:48,"105 Lincoln St, Dallas, TX 75001"
216935,Lightning Charging Cable,1,14.95,06/01/24 15:23,"666 Cedar St, Atlanta, GA 30301"
216936,Bose SoundSport Headphones,1,99.99,06/30/24 15:50,"976 13th St, Dallas, TX 75001"
216937,Lightning Charging Cable,2,14.95,06/15/24 18:47,"737 Johnson St, Atlanta, GA 30301"
216938,Bose SoundSport Headphones,1,99.99,06/07/24 15:16,"335 11th St, San Francisco, CA 94016"
216939,Lightning Charging Cable,1,14.95,06/02/24 11:07,"825 Elm St, San Francisco, CA 94016"
216940,Apple Airpods Headphones,1,150,06/30/24 17:50,"654 14th St, San Francisco, CA 94016"
216941,iPhone,1,700,06/14/24 11:55,"740 Hill St, Los Angeles, CA 90001"
216941,34in Ultrawide Monitor,1,379.99,06/14/24 11:55,"740 Hill St, Los Angeles, CA 90001"
216942,AAA Batteries (4-pack),2,2.99,06/08/24 18:18,"75 Hickory St, New York City, NY 10001"
216943,iPhone,1,700,06/12/24 20:34,"674 Lakeview St, Atlanta, GA 30301"
216943,Lightning Charging Cable,1,14.95,06/12/24 20:34,"674 Lakeview St, Atlanta, GA 30301"
216944,Lightning Charging Cable,1,14.95,06/23/24 10:15,"150 Church St, San Francisco, CA 94016"
216945,Google Phone,1,600,06/21/24 13:18,"817 Wilson St, Dallas, TX 75001"
216946,iPhone,1,700,06/14/24 23:08,"701 Forest St, San Francisco, CA 94016"
216947,AAA Batteries (4-pack),1,2.99,06/25/24 17:42,"452 Forest St, Seattle, WA 98101"
216948,USB-C Charging Cable,1,11.95,06/04/24 16:54,"357 Main St, Austin, TX 73301"
216949,ThinkPad Laptop,1,999.99,06/07/24 21:37,"287 Meadow St, San Francisco, CA 94016"
216950,27in 4K Gaming Monitor,1,389.99,06/11/24 09:45,"785 2nd St, New York City, NY 10001"
216951,Wired Headphones,1,11.99,06/21/24 20:42,"469 Pine St, Los Angeles, CA 90001"
216952,20in Monitor,1,109.99,06/13/24 12:03,"617 Lake St, Portland, OR 97035"
216953,Google Phone,1,600,06/19/24 21:08,"18 1st St, San Francisco, CA 94016"
216954,Apple Airpods Headphones,1,150,06/13/24 15:50,"275 River St, New York City, NY 10001"
216955,USB-C Charging Cable,1,11.95,06/26/24 15:03,"16 Hickory St, Austin, TX 73301"
216956,27in FHD Monitor,1,149.99,06/06/24 21:31,"973 Highland St, Seattle, WA 98101"
216957,Apple Airpods Headphones,1,150,06/23/24 14:55,"470 Highland St, San Francisco, CA 94016"
216958,Flatscreen TV,1,300,06/28/24 17:38,"83 North St, Los Angeles, CA 90001"
216959,Lightning Charging Cable,1,14.95,06/08/24 23:45,"382 7th St, New York City, NY 10001"
216960,Wired Headphones,1,11.99,06/27/24 12:12,"159 6th St, Los Angeles, CA 90001"
216961,AAA Batteries (4-pack),1,2.99,06/01/24 21:11,"844 8th St, New York City, NY 10001"
216962,Flatscreen TV,1,300,06/03/24 10:41,"249 Chestnut St, Atlanta, GA 30301"
216963,AAA Batteries (4-pack),3,2.99,06/07/24 11:55,"47 Cedar St, San Francisco, CA 94016"
216964,AA Batteries (4-pack),1,3.84,06/18/24 09:31,"723 Chestnut St, San Francisco, CA 94016"
216965,Lightning Charging Cable,1,14.95,06/21/24 18:13,"889 Lake St, Atlanta, GA 30301"
216966,AAA Batteries (4-pack),1,2.99,06/24/24 11:50,"641 Hickory St, Austin, TX 73301"
216967,AA Batteries (4-pack),1,3.84,06/06/24 12:08,"558 North St, San Francisco, CA 94016"
216968,34in Ultrawide Monitor,1,379.99,06/19/24 19:04,"424 1st St, San Francisco, CA 94016"
216969,Vareebadd Phone,1,400,06/07/24 08:36,"634 Johnson St, Austin, TX 73301"
216970,ThinkPad Laptop,1,999.99,06/25/24 12:29,"663 Hill St, Seattle, WA 98101"
216971,AA Batteries (4-pack),1,3.84,06/06/24 22:31,"601 Walnut St, San Francisco, CA 94016"
216972,Lightning Charging Cable,1,14.95,06/20/24 13:37,"592 Johnson St, Dallas, TX 75001"
216973,iPhone,1,700,06/04/24 19:03,"692 Meadow St, Los Angeles, CA 90001"
216974,Google Phone,1,600,06/10/24 16:14,"379 Lakeview St, Dallas, TX 75001"
216974,USB-C Charging Cable,1,11.95,06/10/24 16:14,"379 Lakeview St, Dallas, TX 75001"
216975,Bose SoundSport Headphones,1,99.99,06/10/24 08:30,"79 Church St, Dallas, TX 75001"
216976,iPhone,1,700,06/25/24 20:39,"930 Jackson St, Boston, MA 02215"
216976,27in 4K Gaming Monitor,1,389.99,06/25/24 20:39,"930 Jackson St, Boston, MA 02215"
216977,Wired Headphones,1,11.99,06/28/24 19:49,"44 4th St, San Francisco, CA 94016"
216978,iPhone,1,700,06/09/24 13:11,"57 Washington St, San Francisco, CA 94016"
216979,AA Batteries (4-pack),1,3.84,06/09/24 11:46,"985 Highland St, New York City, NY 10001"
216980,AAA Batteries (4-pack),3,2.99,06/16/24 23:12,"209 Adams St, Seattle, WA 98101"
216981,AAA Batteries (4-pack),1,2.99,06/14/24 18:55,"20 Church St, Austin, TX 73301"
216982,Wired Headphones,1,11.99,06/29/24 01:04,"160 Sunset St, Atlanta, GA 30301"
216983,LG Dryer,1,600.0,06/02/24 19:17,"431 7th St, Austin, TX 73301"
216984,Lightning Charging Cable,1,14.95,06/07/24 23:11,"255 Wilson St, Los Angeles, CA 90001"
216985,Lightning Charging Cable,1,14.95,06/13/24 19:46,"718 Walnut St, New York City, NY 10001"
216986,Wired Headphones,1,11.99,06/28/24 22:31,"874 Washington St, Seattle, WA 98101"
216987,Bose SoundSport Headphones,1,99.99,06/17/24 15:12,"668 Chestnut St, San Francisco, CA 94016"
216988,Wired Headphones,1,11.99,06/29/24 14:52,"976 Forest St, San Francisco, CA 94016"
216989,Apple Airpods Headphones,1,150,06/10/24 20:14,"579 Park St, Dallas, TX 75001"
216990,27in 4K Gaming Monitor,1,389.99,06/01/24 11:35,"623 13th St, San Francisco, CA 94016"
216991,AAA Batteries (4-pack),1,2.99,06/04/24 18:15,"9 Highland St, Seattle, WA 98101"
216992,Lightning Charging Cable,1,14.95,06/19/24 16:38,"325 2nd St, San Francisco, CA 94016"
216993,34in Ultrawide Monitor,1,379.99,06/07/24 21:02,"382 2nd St, San Francisco, CA 94016"
216994,AA Batteries (4-pack),1,3.84,06/05/24 00:35,"555 North St, Los Angeles, CA 90001"
216995,AA Batteries (4-pack),1,3.84,06/11/24 13:06,"245 West St, Dallas, TX 75001"
216996,27in FHD Monitor,1,149.99,06/03/24 19:32,"305 4th St, San Francisco, CA 94016"
216997,Google Phone,1,600,06/16/24 21:39,"325 Spruce St, Atlanta, GA 30301"
216998,Apple Airpods Headphones,1,150,06/06/24 17:40,"351 Willow St, Portland, OR 97035"
216999,Bose SoundSport Headphones,1,99.99,06/25/24 12:53,"358 Adams St, San Francisco, CA 94016"
217000,Lightning Charging Cable,1,14.95,06/08/24 14:56,"217 7th St, Atlanta, GA 30301"
217001,ThinkPad Laptop,1,999.99,06/16/24 19:15,"261 Lincoln St, Dallas, TX 75001"
217002,27in FHD Monitor,1,149.99,06/16/24 18:49,"598 Center St, Dallas, TX 75001"
217003,AAA Batteries (4-pack),1,2.99,06/21/24 13:30,"725 West St, Dallas, TX 75001"
217004,AAA Batteries (4-pack),2,2.99,06/01/24 17:50,"363 South St, San Francisco, CA 94016"
217005,AA Batteries (4-pack),1,3.84,06/30/24 10:31,"701 Maple St, Boston, MA 02215"
217006,Lightning Charging Cable,2,14.95,06/19/24 15:23,"691 Sunset St, Los Angeles, CA 90001"
217007,USB-C Charging Cable,1,11.95,06/21/24 12:28,"331 6th St, New York City, NY 10001"
217008,Google Phone,1,600,06/11/24 17:39,"301 Wilson St, Dallas, TX 75001"
217008,USB-C Charging Cable,1,11.95,06/11/24 17:39,"301 Wilson St, Dallas, TX 75001"
217009,Wired Headphones,1,11.99,06/23/24 11:13,"334 Walnut St, Portland, OR 97035"
217010,AA Batteries (4-pack),1,3.84,06/21/24 18:31,"347 Maple St, New York City, NY 10001"
217011,Wired Headphones,2,11.99,06/03/24 14:25,"361 Washington St, Portland, OR 97035"
217012,USB-C Charging Cable,1,11.95,06/21/24 22:25,"970 Maple St, Seattle, WA 98101"
217013,Lightning Charging Cable,1,14.95,06/23/24 19:51,"198 Cedar St, Atlanta, GA 30301"
217014,Bose SoundSport Headphones,1,99.99,06/13/24 19:44,"767 Cherry St, Los Angeles, CA 90001"
217015,AA Batteries (4-pack),2,3.84,06/19/24 10:07,"749 2nd St, San Francisco, CA 94016"
217016,34in Ultrawide Monitor,1,379.99,06/27/24 14:31,"974 South St, New York City, NY 10001"
217017,Google Phone,1,600,06/08/24 19:11,"366 Chestnut St, San Francisco, CA 94016"
217018,27in 4K Gaming Monitor,1,389.99,06/07/24 20:52,"341 Main St, Los Angeles, CA 90001"
217019,iPhone,1,700,06/12/24 17:02,"315 Lakeview St, San Francisco, CA 94016"
217020,AA Batteries (4-pack),1,3.84,06/13/24 18:45,"564 Hill St, Portland, ME 04101"
217021,AAA Batteries (4-pack),1,2.99,06/23/24 16:28,"939 10th St, Seattle, WA 98101"
217022,AAA Batteries (4-pack),1,2.99,06/11/24 07:54,"649 11th St, San Francisco, CA 94016"
217023,Google Phone,1,600,06/06/24 23:31,"1 Sunset St, Seattle, WA 98101"
217023,Wired Headphones,1,11.99,06/06/24 23:31,"1 Sunset St, Seattle, WA 98101"
217024,AAA Batteries (4-pack),3,2.99,06/03/24 11:55,"996 10th St, Atlanta, GA 30301"
217025,LG Washing Machine,1,600.0,06/11/24 17:16,"652 Pine St, Atlanta, GA 30301"
217026,Lightning Charging Cable,1,14.95,06/18/24 16:23,"592 Lincoln St, Portland, OR 97035"
217027,Apple Airpods Headphones,1,150,06/17/24 12:16,"83 7th St, San Francisco, CA 94016"
217028,iPhone,1,700,06/11/24 14:56,"108 7th St, Boston, MA 02215"
217028,Apple Airpods Headphones,1,150,06/11/24 14:56,"108 7th St, Boston, MA 02215"
217029,USB-C Charging Cable,1,11.95,06/24/24 20:38,"700 10th St, Seattle, WA 98101"
217030,USB-C Charging Cable,1,11.95,06/23/24 11:59,"353 2nd St, Los Angeles, CA 90001"
217031,Apple Airpods Headphones,1,150,06/04/24 23:46,"537 Walnut St, New York City, NY 10001"
217032,34in Ultrawide Monitor,1,379.99,06/06/24 18:42,"208 9th St, San Francisco, CA 94016"
217033,AA Batteries (4-pack),1,3.84,06/05/24 12:25,"692 13th St, San Francisco, CA 94016"
217034,USB-C Charging Cable,1,11.95,06/24/24 22:01,"428 10th St, San Francisco, CA 94016"
217035,USB-C Charging Cable,1,11.95,06/16/24 16:30,"968 River St, Boston, MA 02215"
217036,USB-C Charging Cable,1,11.95,06/09/24 16:22,"878 Spruce St, Los Angeles, CA 90001"
217037,Apple Airpods Headphones,1,150,06/05/24 09:23,"543 Willow St, Los Angeles, CA 90001"
217038,Lightning Charging Cable,2,14.95,06/26/24 08:25,"460 Maple St, Portland, ME 04101"
217039,34in Ultrawide Monitor,1,379.99,06/27/24 17:39,"493 Jackson St, New York City, NY 10001"
217040,AAA Batteries (4-pack),1,2.99,06/02/24 13:06,"192 Madison St, San Francisco, CA 94016"
217041,AA Batteries (4-pack),2,3.84,06/12/24 16:12,"903 Jackson St, Seattle, WA 98101"
217042,USB-C Charging Cable,1,11.95,06/20/24 12:49,"479 6th St, Boston, MA 02215"
217042,Macbook Pro Laptop,1,1700,06/20/24 12:49,"479 6th St, Boston, MA 02215"
217043,Lightning Charging Cable,1,14.95,06/07/24 18:51,"447 12th St, New York City, NY 10001"
217044,USB-C Charging Cable,1,11.95,06/06/24 20:17,"784 8th St, Dallas, TX 75001"
217045,AA Batteries (4-pack),1,3.84,06/13/24 13:21,"163 West St, Seattle, WA 98101"
,,,,,
217046,27in FHD Monitor,1,149.99,06/17/24 23:29,"794 8th St, Austin, TX 73301"
217047,AAA Batteries (4-pack),1,2.99,06/13/24 23:34,"947 8th St, Atlanta, GA 30301"
217048,AAA Batteries (4-pack),2,2.99,06/14/24 12:39,"179 Walnut St, San Francisco, CA 94016"
217049,iPhone,1,700,06/09/24 17:47,"140 Park St, San Francisco, CA 94016"
217050,27in 4K Gaming Monitor,1,389.99,06/13/24 16:01,"316 Elm St, Boston, MA 02215"
217051,Google Phone,1,600,06/27/24 01:05,"724 South St, Boston, MA 02215"
217052,Lightning Charging Cable,1,14.95,06/12/24 13:25,"91 Spruce St, San Francisco, CA 94016"
217053,Vareebadd Phone,1,400,06/14/24 12:57,"462 Meadow St, San Francisco, CA 94016"
217054,USB-C Charging Cable,1,11.95,06/01/24 16:55,"14 2nd St, San Francisco, CA 94016"
217055,USB-C Charging Cable,1,11.95,06/29/24 20:04,"516 Adams St, San Francisco, CA 94016"
217056,27in FHD Monitor,1,149.99,06/10/24 07:05,"879 Sunset St, Portland, ME 04101"
217057,Flatscreen TV,1,300,06/28/24 13:24,"1 5th St, San Francisco, CA 94016"
217058,Lightning Charging Cable,1,14.95,06/24/24 16:03,"912 Hickory St, San Francisco, CA 94016"
217059,AA Batteries (4-pack),1,3.84,06/06/24 14:54,"443 Main St, Los Angeles, CA 90001"
217060,Lightning Charging Cable,1,14.95,06/14/24 10:44,"101 1st St, Los Angeles, CA 90001"
217061,Macbook Pro Laptop,1,1700,06/10/24 07:46,"753 Hickory St, Los Angeles, CA 90001"
217062,USB-C Charging Cable,1,11.95,06/28/24 12:03,"265 Madison St, San Francisco, CA 94016"
217063,LG Washing Machine,1,600.0,06/19/24 08:35,"705 6th St, Los Angeles, CA 90001"
217064,Lightning Charging Cable,1,14.95,06/18/24 11:39,"950 South St, Dallas, TX 75001"
217065,AAA Batteries (4-pack),1,2.99,06/26/24 20:00,"858 Jefferson St, Austin, TX 73301"
217066,Google Phone,1,600,06/29/24 14:42,"751 Pine St, San Francisco, CA 94016"
217066,Wired Headphones,1,11.99,06/29/24 14:42,"751 Pine St, San Francisco, CA 94016"
217067,Vareebadd Phone,1,400,06/04/24 09:40,"150 Washington St, San Francisco, CA 94016"
217067,USB-C Charging Cable,1,11.95,06/04/24 09:40,"150 Washington St, San Francisco, CA 94016"
217068,Bose SoundSport Headphones,1,99.99,06/01/24 18:10,"317 Center St, Boston, MA 02215"
217069,AA Batteries (4-pack),1,3.84,06/28/24 16:55,"756 Jackson St, Los Angeles, CA 90001"
217070,AA Batteries (4-pack),1,3.84,06/08/24 08:29,"549 Meadow St, Los Angeles, CA 90001"
217071,27in FHD Monitor,1,149.99,06/15/24 10:15,"841 South St, San Francisco, CA 94016"
217072,Apple Airpods Headphones,1,150,06/09/24 20:13,"723 11th St, Atlanta, GA 30301"
217073,27in FHD Monitor,1,149.99,06/13/24 09:28,"85 Jackson St, San Francisco, CA 94016"
217074,AAA Batteries (4-pack),2,2.99,06/06/24 18:38,"608 7th St, San Francisco, CA 94016"
217075,34in Ultrawide Monitor,1,379.99,06/19/24 09:13,"999 Walnut St, Atlanta, GA 30301"
217076,Lightning Charging Cable,1,14.95,06/26/24 10:42,"341 9th St, Boston, MA 02215"
217077,27in FHD Monitor,1,149.99,06/05/24 20:39,"528 Cherry St, Boston, MA 02215"
217078,iPhone,1,700,06/14/24 08:52,"834 North St, Los Angeles, CA 90001"
217079,AA Batteries (4-pack),1,3.84,06/03/24 13:41,"938 Park St, Boston, MA 02215"
217080,AA Batteries (4-pack),2,3.84,06/04/24 23:00,"436 8th St, Los Angeles, CA 90001"
217081,Apple Airpods Headphones,1,150,06/02/24 20:44,"490 5th St, Los Angeles, CA 90001"
217082,Apple Airpods Headphones,1,150,06/05/24 09:42,"809 North St, Dallas, TX 75001"
217083,AAA Batteries (4-pack),1,2.99,06/25/24 08:45,"137 Dogwood St, Atlanta, GA 30301"
217084,34in Ultrawide Monitor,2,379.99,06/29/24 19:17,"294 Hill St, Los Angeles, CA 90001"
217085,27in FHD Monitor,1,149.99,06/20/24 12:31,"393 Ridge St, San Francisco, CA 94016"
217086,Wired Headphones,1,11.99,06/29/24 10:22,"835 Maple St, Portland, ME 04101"
217087,USB-C Charging Cable,1,11.95,06/26/24 14:30,"458 Main St, Dallas, TX 75001"
217088,iPhone,1,700,06/12/24 21:06,"187 Wilson St, San Francisco, CA 94016"
217089,Bose SoundSport Headphones,1,99.99,06/28/24 22:11,"629 Park St, San Francisco, CA 94016"
217090,Lightning Charging Cable,1,14.95,06/19/24 10:57,"100 Johnson St, Dallas, TX 75001"
217091,ThinkPad Laptop,1,999.99,06/28/24 07:24,"247 Park St, Atlanta, GA 30301"
217092,Macbook Pro Laptop,1,1700,06/22/24 08:33,"85 Washington St, San Francisco, CA 94016"
217093,Wired Headphones,1,11.99,06/13/24 15:51,"247 Hill St, San Francisco, CA 94016"
217094,ThinkPad Laptop,1,999.99,06/28/24 17:47,"576 West St, San Francisco, CA 94016"
217095,Flatscreen TV,1,300,06/20/24 15:37,"897 Johnson St, Atlanta, GA 30301"
217096,Wired Headphones,1,11.99,06/14/24 18:21,"580 Lake St, Los Angeles, CA 90001"
217097,USB-C Charging Cable,1,11.95,06/21/24 19:17,"544 Washington St, San Francisco, CA 94016"
217098,27in 4K Gaming Monitor,1,389.99,06/17/24 09:53,"795 River St, Los Angeles, CA 90001"
217099,AAA Batteries (4-pack),1,2.99,06/20/24 00:35,"427 8th St, Los Angeles, CA 90001"
217100,Bose SoundSport Headphones,1,99.99,06/19/24 12:39,"623 Spruce St, Boston, MA 02215"
217101,AAA Batteries (4-pack),1,2.99,06/19/24 11:43,"883 Cherry St, Los Angeles, CA 90001"
217102,AAA Batteries (4-pack),1,2.99,06/22/24 07:59,"912 Church St, Los Angeles, CA 90001"
217103,AA Batteries (4-pack),1,3.84,06/19/24 08:28,"162 8th St, Atlanta, GA 30301"
217104,USB-C Charging Cable,1,11.95,06/26/24 16:40,"411 Main St, Atlanta, GA 30301"
217105,AAA Batteries (4-pack),1,2.99,06/04/24 12:43,"216 Cedar St, Dallas, TX 75001"
217106,Lightning Charging Cable,1,14.95,06/02/24 20:52,"25 Meadow St, San Francisco, CA 94016"
217107,Wired Headphones,1,11.99,06/07/24 00:29,"432 Maple St, San Francisco, CA 94016"
217108,USB-C Charging Cable,1,11.95,06/15/24 08:51,"617 1st St, Austin, TX 73301"
217109,USB-C Charging Cable,1,11.95,06/14/24 10:36,"587 Park St, Los Angeles, CA 90001"
217110,Lightning Charging Cable,1,14.95,06/29/24 12:31,"325 14th St, San Francisco, CA 94016"
217111,Apple Airpods Headphones,1,150,06/28/24 08:54,"314 South St, Atlanta, GA 30301"
217112,iPhone,1,700,06/27/24 17:05,"481 10th St, Los Angeles, CA 90001"
217113,AAA Batteries (4-pack),1,2.99,06/13/24 19:01,"748 Maple St, Dallas, TX 75001"
217114,AA Batteries (4-pack),1,3.84,06/01/24 07:16,"514 Jackson St, Dallas, TX 75001"
217115,Bose SoundSport Headphones,1,99.99,06/12/24 19:18,"308 Sunset St, Boston, MA 02215"
217116,AA Batteries (4-pack),1,3.84,06/21/24 07:02,"699 9th St, Austin, TX 73301"
217117,Lightning Charging Cable,1,14.95,06/27/24 11:55,"348 7th St, Los Angeles, CA 90001"
217118,USB-C Charging Cable,1,11.95,06/01/24 22:16,"873 Dogwood St, Atlanta, GA 30301"
217119,USB-C Charging Cable,1,11.95,06/12/24 17:14,"26 Wilson St, Boston, MA 02215"
217120,27in FHD Monitor,1,149.99,06/10/24 13:16,"453 North St, Atlanta, GA 30301"
217121,34in Ultrawide Monitor,1,379.99,06/09/24 16:41,"11 Church St, Dallas, TX 75001"
217122,Macbook Pro Laptop,1,1700,06/18/24 19:31,"683 Spruce St, Los Angeles, CA 90001"
217123,27in FHD Monitor,1,149.99,06/16/24 09:16,"666 South St, New York City, NY 10001"
217124,Wired Headphones,1,11.99,06/09/24 17:00,"416 Lakeview St, Seattle, WA 98101"
217125,AAA Batteries (4-pack),1,2.99,06/22/24 18:47,"738 North St, Seattle, WA 98101"
217126,Lightning Charging Cable,1,14.95,06/07/24 23:56,"667 Wilson St, Atlanta, GA 30301"
217127,Lightning Charging Cable,1,14.95,06/11/24 21:31,"188 Dogwood St, Atlanta, GA 30301"
217128,Bose SoundSport Headphones,1,99.99,06/21/24 22:30,"345 Jefferson St, Boston, MA 02215"
217129,Macbook Pro Laptop,1,1700,06/13/24 10:28,"983 13th St, San Francisco, CA 94016"
217130,Flatscreen TV,1,300,06/18/24 12:22,"220 Madison St, San Francisco, CA 94016"
217131,Vareebadd Phone,1,400,06/30/24 04:01,"445 Jefferson St, Boston, MA 02215"
217132,AAA Batteries (4-pack),1,2.99,06/03/24 21:16,"785 Park St, Dallas, TX 75001"
217133,USB-C Charging Cable,1,11.95,06/10/24 20:29,"334 Madison St, New York City, NY 10001"
217134,Flatscreen TV,1,300,06/09/24 08:06,"104 River St, San Francisco, CA 94016"
217135,Bose SoundSport Headphones,1,99.99,06/01/24 21:00,"536 Spruce St, Atlanta, GA 30301"
217136,iPhone,1,700,06/21/24 14:43,"749 Jackson St, Austin, TX 73301"
217137,Lightning Charging Cable,1,14.95,06/08/24 14:32,"378 1st St, San Francisco, CA 94016"
217138,Lightning Charging Cable,1,14.95,06/11/24 11:44,"637 Cedar St, New York City, NY 10001"
217139,20in Monitor,1,109.99,06/25/24 19:52,"310 4th St, Los Angeles, CA 90001"
217140,ThinkPad Laptop,1,999.99,06/08/24 12:21,"313 5th St, Atlanta, GA 30301"
217141,Bose SoundSport Headphones,1,99.99,06/16/24 18:01,"505 Center St, Los Angeles, CA 90001"
217142,USB-C Charging Cable,1,11.95,06/16/24 00:37,"839 Center St, Seattle, WA 98101"
217143,34in Ultrawide Monitor,1,379.99,06/14/24 17:30,"844 Madison St, Austin, TX 73301"
217144,AAA Batteries (4-pack),1,2.99,06/03/24 07:32,"268 4th St, San Francisco, CA 94016"
217145,USB-C Charging Cable,1,11.95,06/27/24 19:40,"641 4th St, Los Angeles, CA 90001"
217146,Google Phone,1,600,06/01/24 12:53,"118 Cedar St, Portland, OR 97035"
217147,Apple Airpods Headphones,1,150,06/03/24 10:03,"75 Center St, Portland, OR 97035"
217148,Lightning Charging Cable,1,14.95,06/20/24 17:48,"714 Willow St, Atlanta, GA 30301"
217149,Lightning Charging Cable,1,14.95,06/29/24 19:02,"911 South St, Austin, TX 73301"
217150,Bose SoundSport Headphones,1,99.99,06/14/24 17:56,"239 North St, Los Angeles, CA 90001"
217151,AAA Batteries (4-pack),1,2.99,06/01/24 20:23,"557 Lake St, San Francisco, CA 94016"
217152,Bose SoundSport Headphones,1,99.99,06/29/24 22:18,"710 Madison St, Dallas, TX 75001"
217153,20in Monitor,1,109.99,06/19/24 22:06,"321 4th St, San Francisco, CA 94016"
217154,27in FHD Monitor,1,149.99,06/03/24 19:13,"98 North St, Atlanta, GA 30301"
217155,iPhone,1,700,06/30/24 13:31,"869 Cedar St, Dallas, TX 75001"
217156,Apple Airpods Headphones,1,150,06/18/24 00:13,"152 Center St, New York City, NY 10001"
217157,Lightning Charging Cable,1,14.95,06/13/24 10:20,"903 Washington St, Atlanta, GA 30301"
217158,34in Ultrawide Monitor,1,379.99,06/21/24 12:46,"762 Willow St, Los Angeles, CA 90001"
217159,Bose SoundSport Headphones,1,99.99,06/24/24 19:44,"793 Hickory St, New York City, NY 10001"
217160,Bose SoundSport Headphones,1,99.99,06/28/24 22:58,"491 Park St, San Francisco, CA 94016"
217161,Bose SoundSport Headphones,1,99.99,06/16/24 15:31,"932 Washington St, San Francisco, CA 94016"
217162,AA Batteries (4-pack),5,3.84,06/12/24 21:06,"130 Dogwood St, Boston, MA 02215"
217163,Wired Headphones,2,11.99,06/08/24 22:20,"127 Hickory St, Dallas, TX 75001"
217164,Wired Headphones,1,11.99,06/29/24 09:50,"606 Highland St, San Francisco, CA 94016"
217165,27in 4K Gaming Monitor,1,389.99,06/14/24 08:10,"783 Willow St, San Francisco, CA 94016"
217166,Apple Airpods Headphones,1,150,06/15/24 19:25,"670 Church St, Boston, MA 02215"
217167,USB-C Charging Cable,2,11.95,06/21/24 23:25,"707 Hickory St, San Francisco, CA 94016"
217168,AAA Batteries (4-pack),1,2.99,06/01/24 23:37,"70 6th St, New York City, NY 10001"
217169,Apple Airpods Headphones,1,150,06/27/24 18:35,"85 Jackson St, San Francisco, CA 94016"
217169,ThinkPad Laptop,1,999.99,06/27/24 18:35,"85 Jackson St, San Francisco, CA 94016"
217170,Apple Airpods Headphones,1,150,06/12/24 16:09,"993 Lincoln St, Boston, MA 02215"
217171,iPhone,1,700,06/05/24 04:50,"104 10th St, Boston, MA 02215"
217172,27in FHD Monitor,1,149.99,06/07/24 08:17,"51 Cherry St, Austin, TX 73301"
217173,Lightning Charging Cable,1,14.95,06/23/24 01:53,"145 9th St, San Francisco, CA 94016"
217174,Lightning Charging Cable,1,14.95,06/21/24 10:18,"856 Jackson St, San Francisco, CA 94016"
217175,Flatscreen TV,1,300,06/30/24 11:24,"847 Highland St, Los Angeles, CA 90001"
217176,USB-C Charging Cable,1,11.95,06/07/24 14:55,"263 8th St, San Francisco, CA 94016"
217177,iPhone,1,700,06/24/24 03:13,"980 Meadow St, San Francisco, CA 94016"
217178,34in Ultrawide Monitor,1,379.99,06/22/24 10:48,"751 Adams St, Los Angeles, CA 90001"
217179,Bose SoundSport Headphones,1,99.99,06/16/24 13:16,"531 Ridge St, Portland, ME 04101"
217180,USB-C Charging Cable,1,11.95,06/23/24 23:05,"77 Jackson St, Boston, MA 02215"
217181,Lightning Charging Cable,1,14.95,06/26/24 13:01,"877 7th St, San Francisco, CA 94016"
217182,Wired Headphones,1,11.99,06/02/24 10:36,"79 Church St, New York City, NY 10001"
217183,AAA Batteries (4-pack),1,2.99,06/13/24 19:37,"53 8th St, San Francisco, CA 94016"
217184,Macbook Pro Laptop,1,1700,06/07/24 18:55,"688 7th St, Portland, OR 97035"
217185,AAA Batteries (4-pack),2,2.99,06/03/24 19:28,"170 6th St, San Francisco, CA 94016"
217185,Bose SoundSport Headphones,1,99.99,06/03/24 19:28,"170 6th St, San Francisco, CA 94016"
217186,Apple Airpods Headphones,1,150,06/09/24 16:19,"551 Main St, San Francisco, CA 94016"
217187,USB-C Charging Cable,1,11.95,06/05/24 13:32,"453 Highland St, San Francisco, CA 94016"
217188,Lightning Charging Cable,1,14.95,06/17/24 10:45,"236 Jackson St, Dallas, TX 75001"
217189,Lightning Charging Cable,1,14.95,06/24/24 11:53,"347 2nd St, Seattle, WA 98101"
217190,Apple Airpods Headphones,1,150,06/01/24 23:20,"543 Lakeview St, San Francisco, CA 94016"
217191,Lightning Charging Cable,1,14.95,06/17/24 12:05,"390 6th St, Los Angeles, CA 90001"
217192,AAA Batteries (4-pack),3,2.99,06/05/24 14:48,"611 Washington St, San Francisco, CA 94016"
217193,Apple Airpods Headphones,1,150,06/16/24 16:04,"612 Dogwood St, Los Angeles, CA 90001"
217194,AAA Batteries (4-pack),3,2.99,06/21/24 09:35,"687 Dogwood St, Seattle, WA 98101"
217195,AA Batteries (4-pack),1,3.84,06/26/24 22:02,"953 Meadow St, Los Angeles, CA 90001"
217196,AA Batteries (4-pack),2,3.84,06/19/24 02:46,"858 Lake St, San Francisco, CA 94016"
217197,iPhone,1,700,06/03/24 11:57,"339 14th St, Dallas, TX 75001"
217198,iPhone,1,700,06/21/24 11:13,"15 West St, Austin, TX 73301"
217199,AA Batteries (4-pack),1,3.84,06/04/24 18:45,"192 Highland St, San Francisco, CA 94016"
217200,Lightning Charging Cable,1,14.95,06/28/24 20:47,"659 Willow St, San Francisco, CA 94016"
217201,Lightning Charging Cable,1,14.95,06/13/24 21:58,"718 Forest St, Boston, MA 02215"
217202,USB-C Charging Cable,1,11.95,06/29/24 22:46,"491 7th St, Atlanta, GA 30301"
217203,Lightning Charging Cable,1,14.95,06/14/24 08:37,"768 Hickory St, Boston, MA 02215"
217204,AA Batteries (4-pack),1,3.84,06/12/24 15:53,"336 10th St, San Francisco, CA 94016"
217205,iPhone,1,700,06/01/24 13:09,"114 Lakeview St, Los Angeles, CA 90001"
217206,AAA Batteries (4-pack),1,2.99,06/13/24 10:51,"477 5th St, Dallas, TX 75001"
217207,Wired Headphones,1,11.99,06/15/24 14:06,"628 Jefferson St, Atlanta, GA 30301"
217208,Wired Headphones,1,11.99,06/13/24 22:45,"963 River St, Boston, MA 02215"
217209,Lightning Charging Cable,1,14.95,06/09/24 20:08,"342 11th St, Seattle, WA 98101"
217210,Apple Airpods Headphones,1,150,06/11/24 15:31,"258 10th St, Boston, MA 02215"
217210,Apple Airpods Headphones,1,150,06/11/24 15:31,"258 10th St, Boston, MA 02215"
217211,Lightning Charging Cable,1,14.95,06/19/24 17:48,"320 Madison St, San Francisco, CA 94016"
217212,27in FHD Monitor,1,149.99,06/21/24 15:21,"563 Center St, Portland, OR 97035"
217213,27in 4K Gaming Monitor,1,389.99,06/29/24 20:13,"575 7th St, Los Angeles, CA 90001"
217214,iPhone,1,700,06/10/24 10:26,"505 Chestnut St, Austin, TX 73301"
217215,USB-C Charging Cable,1,11.95,06/11/24 23:09,"963 14th St, New York City, NY 10001"
217216,AAA Batteries (4-pack),2,2.99,06/02/24 13:49,"742 11th St, San Francisco, CA 94016"
217217,AA Batteries (4-pack),1,3.84,06/23/24 00:00,"291 Dogwood St, San Francisco, CA 94016"
217218,Apple Airpods Headphones,1,150,06/11/24 10:32,"670 11th St, Austin, TX 73301"
217219,Lightning Charging Cable,1,14.95,06/08/24 20:47,"821 9th St, San Francisco, CA 94016"
217220,Google Phone,1,600,06/21/24 21:47,"835 Hill St, Boston, MA 02215"
217221,USB-C Charging Cable,1,11.95,06/01/24 19:00,"734 Adams St, San Francisco, CA 94016"
217222,USB-C Charging Cable,1,11.95,06/17/24 22:31,"808 River St, Dallas, TX 75001"
217223,27in 4K Gaming Monitor,1,389.99,06/12/24 20:07,"347 Willow St, Dallas, TX 75001"
217224,20in Monitor,1,109.99,06/26/24 11:02,"639 2nd St, Los Angeles, CA 90001"
217225,Apple Airpods Headphones,1,150,06/13/24 05:26,"193 Forest St, San Francisco, CA 94016"
217226,Bose SoundSport Headphones,1,99.99,06/02/24 18:07,"918 5th St, Boston, MA 02215"
217227,Bose SoundSport Headphones,1,99.99,06/17/24 19:21,"322 Hill St, New York City, NY 10001"
217228,Lightning Charging Cable,1,14.95,06/27/24 18:33,"702 Forest St, Dallas, TX 75001"
217229,AAA Batteries (4-pack),3,2.99,06/29/24 16:21,"616 Center St, San Francisco, CA 94016"
217230,Wired Headphones,1,11.99,06/13/24 18:48,"786 13th St, Boston, MA 02215"
217231,Vareebadd Phone,1,400,06/18/24 07:55,"340 Church St, Boston, MA 02215"
217232,Lightning Charging Cable,1,14.95,06/24/24 20:23,"388 Spruce St, Boston, MA 02215"
217233,27in 4K Gaming Monitor,1,389.99,06/22/24 01:58,"776 Washington St, Los Angeles, CA 90001"
217234,AA Batteries (4-pack),1,3.84,06/30/24 08:27,"567 Maple St, San Francisco, CA 94016"
217235,AAA Batteries (4-pack),3,2.99,06/17/24 23:55,"230 Pine St, San Francisco, CA 94016"
217236,AA Batteries (4-pack),1,3.84,06/27/24 11:49,"405 6th St, Boston, MA 02215"
217237,AA Batteries (4-pack),2,3.84,06/25/24 11:00,"823 Walnut St, New York City, NY 10001"
217238,27in FHD Monitor,1,149.99,06/22/24 08:26,"269 River St, Austin, TX 73301"
217239,20in Monitor,1,109.99,06/21/24 21:04,"940 Pine St, New York City, NY 10001"
217240,iPhone,1,700,06/24/24 18:55,"921 Main St, Los Angeles, CA 90001"
217241,AA Batteries (4-pack),1,3.84,06/14/24 13:52,"887 11th St, San Francisco, CA 94016"
217242,ThinkPad Laptop,1,999.99,06/28/24 14:47,"982 Main St, Los Angeles, CA 90001"
217243,Lightning Charging Cable,1,14.95,06/24/24 23:38,"340 Park St, Portland, ME 04101"
217244,USB-C Charging Cable,1,11.95,06/25/24 13:14,"746 Lincoln St, New York City, NY 10001"
217245,Bose SoundSport Headphones,1,99.99,06/30/24 16:21,"872 Center St, Los Angeles, CA 90001"
217246,AAA Batteries (4-pack),2,2.99,06/25/24 21:14,"134 Spruce St, Los Angeles, CA 90001"
217247,AAA Batteries (4-pack),1,2.99,06/29/24 22:28,"342 13th St, New York City, NY 10001"
217248,Vareebadd Phone,1,400,06/11/24 21:57,"243 Lake St, Atlanta, GA 30301"
217249,Wired Headphones,1,11.99,06/20/24 18:08,"900 Cedar St, San Francisco, CA 94016"
217250,Lightning Charging Cable,1,14.95,06/13/24 23:07,"704 Pine St, New York City, NY 10001"
217251,Bose SoundSport Headphones,1,99.99,06/24/24 04:59,"818 South St, Los Angeles, CA 90001"
217252,Apple Airpods Headphones,1,150,06/26/24 09:02,"832 Hill St, Boston, MA 02215"
217253,Bose SoundSport Headphones,1,99.99,06/12/24 21:28,"591 River St, San Francisco, CA 94016"
217254,27in 4K Gaming Monitor,1,389.99,06/05/24 16:01,"554 2nd St, Seattle, WA 98101"
217255,Wired Headphones,1,11.99,06/23/24 10:25,"50 Jackson St, Seattle, WA 98101"
217256,20in Monitor,1,109.99,06/26/24 16:06,"584 River St, Austin, TX 73301"
217257,34in Ultrawide Monitor,1,379.99,06/15/24 21:40,"705 12th St, Los Angeles, CA 90001"
217258,USB-C Charging Cable,2,11.95,06/18/24 12:25,"336 Hickory St, Los Angeles, CA 90001"
217259,Lightning Charging Cable,1,14.95,06/08/24 07:18,"632 Ridge St, Atlanta, GA 30301"
217260,Wired Headphones,1,11.99,06/19/24 21:03,"147 Cedar St, Dallas, TX 75001"
217261,AAA Batteries (4-pack),1,2.99,06/20/24 11:27,"905 Park St, Seattle, WA 98101"
217262,Apple Airpods Headphones,1,150,06/04/24 11:00,"487 Jackson St, Dallas, TX 75001"
217263,Macbook Pro Laptop,1,1700,06/18/24 17:08,"163 Maple St, Dallas, TX 75001"
217264,AA Batteries (4-pack),2,3.84,06/20/24 10:28,"452 8th St, Dallas, TX 75001"
217265,iPhone,1,700,06/06/24 00:39,"766 5th St, San Francisco, CA 94016"
217266,Lightning Charging Cable,1,14.95,06/12/24 13:30,"594 2nd St, San Francisco, CA 94016"
217267,Lightning Charging Cable,1,14.95,06/10/24 19:52,"791 10th St, Dallas, TX 75001"
217268,Vareebadd Phone,1,400,06/25/24 12:10,"147 1st St, San Francisco, CA 94016"
217269,Lightning Charging Cable,1,14.95,06/29/24 09:26,"899 7th St, Boston, MA 02215"
217270,AA Batteries (4-pack),2,3.84,06/01/24 19:22,"575 River St, New York City, NY 10001"
217271,Bose SoundSport Headphones,1,99.99,06/05/24 12:11,"231 Adams St, Portland, OR 97035"
217272,AA Batteries (4-pack),1,3.84,06/15/24 16:16,"191 Pine St, San Francisco, CA 94016"
217273,Lightning Charging Cable,2,14.95,06/21/24 14:43,"201 Washington St, San Francisco, CA 94016"
217274,AAA Batteries (4-pack),1,2.99,06/06/24 14:46,"371 River St, Los Angeles, CA 90001"
217274,Wired Headphones,1,11.99,06/06/24 14:46,"371 River St, Los Angeles, CA 90001"
217275,Wired Headphones,1,11.99,06/03/24 20:49,"174 Spruce St, Los Angeles, CA 90001"
217276,Google Phone,1,600,06/03/24 11:59,"979 Wilson St, Boston, MA 02215"
217277,AA Batteries (4-pack),1,3.84,06/14/24 16:46,"726 5th St, Dallas, TX 75001"
217278,ThinkPad Laptop,1,999.99,06/26/24 11:58,"725 Spruce St, Austin, TX 73301"
217279,Wired Headphones,1,11.99,06/10/24 01:14,"666 Hickory St, San Francisco, CA 94016"
217280,Wired Headphones,1,11.99,06/03/24 12:54,"779 Cedar St, New York City, NY 10001"
217281,Apple Airpods Headphones,1,150,06/08/24 21:13,"102 7th St, Atlanta, GA 30301"
217282,AA Batteries (4-pack),1,3.84,06/02/24 20:14,"455 Dogwood St, San Francisco, CA 94016"
217283,Apple Airpods Headphones,1,150,06/09/24 10:13,"566 Wilson St, Boston, MA 02215"
217284,Wired Headphones,1,11.99,06/26/24 12:09,"223 Cedar St, Portland, OR 97035"
Order ID,Product,Quantity Ordered,Price Each,Order Date,Purchase Address
217285,27in 4K Gaming Monitor,1,389.99,06/06/24 20:22,"72 Washington St, San Francisco, CA 94016"
217286,Bose SoundSport Headphones,1,99.99,06/29/24 08:43,"371 Elm St, San Francisco, CA 94016"
217287,Flatscreen TV,1,300,06/03/24 19:58,"10 Walnut St, Los Angeles, CA 90001"
217288,20in Monitor,1,109.99,06/05/24 19:46,"775 Cedar St, Boston, MA 02215"
217289,Wired Headphones,1,11.99,06/21/24 22:59,"487 Church St, Los Angeles, CA 90001"
217290,Wired Headphones,1,11.99,06/23/24 20:42,"170 Park St, San Francisco, CA 94016"
217291,USB-C Charging Cable,1,11.95,06/21/24 11:23,"715 8th St, San Francisco, CA 94016"
217292,Flatscreen TV,1,300,06/23/24 20:10,"461 1st St, San Francisco, CA 94016"
217293,Lightning Charging Cable,1,14.95,06/19/24 19:05,"996 Forest St, Boston, MA 02215"
217294,34in Ultrawide Monitor,1,379.99,06/05/24 09:30,"336 Washington St, Los Angeles, CA 90001"
217295,ThinkPad Laptop,1,999.99,06/13/24 17:39,"89 River St, Austin, TX 73301"
217296,Apple Airpods Headphones,1,150,06/17/24 14:00,"529 Jefferson St, Atlanta, GA 30301"
217297,USB-C Charging Cable,1,11.95,06/26/24 00:07,"899 Pine St, San Francisco, CA 94016"
217298,Bose SoundSport Headphones,1,99.99,06/07/24 23:25,"132 4th St, Boston, MA 02215"
217299,Bose SoundSport Headphones,1,99.99,06/25/24 12:01,"507 Lincoln St, Boston, MA 02215"
217300,Google Phone,1,600,06/15/24 15:35,"646 Hill St, Dallas, TX 75001"
217301,AAA Batteries (4-pack),1,2.99,06/04/24 11:48,"281 Madison St, Dallas, TX 75001"
217302,Vareebadd Phone,1,400,06/22/24 21:48,"115 North St, Boston, MA 02215"
217302,Bose SoundSport Headphones,1,99.99,06/22/24 21:48,"115 North St, Boston, MA 02215"
217303,AAA Batteries (4-pack),2,2.99,06/20/24 13:31,"319 Hickory St, Dallas, TX 75001"
217304,USB-C Charging Cable,1,11.95,06/24/24 18:49,"761 2nd St, San Francisco, CA 94016"
217305,Lightning Charging Cable,1,14.95,06/07/24 22:37,"451 Forest St, Seattle, WA 98101"
217306,AAA Batteries (4-pack),1,2.99,06/05/24 19:42,"316 River St, Atlanta, GA 30301"
217307,Lightning Charging Cable,1,14.95,06/27/24 01:52,"764 Center St, Seattle, WA 98101"
217308,Bose SoundSport Headphones,1,99.99,06/20/24 20:58,"567 Elm St, New York City, NY 10001"
217309,Lightning Charging Cable,1,14.95,06/08/24 16:54,"841 Park St, Atlanta, GA 30301"
217310,AA Batteries (4-pack),1,3.84,06/21/24 23:41,"495 Church St, Los Angeles, CA 90001"
217311,AA Batteries (4-pack),1,3.84,06/25/24 18:32,"588 Cherry St, San Francisco, CA 94016"
217312,Bose SoundSport Headphones,1,99.99,06/01/24 19:40,"473 6th St, Austin, TX 73301"
217313,Wired Headphones,1,11.99,06/29/24 20:37,"781 Madison St, San Francisco, CA 94016"
217314,Bose SoundSport Headphones,1,99.99,06/10/24 21:42,"496 Hickory St, Boston, MA 02215"
217315,Macbook Pro Laptop,1,1700,06/11/24 16:54,"578 12th St, New York City, NY 10001"
217316,Bose SoundSport Headphones,1,99.99,06/02/24 11:52,"967 Ridge St, San Francisco, CA 94016"
217317,AAA Batteries (4-pack),1,2.99,06/19/24 09:29,"223 Willow St, Los Angeles, CA 90001"
217318,Bose SoundSport Headphones,1,99.99,06/17/24 21:59,"31 13th St, Dallas, TX 75001"
217319,Wired Headphones,1,11.99,06/06/24 08:09,"571 14th St, Seattle, WA 98101"
217320,Macbook Pro Laptop,1,1700,06/03/24 19:40,"169 12th St, Boston, MA 02215"
217321,USB-C Charging Cable,1,11.95,06/22/24 01:48,"505 Walnut St, Dallas, TX 75001"
217322,Macbook Pro Laptop,1,1700,06/10/24 19:10,"744 North St, San Francisco, CA 94016"
217323,Lightning Charging Cable,1,14.95,06/16/24 22:02,"761 10th St, Boston, MA 02215"
217324,Lightning Charging Cable,1,14.95,06/15/24 01:12,"915 Meadow St, Austin, TX 73301"
217325,USB-C Charging Cable,1,11.95,06/10/24 16:52,"162 Cedar St, San Francisco, CA 94016"
217326,Flatscreen TV,1,300,06/11/24 17:29,"488 12th St, Seattle, WA 98101"
217327,AAA Batteries (4-pack),4,2.99,06/03/24 11:07,"862 Center St, Portland, OR 97035"
217328,LG Washing Machine,1,600.0,06/21/24 12:48,"136 8th St, New York City, NY 10001"
217329,Lightning Charging Cable,1,14.95,06/02/24 10:14,"429 Chestnut St, Boston, MA 02215"
217330,Apple Airpods Headphones,1,150,06/24/24 02:01,"949 Highland St, Dallas, TX 75001"
217331,USB-C Charging Cable,2,11.95,06/22/24 16:13,"413 Spruce St, San Francisco, CA 94016"
217332,AA Batteries (4-pack),1,3.84,06/27/24 14:40,"749 Dogwood St, Atlanta, GA 30301"
217333,Lightning Charging Cable,2,14.95,06/19/24 03:07,"358 Jefferson St, Boston, MA 02215"
217334,Bose SoundSport Headphones,1,99.99,06/03/24 19:14,"26 9th St, New York City, NY 10001"
217335,27in 4K Gaming Monitor,1,389.99,06/06/24 01:47,"410 Highland St, Los Angeles, CA 90001"
217336,AAA Batteries (4-pack),2,2.99,06/18/24 11:17,"997 Jackson St, Portland, OR 97035"
217337,Wired Headphones,1,11.99,06/02/24 21:14,"963 4th St, Portland, OR 97035"
217338,Wired Headphones,1,11.99,06/01/24 16:23,"893 7th St, Atlanta, GA 30301"
217339,Bose SoundSport Headphones,1,99.99,06/08/24 12:54,"376 Ridge St, Seattle, WA 98101"
217340,Apple Airpods Headphones,1,150,06/19/24 13:54,"560 Cedar St, San Francisco, CA 94016"
217341,Apple Airpods Headphones,1,150,06/28/24 19:06,"777 Walnut St, Portland, OR 97035"
217342,Flatscreen TV,1,300,06/12/24 16:56,"593 Johnson St, Dallas, TX 75001"
217343,AAA Batteries (4-pack),2,2.99,06/06/24 10:17,"706 12th St, San Francisco, CA 94016"
217344,USB-C Charging Cable,1,11.95,06/05/24 09:56,"401 4th St, Boston, MA 02215"
217345,Macbook Pro Laptop,1,1700,06/01/24 12:17,"718 Main St, Seattle, WA 98101"
217346,USB-C Charging Cable,1,11.95,06/08/24 23:39,"304 Center St, Austin, TX 73301"
217347,AAA Batteries (4-pack),3,2.99,06/05/24 08:14,"636 Dogwood St, Dallas, TX 75001"
217348,AA Batteries (4-pack),1,3.84,06/20/24 23:22,"690 Hickory St, San Francisco, CA 94016"
217349,AA Batteries (4-pack),1,3.84,06/12/24 19:20,"607 1st St, Los Angeles, CA 90001"
217350,AAA Batteries (4-pack),1,2.99,06/28/24 11:50,"184 Hill St, Portland, ME 04101"
217351,Macbook Pro Laptop,1,1700,06/27/24 06:47,"181 14th St, San Francisco, CA 94016"
217352,ThinkPad Laptop,1,999.99,06/18/24 08:36,"729 5th St, San Francisco, CA 94016"
217353,27in FHD Monitor,1,149.99,06/15/24 18:25,"206 6th St, San Francisco, CA 94016"
217354,Bose SoundSport Headphones,1,99.99,06/16/24 18:40,"260 Pine St, San Francisco, CA 94016"
217355,Wired Headphones,1,11.99,06/21/24 11:14,"262 Lakeview St, San Francisco, CA 94016"
217356,USB-C Charging Cable,1,11.95,06/23/24 19:08,"799 7th St, Boston, MA 02215"
217357,AAA Batteries (4-pack),2,2.99,06/08/24 20:06,"544 Main St, Portland, OR 97035"
217358,AAA Batteries (4-pack),3,2.99,06/04/24 17:53,"300 Pine St, Portland, OR 97035"
217359,Apple Airpods Headphones,1,150,06/03/24 23:55,"878 Lake St, Atlanta, GA 30301"
217360,iPhone,1,700,06/23/24 21:53,"602 Meadow St, Los Angeles, CA 90001"
217360,Apple Airpods Headphones,1,150,06/23/24 21:53,"602 Meadow St, Los Angeles, CA 90001"
217360,Wired Headphones,1,11.99,06/23/24 21:53,"602 Meadow St, Los Angeles, CA 90001"
217361,Lightning Charging Cable,1,14.95,06/03/24 21:16,"414 Forest St, Boston, MA 02215"
217362,iPhone,1,700,06/23/24 10:37,"652 Chestnut St, San Francisco, CA 94016"
217363,AAA Batteries (4-pack),1,2.99,06/01/24 16:14,"640 Sunset St, Portland, ME 04101"
217364,Wired Headphones,1,11.99,06/22/24 16:03,"510 Lakeview St, New York City, NY 10001"
217365,AA Batteries (4-pack),1,3.84,06/20/24 08:10,"91 5th St, Seattle, WA 98101"
217366,34in Ultrawide Monitor,1,379.99,06/20/24 18:05,"606 West St, Atlanta, GA 30301"
217367,Lightning Charging Cable,1,14.95,06/28/24 19:07,"414 Lakeview St, Dallas, TX 75001"
217368,Macbook Pro Laptop,1,1700,06/01/24 20:41,"305 14th St, Atlanta, GA 30301"
217369,AA Batteries (4-pack),2,3.84,06/21/24 11:29,"122 4th St, San Francisco, CA 94016"
217370,Lightning Charging Cable,2,14.95,06/20/24 18:11,"243 5th St, New York City, NY 10001"
217371,USB-C Charging Cable,1,11.95,06/13/24 16:00,"771 Cherry St, Atlanta, GA 30301"
217372,Bose SoundSport Headphones,1,99.99,06/19/24 12:26,"335 Spruce St, San Francisco, CA 94016"
217373,Wired Headphones,1,11.99,06/30/24 14:34,"953 Center St, Boston, MA 02215"
217374,Lightning Charging Cable,2,14.95,06/27/24 22:14,"530 12th St, Dallas, TX 75001"
217375,AA Batteries (4-pack),1,3.84,06/20/24 16:10,"843 Park St, San Francisco, CA 94016"
217376,AA Batteries (4-pack),1,3.84,06/22/24 22:09,"239 2nd St, Dallas, TX 75001"
217377,AAA Batteries (4-pack),1,2.99,06/05/24 23:28,"915 Park St, Atlanta, GA 30301"
217378,Apple Airpods Headphones,1,150,06/23/24 07:22,"370 14th St, Los Angeles, CA 90001"
217379,Apple Airpods Headphones,1,150,06/06/24 21:12,"488 Cherry St, Portland, OR 97035"
217380,AAA Batteries (4-pack),2,2.99,06/29/24 07:36,"216 7th St, Portland, ME 04101"
217381,27in 4K Gaming Monitor,1,389.99,06/25/24 12:06,"90 14th St, New York City, NY 10001"
217382,AA Batteries (4-pack),1,3.84,06/14/24 09:04,"717 West St, Boston, MA 02215"
217383,Wired Headphones,1,11.99,06/02/24 18:24,"81 Forest St, Seattle, WA 98101"
217384,20in Monitor,1,109.99,06/06/24 09:42,"502 Maple St, Los Angeles, CA 90001"
217385,Flatscreen TV,1,300,06/15/24 14:25,"899 Park St, Los Angeles, CA 90001"
217386,USB-C Charging Cable,1,11.95,06/09/24 02:13,"586 Willow St, Atlanta, GA 30301"
217387,Lightning Charging Cable,1,14.95,06/18/24 12:16,"85 Cherry St, Atlanta, GA 30301"
217388,AAA Batteries (4-pack),2,2.99,06/01/24 11:47,"13 Forest St, Portland, OR 97035"
217389,Lightning Charging Cable,1,14.95,06/07/24 15:35,"643 Elm St, Austin, TX 73301"
217390,Flatscreen TV,1,300,06/28/24 21:57,"553 Center St, San Francisco, CA 94016"
217391,27in FHD Monitor,1,149.99,06/26/24 01:01,"376 Cedar St, Los Angeles, CA 90001"
217392,27in FHD Monitor,1,149.99,06/14/24 20:44,"430 Cherry St, Portland, OR 97035"
217393,AA Batteries (4-pack),1,3.84,06/13/24 23:44,"211 South St, Boston, MA 02215"
217394,Bose SoundSport Headphones,1,99.99,06/10/24 13:00,"739 Jefferson St, Los Angeles, CA 90001"
217395,Apple Airpods Headphones,1,150,06/14/24 20:57,"209 11th St, New York City, NY 10001"
217396,Wired Headphones,1,11.99,06/05/24 21:57,"767 Cedar St, Seattle, WA 98101"
217397,AA Batteries (4-pack),1,3.84,06/30/24 09:56,"846 West St, Seattle, WA 98101"
217398,Apple Airpods Headphones,1,150,06/15/24 22:02,"30 Washington St, Boston, MA 02215"
217399,Apple Airpods Headphones,1,150,06/22/24 13:26,"264 Jefferson St, San Francisco, CA 94016"
217400,AA Batteries (4-pack),1,3.84,06/30/24 21:05,"715 Church St, Seattle, WA 98101"
217401,AA Batteries (4-pack),1,3.84,06/19/24 21:30,"918 South St, New York City, NY 10001"
217402,Flatscreen TV,1,300,06/17/24 00:29,"472 Lakeview St, New York City, NY 10001"
217403,Wired Headphones,1,11.99,06/13/24 12:29,"146 Jefferson St, San Francisco, CA 94016"
217404,AA Batteries (4-pack),1,3.84,06/28/24 23:08,"146 Ridge St, San Francisco, CA 94016"
217405,Apple Airpods Headphones,1,150,06/10/24 18:34,"528 Highland St, Boston, MA 02215"
217406,Vareebadd Phone,1,400,06/04/24 19:06,"603 Park St, Portland, OR 97035"
217407,AA Batteries (4-pack),1,3.84,06/28/24 17:34,"505 Lakeview St, San Francisco, CA 94016"
217408,Flatscreen TV,1,300,06/29/24 13:34,"354 West St, New York City, NY 10001"
217409,Apple Airpods Headphones,1,150,06/22/24 15:06,"258 Center St, New York City, NY 10001"
217410,Apple Airpods Headphones,1,150,06/05/24 01:26,"666 Wilson St, San Francisco, CA 94016"
217411,34in Ultrawide Monitor,1,379.99,06/08/24 14:06,"298 14th St, San Francisco, CA 94016"
217412,Bose SoundSport Headphones,1,99.99,06/19/24 03:36,"28 7th St, San Francisco, CA 94016"
217413,AAA Batteries (4-pack),2,2.99,06/28/24 23:06,"134 River St, Los Angeles, CA 90001"
217414,Wired Headphones,1,11.99,06/04/24 22:02,"236 Willow St, Portland, OR 97035"
217415,34in Ultrawide Monitor,1,379.99,06/29/24 21:29,"332 Maple St, New York City, NY 10001"
217416,34in Ultrawide Monitor,1,379.99,06/04/24 08:44,"271 Center St, Boston, MA 02215"
217417,AAA Batteries (4-pack),1,2.99,06/26/24 13:26,"186 Walnut St, New York City, NY 10001"
217418,AA Batteries (4-pack),1,3.84,06/10/24 10:27,"438 Sunset St, Portland, OR 97035"
217419,iPhone,1,700,06/28/24 19:38,"522 South St, Portland, OR 97035"
217420,Google Phone,1,600,06/05/24 22:28,"443 South St, San Francisco, CA 94016"
217421,Wired Headphones,1,11.99,06/04/24 11:10,"660 West St, Atlanta, GA 30301"
217422,Flatscreen TV,1,300,06/23/24 17:35,"227 Spruce St, Seattle, WA 98101"
217423,iPhone,1,700,06/03/24 01:08,"148 Dogwood St, Los Angeles, CA 90001"
217424,Lightning Charging Cable,1,14.95,06/29/24 16:20,"786 Spruce St, Los Angeles, CA 90001"
217425,Wired Headphones,1,11.99,06/05/24 19:39,"514 Jefferson St, San Francisco, CA 94016"
217426,Lightning Charging Cable,1,14.95,06/22/24 23:08,"451 Jackson St, Boston, MA 02215"
217427,USB-C Charging Cable,1,11.95,06/20/24 17:41,"427 Lake St, Boston, MA 02215"
217428,iPhone,1,700,06/25/24 07:53,"390 South St, Los Angeles, CA 90001"
217429,AA Batteries (4-pack),1,3.84,06/09/24 10:45,"865 Church St, Atlanta, GA 30301"
217430,27in 4K Gaming Monitor,1,389.99,06/03/24 19:06,"389 Adams St, Dallas, TX 75001"
217431,iPhone,1,700,06/20/24 16:04,"277 14th St, Dallas, TX 75001"
217432,AA Batteries (4-pack),4,3.84,06/07/24 00:45,"876 7th St, New York City, NY 10001"
217433,20in Monitor,1,109.99,06/08/24 15:57,"173 Center St, Boston, MA 02215"
217434,Bose SoundSport Headphones,1,99.99,06/06/24 08:37,"584 Maple St, Seattle, WA 98101"
217435,USB-C Charging Cable,1,11.95,06/29/24 20:21,"519 Park St, New York City, NY 10001"
217436,iPhone,1,700,06/17/24 15:58,"733 Ridge St, Atlanta, GA 30301"
217437,ThinkPad Laptop,1,999.99,06/28/24 18:05,"887 1st St, San Francisco, CA 94016"
217438,AA Batteries (4-pack),1,3.84,06/21/24 14:22,"860 Jackson St, Boston, MA 02215"
217439,Apple Airpods Headphones,1,150,06/26/24 15:42,"941 Adams St, Los Angeles, CA 90001"
217440,Flatscreen TV,1,300,06/27/24 17:57,"991 Jackson St, Austin, TX 73301"
217441,Apple Airpods Headphones,1,150,06/02/24 17:57,"986 6th St, New York City, NY 10001"
217442,Wired Headphones,1,11.99,06/06/24 13:15,"121 Chestnut St, Dallas, TX 75001"
217443,27in 4K Gaming Monitor,1,389.99,06/20/24 22:29,"212 Dogwood St, San Francisco, CA 94016"
217444,Apple Airpods Headphones,1,150,06/23/24 13:50,"477 12th St, San Francisco, CA 94016"
217445,27in FHD Monitor,1,149.99,06/07/24 01:17,"821 Ridge St, Los Angeles, CA 90001"
217446,AAA Batteries (4-pack),1,2.99,06/25/24 07:08,"676 Sunset St, Boston, MA 02215"
217447,Apple Airpods Headphones,1,150,06/27/24 21:06,"361 4th St, Austin, TX 73301"
217448,AA Batteries (4-pack),1,3.84,06/07/24 12:25,"228 Main St, New York City, NY 10001"
217449,AAA Batteries (4-pack),1,2.99,06/14/24 18:50,"309 Church St, Seattle, WA 98101"
217450,Bose SoundSport Headphones,1,99.99,06/25/24 13:42,"649 Spruce St, Austin, TX 73301"
217451,AAA Batteries (4-pack),1,2.99,06/28/24 22:13,"789 14th St, San Francisco, CA 94016"
217452,USB-C Charging Cable,1,11.95,06/17/24 18:21,"825 Lakeview St, Boston, MA 02215"
217453,AA Batteries (4-pack),1,3.84,06/28/24 12:01,"316 Wilson St, New York City, NY 10001"
217454,USB-C Charging Cable,1,11.95,06/05/24 14:27,"177 12th St, Boston, MA 02215"
217455,Bose SoundSport Headphones,1,99.99,06/10/24 14:51,"652 Lincoln St, San Francisco, CA 94016"
217456,AA Batteries (4-pack),2,3.84,06/13/24 22:25,"399 Cedar St, Austin, TX 73301"
217457,AA Batteries (4-pack),1,3.84,06/06/24 09:40,"777 Hickory St, Boston, MA 02215"
217458,Bose SoundSport Headphones,1,99.99,06/05/24 19:53,"665 6th St, New York City, NY 10001"
217459,Apple Airpods Headphones,1,150,06/23/24 13:22,"424 Cedar St, New York City, NY 10001"
217460,Google Phone,1,600,06/09/24 16:19,"413 8th St, San Francisco, CA 94016"
217460,USB-C Charging Cable,1,11.95,06/09/24 16:19,"413 8th St, San Francisco, CA 94016"
217461,iPhone,1,700,06/01/24 12:14,"592 1st St, Los Angeles, CA 90001"
217462,Wired Headphones,1,11.99,06/06/24 23:31,"323 11th St, Los Angeles, CA 90001"
217463,AAA Batteries (4-pack),1,2.99,06/25/24 10:59,"533 4th St, San Francisco, CA 94016"
217464,Bose SoundSport Headphones,1,99.99,06/28/24 21:16,"944 Willow St, San Francisco, CA 94016"
217465,Apple Airpods Headphones,1,150,06/24/24 15:06,"307 13th St, San Francisco, CA 94016"
217466,Wired Headphones,1,11.99,06/02/24 10:06,"723 Pine St, Los Angeles, CA 90001"
217467,27in 4K Gaming Monitor,1,389.99,06/19/24 18:52,"720 8th St, San Francisco, CA 94016"
217468,Lightning Charging Cable,1,14.95,06/24/24 19:41,"623 Sunset St, Atlanta, GA 30301"
217469,iPhone,1,700,06/15/24 10:05,"678 8th St, New York City, NY 10001"
217469,USB-C Charging Cable,1,11.95,06/15/24 10:05,"678 8th St, New York City, NY 10001"
217470,iPhone,1,700,06/07/24 19:07,"626 10th St, Atlanta, GA 30301"
217471,Macbook Pro Laptop,1,1700,06/09/24 00:00,"844 11th St, Seattle, WA 98101"
217472,iPhone,1,700,06/29/24 11:14,"315 Jackson St, Austin, TX 73301"
217473,AA Batteries (4-pack),1,3.84,06/17/24 19:40,"223 Jefferson St, San Francisco, CA 94016"
217474,AAA Batteries (4-pack),2,2.99,06/09/24 14:43,"751 Jefferson St, Los Angeles, CA 90001"
217475,AA Batteries (4-pack),1,3.84,06/27/24 17:46,"366 Maple St, Atlanta, GA 30301"
217476,USB-C Charging Cable,1,11.95,06/04/24 13:18,"831 Walnut St, San Francisco, CA 94016"
217477,Apple Airpods Headphones,1,150,06/18/24 22:10,"748 7th St, Los Angeles, CA 90001"
217478,Lightning Charging Cable,1,14.95,06/26/24 17:52,"512 12th St, Atlanta, GA 30301"
217479,Lightning Charging Cable,1,14.95,06/27/24 01:59,"969 13th St, Los Angeles, CA 90001"
217480,34in Ultrawide Monitor,1,379.99,06/12/24 19:55,"577 Highland St, Boston, MA 02215"
217481,ThinkPad Laptop,1,999.99,06/07/24 14:38,"663 Adams St, Portland, OR 97035"
217482,27in 4K Gaming Monitor,1,389.99,06/11/24 20:23,"430 Walnut St, New York City, NY 10001"
217483,20in Monitor,1,109.99,06/17/24 10:35,"965 Church St, Austin, TX 73301"
217484,AA Batteries (4-pack),1,3.84,06/26/24 19:20,"829 Cedar St, San Francisco, CA 94016"
217485,AA Batteries (4-pack),1,3.84,06/28/24 01:10,"117 4th St, Atlanta, GA 30301"
217486,USB-C Charging Cable,2,11.95,06/03/24 21:49,"171 Main St, Boston, MA 02215"
217487,USB-C Charging Cable,1,11.95,06/05/24 10:35,"376 7th St, Boston, MA 02215"
217488,AAA Batteries (4-pack),1,2.99,06/24/24 10:33,"28 Pine St, New York City, NY 10001"
217489,Wired Headphones,1,11.99,06/01/24 18:14,"189 Sunset St, Atlanta, GA 30301"
217490,20in Monitor,1,109.99,06/17/24 09:42,"652 River St, Los Angeles, CA 90001"
217491,Apple Airpods Headphones,1,150,06/14/24 12:16,"183 13th St, San Francisco, CA 94016"
217492,Apple Airpods Headphones,1,150,06/04/24 20:45,"312 Maple St, Los Angeles, CA 90001"
217493,20in Monitor,1,109.99,06/23/24 12:30,"71 Lake St, San Francisco, CA 94016"
217494,Bose SoundSport Headphones,1,99.99,06/05/24 10:15,"624 Elm St, San Francisco, CA 94016"
217495,USB-C Charging Cable,1,11.95,06/12/24 19:51,"159 Wilson St, Los Angeles, CA 90001"
217496,Lightning Charging Cable,1,14.95,06/10/24 13:58,"816 Maple St, Austin, TX 73301"
217497,Lightning Charging Cable,1,14.95,06/17/24 07:07,"324 Willow St, Portland, ME 04101"
217498,34in Ultrawide Monitor,1,379.99,06/20/24 20:49,"233 12th St, Los Angeles, CA 90001"
217499,Apple Airpods Headphones,1,150,06/26/24 21:06,"432 Willow St, Seattle, WA 98101"
217500,27in 4K Gaming Monitor,1,389.99,06/04/24 19:04,"940 West St, Los Angeles, CA 90001"
217501,Google Phone,1,600,06/04/24 14:08,"698 South St, Austin, TX 73301"
217502,USB-C Charging Cable,1,11.95,06/19/24 16:49,"156 7th St, Austin, TX 73301"
217503,AA Batteries (4-pack),1,3.84,06/26/24 13:47,"210 8th St, Los Angeles, CA 90001"
217504,USB-C Charging Cable,1,11.95,06/13/24 19:16,"586 Spruce St, Los Angeles, CA 90001"
217505,Wired Headphones,1,11.99,06/24/24 18:20,"201 Cherry St, Boston, MA 02215"
217505,Flatscreen TV,1,300,06/24/24 18:20,"201 Cherry St, Boston, MA 02215"
217506,Google Phone,1,600,06/05/24 11:34,"355 10th St, New York City, NY 10001"
217507,AAA Batteries (4-pack),1,2.99,06/01/24 18:21,"26 Ridge St, San Francisco, CA 94016"
217508,AAA Batteries (4-pack),2,2.99,06/20/24 00:56,"983 West St, Atlanta, GA 30301"
217509,AA Batteries (4-pack),1,3.84,06/10/24 09:57,"111 10th St, Atlanta, GA 30301"
217510,27in FHD Monitor,1,149.99,06/19/24 12:51,"90 Main St, Los Angeles, CA 90001"
217511,27in 4K Gaming Monitor,1,389.99,06/11/24 14:59,"187 Forest St, New York City, NY 10001"
217512,iPhone,1,700,06/12/24 07:20,"970 12th St, Los Angeles, CA 90001"
217513,Wired Headphones,1,11.99,06/10/24 16:25,"245 10th St, San Francisco, CA 94016"
217514,Wired Headphones,1,11.99,06/17/24 12:33,"546 Cedar St, Boston, MA 02215"
217515,27in FHD Monitor,1,149.99,06/10/24 20:07,"529 Sunset St, Seattle, WA 98101"
217516,Bose SoundSport Headphones,1,99.99,06/29/24 04:47,"729 Lakeview St, San Francisco, CA 94016"
217517,Lightning Charging Cable,2,14.95,06/07/24 23:37,"560 Cherry St, Seattle, WA 98101"
217518,Wired Headphones,2,11.99,06/23/24 22:19,"816 North St, Dallas, TX 75001"
217519,USB-C Charging Cable,2,11.95,06/13/24 11:31,"690 North St, Portland, OR 97035"
217520,ThinkPad Laptop,1,999.99,06/25/24 22:20,"393 13th St, Portland, OR 97035"
217521,Lightning Charging Cable,1,14.95,06/01/24 21:18,"298 Elm St, Los Angeles, CA 90001"
217521,Flatscreen TV,1,300,06/01/24 21:18,"298 Elm St, Los Angeles, CA 90001"
217522,USB-C Charging Cable,1,11.95,06/24/24 19:53,"911 Elm St, Portland, OR 97035"
217523,Vareebadd Phone,1,400,06/20/24 10:31,"547 6th St, Austin, TX 73301"
217524,Apple Airpods Headphones,1,150,06/22/24 19:52,"726 Dogwood St, San Francisco, CA 94016"
217525,ThinkPad Laptop,1,999.99,06/03/24 18:30,"137 Hill St, Seattle, WA 98101"
217526,AA Batteries (4-pack),1,3.84,06/24/24 10:37,"394 South St, Los Angeles, CA 90001"
217527,AA Batteries (4-pack),3,3.84,06/28/24 10:07,"82 Adams St, New York City, NY 10001"
217528,AAA Batteries (4-pack),2,2.99,06/30/24 10:45,"308 Walnut St, Portland, ME 04101"
217529,USB-C Charging Cable,1,11.95,06/18/24 10:06,"369 Highland St, San Francisco, CA 94016"
217530,Bose SoundSport Headphones,1,99.99,06/16/24 19:36,"809 Maple St, Boston, MA 02215"
217531,USB-C Charging Cable,1,11.95,06/16/24 22:51,"897 14th St, Boston, MA 02215"
217532,Apple Airpods Headphones,1,150,06/09/24 23:48,"758 Jefferson St, Los Angeles, CA 90001"
217533,Bose SoundSport Headphones,1,99.99,06/24/24 10:04,"101 Highland St, San Francisco, CA 94016"
217534,Wired Headphones,1,11.99,06/29/24 18:27,"360 8th St, San Francisco, CA 94016"
217535,AA Batteries (4-pack),1,3.84,06/05/24 13:46,"336 Jackson St, Dallas, TX 75001"
217536,AA Batteries (4-pack),1,3.84,06/01/24 17:57,"727 Center St, Portland, ME 04101"
217537,AA Batteries (4-pack),2,3.84,06/28/24 07:14,"578 7th St, Portland, ME 04101"
217538,AAA Batteries (4-pack),1,2.99,06/16/24 11:45,"357 South St, Boston, MA 02215"
217539,27in FHD Monitor,1,149.99,06/09/24 12:46,"853 Walnut St, Atlanta, GA 30301"
217540,iPhone,1,700,06/04/24 20:13,"87 Hill St, Los Angeles, CA 90001"
217541,AA Batteries (4-pack),1,3.84,06/03/24 10:20,"109 Sunset St, Atlanta, GA 30301"
217542,Bose SoundSport Headphones,1,99.99,06/12/24 12:16,"805 Hill St, Dallas, TX 75001"
217543,iPhone,1,700,06/22/24 12:23,"666 Hill St, Atlanta, GA 30301"
217544,Lightning Charging Cable,1,14.95,06/07/24 13:29,"457 Spruce St, New York City, NY 10001"
217545,USB-C Charging Cable,1,11.95,06/22/24 15:31,"297 River St, Los Angeles, CA 90001"
217546,Wired Headphones,1,11.99,06/09/24 16:08,"663 Madison St, Dallas, TX 75001"
217547,27in FHD Monitor,1,149.99,06/13/24 12:35,"111 Wilson St, New York City, NY 10001"
217548,AA Batteries (4-pack),3,3.84,06/10/24 12:18,"825 1st St, Los Angeles, CA 90001"
217549,USB-C Charging Cable,1,11.95,06/30/24 04:05,"61 Sunset St, New York City, NY 10001"
217550,34in Ultrawide Monitor,1,379.99,06/23/24 15:30,"711 Forest St, Boston, MA 02215"
217551,USB-C Charging Cable,1,11.95,06/13/24 13:49,"72 Hill St, San Francisco, CA 94016"
217552,Wired Headphones,1,11.99,06/24/24 15:46,"485 Jackson St, New York City, NY 10001"
217553,ThinkPad Laptop,1,999.99,06/01/24 09:15,"29 13th St, Portland, OR 97035"
217554,Apple Airpods Headphones,1,150,06/21/24 11:00,"175 13th St, San Francisco, CA 94016"
217555,Wired Headphones,1,11.99,06/30/24 10:15,"83 Elm St, Portland, OR 97035"
217556,USB-C Charging Cable,1,11.95,06/19/24 23:31,"749 Spruce St, Dallas, TX 75001"
217557,AA Batteries (4-pack),1,3.84,06/08/24 20:29,"159 Adams St, Dallas, TX 75001"
217558,USB-C Charging Cable,1,11.95,06/14/24 12:31,"809 Wilson St, New York City, NY 10001"
217559,Wired Headphones,1,11.99,06/19/24 08:53,"133 Cherry St, Los Angeles, CA 90001"
217560,USB-C Charging Cable,1,11.95,06/08/24 21:33,"142 Center St, New York City, NY 10001"
217561,iPhone,1,700,06/24/24 18:26,"937 Center St, Seattle, WA 98101"
217562,Wired Headphones,1,11.99,06/24/24 08:21,"280 North St, Seattle, WA 98101"
217563,Bose SoundSport Headphones,1,99.99,06/20/24 08:25,"814 Wilson St, Dallas, TX 75001"
217564,34in Ultrawide Monitor,1,379.99,06/06/24 18:48,"34 Maple St, Portland, OR 97035"
217565,Lightning Charging Cable,1,14.95,06/22/24 18:18,"384 12th St, San Francisco, CA 94016"
217566,Apple Airpods Headphones,1,150,06/08/24 20:54,"503 Washington St, New York City, NY 10001"
217567,USB-C Charging Cable,1,11.95,06/10/24 22:54,"963 Dogwood St, Los Angeles, CA 90001"
217568,Apple Airpods Headphones,1,150,06/30/24 17:47,"428 Johnson St, Austin, TX 73301"
217569,27in 4K Gaming Monitor,1,389.99,06/18/24 20:25,"726 Sunset St, San Francisco, CA 94016"
217570,Macbook Pro Laptop,1,1700,06/25/24 11:04,"857 Washington St, New York City, NY 10001"
217571,Apple Airpods Headphones,1,150,06/19/24 18:12,"160 Willow St, New York City, NY 10001"
217572,Apple Airpods Headphones,1,150,06/12/24 12:17,"47 11th St, Boston, MA 02215"
217573,Apple Airpods Headphones,1,150,06/17/24 16:44,"869 Cedar St, Atlanta, GA 30301"
217574,AA Batteries (4-pack),1,3.84,06/19/24 21:38,"788 Church St, Los Angeles, CA 90001"
217575,AA Batteries (4-pack),1,3.84,06/19/24 15:11,"647 Maple St, Austin, TX 73301"
217576,USB-C Charging Cable,1,11.95,06/17/24 11:18,"564 Cedar St, Austin, TX 73301"
,,,,,
217577,Bose SoundSport Headphones,1,99.99,06/18/24 09:46,"197 Pine St, Seattle, WA 98101"
217578,USB-C Charging Cable,1,11.95,06/18/24 17:35,"613 Ridge St, Dallas, TX 75001"
217579,27in 4K Gaming Monitor,1,389.99,06/30/24 19:32,"797 Madison St, Seattle, WA 98101"
217580,USB-C Charging Cable,1,11.95,06/03/24 11:53,"660 2nd St, Boston, MA 02215"
217581,AA Batteries (4-pack),1,3.84,06/29/24 11:26,"484 6th St, Los Angeles, CA 90001"
217582,iPhone,1,700,06/17/24 00:42,"657 14th St, San Francisco, CA 94016"
217583,27in 4K Gaming Monitor,1,389.99,06/19/24 18:55,"973 Hill St, Dallas, TX 75001"
217584,Macbook Pro Laptop,1,1700,06/26/24 17:41,"454 6th St, Boston, MA 02215"
217585,AA Batteries (4-pack),1,3.84,06/02/24 18:56,"114 Washington St, New York City, NY 10001"
217586,Lightning Charging Cable,1,14.95,06/24/24 12:54,"600 Cherry St, San Francisco, CA 94016"
217587,Google Phone,1,600,06/01/24 14:02,"570 Meadow St, Atlanta, GA 30301"
217588,AAA Batteries (4-pack),1,2.99,06/16/24 22:24,"644 Lake St, Atlanta, GA 30301"
217589,Apple Airpods Headphones,1,150,06/03/24 10:19,"853 Johnson St, San Francisco, CA 94016"
217590,USB-C Charging Cable,1,11.95,06/11/24 16:22,"158 Wilson St, Atlanta, GA 30301"
217591,27in 4K Gaming Monitor,1,389.99,06/11/24 20:34,"469 West St, Seattle, WA 98101"
217592,ThinkPad Laptop,1,999.99,06/21/24 18:01,"394 Willow St, San Francisco, CA 94016"
217593,27in FHD Monitor,1,149.99,06/29/24 00:54,"93 7th St, Austin, TX 73301"
217594,AAA Batteries (4-pack),1,2.99,06/24/24 22:55,"911 South St, Portland, OR 97035"
217595,USB-C Charging Cable,2,11.95,06/28/24 13:39,"540 4th St, Los Angeles, CA 90001"
217596,20in Monitor,1,109.99,06/02/24 23:04,"57 Hickory St, Atlanta, GA 30301"
217597,AAA Batteries (4-pack),2,2.99,06/02/24 18:32,"927 Cedar St, Atlanta, GA 30301"
217598,Apple Airpods Headphones,1,150,06/17/24 12:53,"907 2nd St, Portland, OR 97035"
217599,Apple Airpods Headphones,1,150,06/23/24 13:26,"456 Meadow St, Portland, OR 97035"
,,,,,
217600,USB-C Charging Cable,1,11.95,06/27/24 13:22,"48 River St, San Francisco, CA 94016"
217601,Lightning Charging Cable,1,14.95,06/24/24 06:13,"990 Hickory St, San Francisco, CA 94016"
217602,USB-C Charging Cable,1,11.95,06/11/24 13:57,"23 Lake St, Austin, TX 73301"
217603,AA Batteries (4-pack),1,3.84,06/24/24 11:15,"466 Walnut St, Boston, MA 02215"
217604,34in Ultrawide Monitor,1,379.99,06/11/24 23:18,"971 Spruce St, Los Angeles, CA 90001"
217605,Flatscreen TV,1,300,06/16/24 11:39,"877 Washington St, Dallas, TX 75001"
217606,27in FHD Monitor,1,149.99,06/11/24 10:22,"612 Wilson St, San Francisco, CA 94016"
217607,Bose SoundSport Headphones,1,99.99,06/18/24 14:47,"663 Church St, Seattle, WA 98101"
217608,Wired Headphones,1,11.99,06/07/24 20:15,"353 Dogwood St, Boston, MA 02215"
217609,AA Batteries (4-pack),2,3.84,06/20/24 18:25,"837 11th St, San Francisco, CA 94016"
217610,AA Batteries (4-pack),1,3.84,06/30/24 20:39,"67 Spruce St, Los Angeles, CA 90001"
217611,27in FHD Monitor,1,149.99,06/15/24 15:52,"990 Wilson St, Atlanta, GA 30301"
217612,Wired Headphones,1,11.99,06/17/24 16:19,"583 Elm St, Los Angeles, CA 90001"
217613,Lightning Charging Cable,1,14.95,06/13/24 23:01,"986 1st St, Los Angeles, CA 90001"
217614,34in Ultrawide Monitor,1,379.99,06/28/24 17:47,"899 8th St, Los Angeles, CA 90001"
217615,Bose SoundSport Headphones,1,99.99,06/17/24 18:33,"356 10th St, New York City, NY 10001"
217616,34in Ultrawide Monitor,1,379.99,06/25/24 20:46,"149 Spruce St, Los Angeles, CA 90001"
217617,Lightning Charging Cable,2,14.95,06/12/24 18:18,"852 Highland St, Dallas, TX 75001"
217618,iPhone,1,700,06/15/24 19:04,"223 8th St, Seattle, WA 98101"
217618,Wired Headphones,1,11.99,06/15/24 19:04,"223 8th St, Seattle, WA 98101"
217619,Apple Airpods Headphones,1,150,06/19/24 18:48,"862 Chestnut St, Boston, MA 02215"
217620,USB-C Charging Cable,1,11.95,06/20/24 09:16,"582 Maple St, San Francisco, CA 94016"
217621,AAA Batteries (4-pack),1,2.99,06/16/24 12:47,"791 Spruce St, New York City, NY 10001"
217622,Google Phone,1,600,06/24/24 18:12,"57 South St, San Francisco, CA 94016"
217623,Macbook Pro Laptop,1,1700,06/15/24 13:00,"801 Johnson St, Austin, TX 73301"
217624,USB-C Charging Cable,1,11.95,06/06/24 16:44,"318 Highland St, Portland, OR 97035"
217625,AAA Batteries (4-pack),1,2.99,06/16/24 12:06,"967 Highland St, Dallas, TX 75001"
217626,Lightning Charging Cable,1,14.95,06/04/24 18:00,"832 9th St, Los Angeles, CA 90001"
217627,AAA Batteries (4-pack),1,2.99,06/11/24 00:07,"609 Forest St, New York City, NY 10001"
217628,AAA Batteries (4-pack),1,2.99,06/07/24 22:58,"25 Church St, San Francisco, CA 94016"
217629,Lightning Charging Cable,1,14.95,06/02/24 20:17,"245 Center St, Dallas, TX 75001"
217630,iPhone,1,700,06/06/24 15:41,"266 Highland St, Dallas, TX 75001"
217631,Flatscreen TV,1,300,06/03/24 06:44,"248 10th St, Boston, MA 02215"
217632,USB-C Charging Cable,1,11.95,06/07/24 15:13,"781 Lakeview St, New York City, NY 10001"
217633,Lightning Charging Cable,1,14.95,06/11/24 16:41,"936 Jefferson St, Los Angeles, CA 90001"
217634,Wired Headphones,1,11.99,06/24/24 16:48,"322 Adams St, Atlanta, GA 30301"
217635,Wired Headphones,1,11.99,06/29/24 21:06,"53 Lincoln St, Portland, OR 97035"
217636,Lightning Charging Cable,1,14.95,06/13/24 18:23,"244 West St, Portland, ME 04101"
217637,iPhone,1,700,06/02/24 19:13,"719 Chestnut St, Los Angeles, CA 90001"
217638,20in Monitor,1,109.99,06/30/24 21:01,"502 Park St, San Francisco, CA 94016"
217639,iPhone,1,700,06/21/24 12:19,"213 Dogwood St, San Francisco, CA 94016"
217640,27in FHD Monitor,1,149.99,06/15/24 20:58,"687 1st St, Boston, MA 02215"
217641,Bose SoundSport Headphones,1,99.99,06/01/24 23:37,"483 2nd St, San Francisco, CA 94016"
217642,AA Batteries (4-pack),2,3.84,06/06/24 01:25,"201 5th St, New York City, NY 10001"
217643,USB-C Charging Cable,1,11.95,06/05/24 16:58,"251 Lake St, Los Angeles, CA 90001"
217644,AA Batteries (4-pack),2,3.84,06/10/24 15:05,"39 Lincoln St, New York City, NY 10001"
217645,20in Monitor,1,109.99,06/03/24 18:52,"89 South St, San Francisco, CA 94016"
217646,AAA Batteries (4-pack),1,2.99,06/26/24 14:11,"9 Madison St, Boston, MA 02215"
217647,ThinkPad Laptop,1,999.99,06/19/24 15:44,"539 6th St, Dallas, TX 75001"
217648,Apple Airpods Headphones,1,150,06/18/24 06:05,"232 River St, Los Angeles, CA 90001"
217649,27in FHD Monitor,2,149.99,06/30/24 16:36,"227 7th St, Los Angeles, CA 90001"
217650,27in FHD Monitor,1,149.99,06/14/24 15:46,"339 Spruce St, Seattle, WA 98101"
217651,LG Dryer,1,600.0,06/11/24 22:46,"674 Hill St, Portland, ME 04101"
217651,Wired Headphones,1,11.99,06/11/24 22:46,"674 Hill St, Portland, ME 04101"
217652,Google Phone,1,600,06/30/24 16:49,"485 4th St, San Francisco, CA 94016"
217653,Bose SoundSport Headphones,1,99.99,06/15/24 14:00,"683 Chestnut St, Dallas, TX 75001"
217654,AAA Batteries (4-pack),2,2.99,06/03/24 13:01,"480 Elm St, Los Angeles, CA 90001"
217655,AA Batteries (4-pack),2,3.84,06/17/24 07:49,"136 Park St, Atlanta, GA 30301"
217656,Google Phone,1,600,06/21/24 20:05,"18 Cedar St, Boston, MA 02215"
217657,Bose SoundSport Headphones,1,99.99,06/25/24 10:29,"739 1st St, San Francisco, CA 94016"
217658,Lightning Charging Cable,1,14.95,06/17/24 10:04,"744 14th St, San Francisco, CA 94016"
217659,USB-C Charging Cable,1,11.95,06/16/24 22:22,"802 Center St, Boston, MA 02215"
217660,Apple Airpods Headphones,1,150,06/12/24 18:20,"603 2nd St, San Francisco, CA 94016"
217661,AA Batteries (4-pack),1,3.84,06/03/24 13:11,"320 6th St, Seattle, WA 98101"
217662,34in Ultrawide Monitor,1,379.99,06/29/24 09:42,"496 Hickory St, Boston, MA 02215"
217663,AA Batteries (4-pack),1,3.84,06/06/24 22:34,"943 Spruce St, Austin, TX 73301"
217664,AAA Batteries (4-pack),1,2.99,06/01/24 19:46,"551 9th St, Boston, MA 02215"
217665,Apple Airpods Headphones,1,150,06/05/24 20:05,"660 Ridge St, San Francisco, CA 94016"
217666,Google Phone,1,600,06/30/24 06:37,"765 Highland St, San Francisco, CA 94016"
217666,USB-C Charging Cable,1,11.95,06/30/24 06:37,"765 Highland St, San Francisco, CA 94016"
217667,20in Monitor,1,109.99,06/25/24 20:46,"860 5th St, San Francisco, CA 94016"
217668,Lightning Charging Cable,1,14.95,06/23/24 20:31,"820 2nd St, San Francisco, CA 94016"
217669,Wired Headphones,1,11.99,06/26/24 21:37,"985 Walnut St, Los Angeles, CA 90001"
217670,USB-C Charging Cable,1,11.95,06/28/24 18:12,"108 Jackson St, New York City, NY 10001"
217671,Apple Airpods Headphones,1,150,06/27/24 00:01,"612 Adams St, Los Angeles, CA 90001"
217672,Lightning Charging Cable,1,14.95,06/22/24 00:54,"65 Ridge St, New York City, NY 10001"
217673,Flatscreen TV,1,300,06/04/24 22:05,"363 2nd St, San Francisco, CA 94016"
217674,Wired Headphones,1,11.99,06/07/24 17:00,"743 12th St, Boston, MA 02215"
217675,27in FHD Monitor,1,149.99,06/30/24 09:31,"442 9th St, Los Angeles, CA 90001"
,,,,,
217676,AA Batteries (4-pack),2,3.84,06/27/24 15:18,"755 Pine St, New York City, NY 10001"
217677,USB-C Charging Cable,1,11.95,06/12/24 10:56,"347 Cedar St, New York City, NY 10001"
217678,Google Phone,1,600,06/28/24 04:41,"542 8th St, New York City, NY 10001"
217679,27in FHD Monitor,1,149.99,06/14/24 16:32,"653 Church St, Los Angeles, CA 90001"
217680,Apple Airpods Headphones,1,150,06/25/24 22:31,"294 Forest St, Seattle, WA 98101"
217681,iPhone,1,700,06/22/24 11:18,"241 Elm St, Seattle, WA 98101"
217682,Wired Headphones,1,11.99,06/12/24 11:09,"435 Lake St, Atlanta, GA 30301"
217683,Flatscreen TV,1,300,06/29/24 22:38,"805 Hill St, Los Angeles, CA 90001"
217684,27in 4K Gaming Monitor,1,389.99,06/29/24 16:15,"487 North St, New York City, NY 10001"
217685,Apple Airpods Headphones,1,150,06/21/24 08:21,"821 Meadow St, Dallas, TX 75001"
217686,AAA Batteries (4-pack),1,2.99,06/17/24 17:54,"134 2nd St, Portland, OR 97035"
217687,20in Monitor,1,109.99,06/12/24 13:48,"222 Hill St, New York City, NY 10001"
217688,Wired Headphones,1,11.99,06/24/24 21:42,"118 Adams St, New York City, NY 10001"
217689,27in FHD Monitor,1,149.99,06/16/24 20:09,"665 8th St, San Francisco, CA 94016"
217690,Lightning Charging Cable,1,14.95,06/04/24 20:13,"146 Lake St, New York City, NY 10001"
217691,Wired Headphones,1,11.99,06/21/24 13:12,"78 Lakeview St, Portland, OR 97035"
217692,27in 4K Gaming Monitor,1,389.99,06/05/24 13:33,"305 6th St, Boston, MA 02215"
217693,ThinkPad Laptop,1,999.99,06/07/24 14:50,"103 8th St, San Francisco, CA 94016"
217694,Wired Headphones,1,11.99,06/19/24 13:53,"50 Lincoln St, San Francisco, CA 94016"
217695,AAA Batteries (4-pack),1,2.99,06/26/24 14:46,"257 South St, Seattle, WA 98101"
217696,iPhone,1,700,06/04/24 18:39,"659 11th St, San Francisco, CA 94016"
217697,27in FHD Monitor,1,149.99,06/11/24 16:30,"86 Adams St, San Francisco, CA 94016"
217698,Apple Airpods Headphones,1,150,06/15/24 23:56,"207 Cherry St, Los Angeles, CA 90001"
217699,Apple Airpods Headphones,1,150,06/26/24 11:00,"644 Sunset St, Dallas, TX 75001"
217700,Apple Airpods Headphones,1,150,06/07/24 19:27,"660 8th St, Boston, MA 02215"
217701,20in Monitor,1,109.99,06/29/24 20:49,"164 North St, Dallas, TX 75001"
217702,AA Batteries (4-pack),1,3.84,06/19/24 22:04,"216 6th St, New York City, NY 10001"
217703,Wired Headphones,1,11.99,06/13/24 10:52,"782 Maple St, Atlanta, GA 30301"
217704,Bose SoundSport Headphones,1,99.99,06/16/24 17:54,"118 Park St, New York City, NY 10001"
217705,AA Batteries (4-pack),1,3.84,06/17/24 18:07,"862 Lakeview St, Seattle, WA 98101"
217706,Wired Headphones,1,11.99,06/11/24 21:03,"261 Walnut St, Portland, OR 97035"
217707,AAA Batteries (4-pack),2,2.99,06/29/24 09:59,"99 Forest St, Portland, OR 97035"
217708,USB-C Charging Cable,1,11.95,06/29/24 22:13,"803 14th St, San Francisco, CA 94016"
217709,AAA Batteries (4-pack),2,2.99,06/02/24 19:57,"141 Willow St, New York City, NY 10001"
217710,AAA Batteries (4-pack),1,2.99,06/26/24 11:06,"388 Hickory St, Boston, MA 02215"
217711,27in 4K Gaming Monitor,1,389.99,06/08/24 10:47,"785 10th St, San Francisco, CA 94016"
217712,AAA Batteries (4-pack),1,2.99,06/17/24 18:08,"656 Meadow St, Austin, TX 73301"
217713,AA Batteries (4-pack),1,3.84,06/25/24 22:17,"721 Jackson St, San Francisco, CA 94016"
217714,USB-C Charging Cable,1,11.95,06/07/24 12:23,"516 Johnson St, Atlanta, GA 30301"
217715,AA Batteries (4-pack),2,3.84,06/04/24 22:03,"455 Wilson St, New York City, NY 10001"
217716,Apple Airpods Headphones,1,150,06/05/24 06:39,"334 Lincoln St, San Francisco, CA 94016"
217717,AAA Batteries (4-pack),1,2.99,06/30/24 11:10,"875 13th St, Boston, MA 02215"
217718,iPhone,1,700,06/01/24 17:26,"529 8th St, Boston, MA 02215"
217719,27in FHD Monitor,1,149.99,06/21/24 00:17,"457 5th St, Seattle, WA 98101"
217720,27in 4K Gaming Monitor,1,389.99,06/08/24 21:15,"907 Dogwood St, Seattle, WA 98101"
217721,USB-C Charging Cable,1,11.95,06/02/24 17:25,"162 8th St, New York City, NY 10001"
217722,Bose SoundSport Headphones,1,99.99,06/10/24 15:16,"548 12th St, San Francisco, CA 94016"
217723,AA Batteries (4-pack),1,3.84,06/08/24 21:19,"212 6th St, San Francisco, CA 94016"
217724,Lightning Charging Cable,1,14.95,06/23/24 10:41,"177 North St, Los Angeles, CA 90001"
217725,Lightning Charging Cable,1,14.95,06/26/24 15:26,"518 Center St, Los Angeles, CA 90001"
217726,USB-C Charging Cable,1,11.95,06/12/24 19:07,"341 14th St, Los Angeles, CA 90001"
217727,Wired Headphones,1,11.99,06/17/24 20:08,"964 Ridge St, Boston, MA 02215"
217728,27in 4K Gaming Monitor,1,389.99,06/20/24 09:38,"615 West St, Los Angeles, CA 90001"
217729,Wired Headphones,1,11.99,06/02/24 22:54,"73 Johnson St, Atlanta, GA 30301"
217730,AA Batteries (4-pack),3,3.84,06/16/24 13:52,"113 Park St, Los Angeles, CA 90001"
217731,AAA Batteries (4-pack),1,2.99,06/10/24 13:10,"837 Walnut St, San Francisco, CA 94016"
217732,AAA Batteries (4-pack),1,2.99,06/23/24 19:52,"190 Cherry St, San Francisco, CA 94016"
217733,Google Phone,1,600,06/21/24 14:04,"251 Elm St, Seattle, WA 98101"
217734,27in FHD Monitor,1,149.99,06/11/24 07:25,"893 Wilson St, Boston, MA 02215"
217735,Vareebadd Phone,1,400,06/23/24 21:50,"507 Jackson St, Boston, MA 02215"
217736,27in 4K Gaming Monitor,1,389.99,06/25/24 18:28,"331 South St, Boston, MA 02215"
217737,AA Batteries (4-pack),1,3.84,06/28/24 05:32,"978 5th St, San Francisco, CA 94016"
217738,Flatscreen TV,1,300,06/19/24 00:02,"865 Pine St, New York City, NY 10001"
217739,Macbook Pro Laptop,1,1700,06/19/24 16:41,"387 11th St, San Francisco, CA 94016"
217740,AAA Batteries (4-pack),1,2.99,06/22/24 13:40,"413 Maple St, San Francisco, CA 94016"
217741,AA Batteries (4-pack),1,3.84,06/19/24 12:43,"209 North St, Atlanta, GA 30301"
217742,iPhone,1,700,06/23/24 09:52,"658 Jackson St, Seattle, WA 98101"
217742,Lightning Charging Cable,1,14.95,06/23/24 09:52,"658 Jackson St, Seattle, WA 98101"
217743,Lightning Charging Cable,1,14.95,06/13/24 17:05,"536 West St, Austin, TX 73301"
217744,ThinkPad Laptop,1,999.99,06/26/24 15:55,"933 Hickory St, Atlanta, GA 30301"
217745,AA Batteries (4-pack),1,3.84,06/05/24 12:24,"685 Willow St, Boston, MA 02215"
217746,Flatscreen TV,1,300,06/29/24 21:05,"897 Lakeview St, Portland, OR 97035"
217747,USB-C Charging Cable,1,11.95,06/26/24 12:49,"928 Lincoln St, San Francisco, CA 94016"
217748,Wired Headphones,1,11.99,06/08/24 16:26,"813 Ridge St, Seattle, WA 98101"
217749,Flatscreen TV,1,300,06/26/24 19:44,"366 11th St, New York City, NY 10001"
217750,AAA Batteries (4-pack),2,2.99,06/27/24 14:47,"211 Maple St, New York City, NY 10001"
217751,34in Ultrawide Monitor,1,379.99,06/26/24 16:32,"12 Sunset St, Atlanta, GA 30301"
217752,Lightning Charging Cable,1,14.95,06/06/24 15:09,"179 Walnut St, Boston, MA 02215"
217753,iPhone,1,700,06/09/24 22:18,"803 Chestnut St, San Francisco, CA 94016"
217754,USB-C Charging Cable,1,11.95,06/25/24 20:56,"138 River St, San Francisco, CA 94016"
217755,34in Ultrawide Monitor,1,379.99,06/09/24 22:44,"544 8th St, New York City, NY 10001"
217756,Apple Airpods Headphones,1,150,06/29/24 11:12,"682 14th St, Austin, TX 73301"
217757,34in Ultrawide Monitor,1,379.99,06/12/24 13:17,"19 Madison St, San Francisco, CA 94016"
217758,Macbook Pro Laptop,1,1700,06/09/24 08:53,"254 Madison St, New York City, NY 10001"
217759,20in Monitor,1,109.99,06/19/24 02:29,"884 Forest St, Boston, MA 02215"
217760,iPhone,1,700,06/23/24 14:17,"45 14th St, Atlanta, GA 30301"
217761,27in FHD Monitor,1,149.99,06/23/24 09:42,"962 Chestnut St, Boston, MA 02215"
217762,Apple Airpods Headphones,1,150,06/27/24 00:19,"745 South St, San Francisco, CA 94016"
217763,Lightning Charging Cable,1,14.95,06/25/24 09:57,"133 Sunset St, New York City, NY 10001"
217764,AAA Batteries (4-pack),1,2.99,06/24/24 09:19,"856 Lincoln St, Dallas, TX 75001"
217765,27in FHD Monitor,1,149.99,06/25/24 10:47,"655 Jefferson St, Los Angeles, CA 90001"
217766,AAA Batteries (4-pack),1,2.99,06/18/24 09:00,"116 West St, San Francisco, CA 94016"
217767,Wired Headphones,1,11.99,06/19/24 15:26,"601 2nd St, Los Angeles, CA 90001"
217768,AA Batteries (4-pack),1,3.84,06/26/24 10:16,"957 Washington St, San Francisco, CA 94016"
217769,Wired Headphones,1,11.99,06/24/24 11:25,"827 Madison St, Boston, MA 02215"
217770,AAA Batteries (4-pack),2,2.99,06/10/24 16:53,"450 5th St, Los Angeles, CA 90001"
217771,Lightning Charging Cable,2,14.95,06/28/24 23:56,"545 South St, San Francisco, CA 94016"
217772,Macbook Pro Laptop,1,1700,06/14/24 16:14,"980 Walnut St, San Francisco, CA 94016"
217773,AA Batteries (4-pack),1,3.84,06/25/24 19:16,"890 Lakeview St, New York City, NY 10001"
217774,Wired Headphones,1,11.99,06/05/24 20:21,"284 Johnson St, New York City, NY 10001"
217775,Google Phone,1,600,06/25/24 18:39,"224 Spruce St, San Francisco, CA 94016"
217776,ThinkPad Laptop,1,999.99,06/18/24 12:23,"744 Jefferson St, New York City, NY 10001"
217777,34in Ultrawide Monitor,1,379.99,06/03/24 21:00,"107 14th St, Los Angeles, CA 90001"
217778,USB-C Charging Cable,1,11.95,06/22/24 12:21,"148 14th St, Portland, OR 97035"
217779,AAA Batteries (4-pack),1,2.99,06/26/24 17:54,"547 Lake St, San Francisco, CA 94016"
217780,20in Monitor,1,109.99,06/06/24 21:49,"252 Spruce St, San Francisco, CA 94016"
217781,Macbook Pro Laptop,1,1700,06/28/24 07:24,"748 Elm St, Los Angeles, CA 90001"
217782,AAA Batteries (4-pack),1,2.99,06/29/24 09:27,"682 7th St, Seattle, WA 98101"
217783,AA Batteries (4-pack),1,3.84,06/22/24 17:36,"275 4th St, New York City, NY 10001"
217784,USB-C Charging Cable,1,11.95,06/28/24 16:09,"515 South St, Portland, ME 04101"
217785,Apple Airpods Headphones,1,150,06/28/24 17:22,"625 Hickory St, Los Angeles, CA 90001"
217786,Wired Headphones,3,11.99,06/18/24 20:17,"556 Dogwood St, Seattle, WA 98101"
217787,Wired Headphones,1,11.99,06/30/24 08:39,"78 11th St, Boston, MA 02215"
217788,ThinkPad Laptop,1,999.99,06/10/24 09:24,"920 Hill St, Los Angeles, CA 90001"
217789,Bose SoundSport Headphones,1,99.99,06/27/24 00:08,"25 Pine St, Boston, MA 02215"
217790,USB-C Charging Cable,1,11.95,06/05/24 19:53,"506 Park St, Los Angeles, CA 90001"
217791,AAA Batteries (4-pack),3,2.99,06/28/24 19:37,"542 13th St, San Francisco, CA 94016"
217792,AAA Batteries (4-pack),1,2.99,06/28/24 15:54,"324 Cedar St, Seattle, WA 98101"
217793,AA Batteries (4-pack),1,3.84,06/01/24 12:58,"645 13th St, Austin, TX 73301"
Order ID,Product,Quantity Ordered,Price Each,Order Date,Purchase Address
217794,AAA Batteries (4-pack),2,2.99,06/03/24 15:43,"539 Center St, Los Angeles, CA 90001"
217795,Apple Airpods Headphones,1,150,06/06/24 14:15,"402 12th St, Dallas, TX 75001"
217795,Wired Headphones,1,11.99,06/06/24 14:15,"402 12th St, Dallas, TX 75001"
217796,Lightning Charging Cable,2,14.95,06/24/24 10:03,"562 Center St, New York City, NY 10001"
217797,Apple Airpods Headphones,1,150,06/27/24 19:48,"725 River St, San Francisco, CA 94016"
217798,27in 4K Gaming Monitor,1,389.99,06/17/24 08:28,"168 Wilson St, San Francisco, CA 94016"
217799,Wired Headphones,1,11.99,06/05/24 05:12,"120 Church St, Los Angeles, CA 90001"
217800,27in FHD Monitor,1,149.99,06/04/24 17:04,"433 Church St, San Francisco, CA 94016"
217801,AAA Batteries (4-pack),1,2.99,06/28/24 23:59,"403 Highland St, New York City, NY 10001"
217802,ThinkPad Laptop,1,999.99,06/24/24 10:20,"48 Spruce St, San Francisco, CA 94016"
217803,Lightning Charging Cable,1,14.95,06/17/24 22:31,"3 Wilson St, Los Angeles, CA 90001"
217804,Wired Headphones,1,11.99,06/14/24 09:33,"436 9th St, Los Angeles, CA 90001"
217805,34in Ultrawide Monitor,1,379.99,06/18/24 18:32,"668 West St, Portland, ME 04101"
217806,Wired Headphones,1,11.99,06/16/24 10:18,"235 Madison St, New York City, NY 10001"
217807,AAA Batteries (4-pack),1,2.99,06/11/24 13:10,"868 Pine St, Los Angeles, CA 90001"
217808,34in Ultrawide Monitor,1,379.99,06/02/24 06:31,"986 10th St, Seattle, WA 98101"
217809,AA Batteries (4-pack),1,3.84,06/04/24 21:45,"467 Forest St, Los Angeles, CA 90001"
217810,AAA Batteries (4-pack),1,2.99,06/06/24 08:12,"437 Meadow St, New York City, NY 10001"
217811,AAA Batteries (4-pack),4,2.99,06/25/24 14:23,"660 West St, Atlanta, GA 30301"
217812,34in Ultrawide Monitor,1,379.99,06/30/24 17:41,"863 Cedar St, New York City, NY 10001"
217813,Lightning Charging Cable,1,14.95,06/10/24 12:39,"640 Walnut St, Portland, OR 97035"
217814,27in 4K Gaming Monitor,1,389.99,06/21/24 21:17,"988 6th St, Atlanta, GA 30301"
217815,Wired Headphones,1,11.99,06/05/24 22:23,"74 Adams St, Austin, TX 73301"
217816,Wired Headphones,1,11.99,06/06/24 15:57,"922 Sunset St, New York City, NY 10001"
217817,AAA Batteries (4-pack),1,2.99,06/05/24 13:35,"955 1st St, Los Angeles, CA 90001"
217818,USB-C Charging Cable,1,11.95,06/26/24 15:35,"829 9th St, Seattle, WA 98101"
217819,USB-C Charging Cable,1,11.95,06/18/24 21:36,"472 Jefferson St, Boston, MA 02215"
217820,iPhone,1,700,06/23/24 14:56,"584 Adams St, Los Angeles, CA 90001"
217820,Apple Airpods Headphones,1,150,06/23/24 14:56,"584 Adams St, Los Angeles, CA 90001"
217821,34in Ultrawide Monitor,1,379.99,06/02/24 14:31,"719 Chestnut St, Atlanta, GA 30301"
217822,Lightning Charging Cable,2,14.95,06/09/24 13:22,"794 13th St, Los Angeles, CA 90001"
217823,Flatscreen TV,1,300,06/19/24 09:56,"77 6th St, San Francisco, CA 94016"
217824,Lightning Charging Cable,1,14.95,06/07/24 19:16,"741 Church St, Los Angeles, CA 90001"
217825,34in Ultrawide Monitor,1,379.99,06/18/24 16:02,"553 9th St, Portland, OR 97035"
217826,AAA Batteries (4-pack),1,2.99,06/13/24 00:13,"834 Meadow St, Atlanta, GA 30301"
217827,USB-C Charging Cable,2,11.95,06/15/24 18:14,"355 5th St, San Francisco, CA 94016"
217828,USB-C Charging Cable,2,11.95,06/02/24 11:01,"580 Hill St, New York City, NY 10001"
217829,Lightning Charging Cable,1,14.95,06/29/24 11:02,"187 14th St, Boston, MA 02215"
217830,USB-C Charging Cable,1,11.95,06/23/24 05:09,"957 West St, San Francisco, CA 94016"
217831,AAA Batteries (4-pack),1,2.99,06/13/24 14:22,"842 4th St, Dallas, TX 75001"
217832,27in 4K Gaming Monitor,1,389.99,06/14/24 21:10,"736 Dogwood St, New York City, NY 10001"
217833,Bose SoundSport Headphones,1,99.99,06/08/24 20:06,"4 Hickory St, San Francisco, CA 94016"
217834,Wired Headphones,1,11.99,06/10/24 18:50,"215 Spruce St, San Francisco, CA 94016"
217835,27in FHD Monitor,1,149.99,06/02/24 18:54,"906 2nd St, Dallas, TX 75001"
217836,USB-C Charging Cable,1,11.95,06/17/24 12:59,"837 Highland St, San Francisco, CA 94016"
217837,AA Batteries (4-pack),1,3.84,06/12/24 17:10,"541 Washington St, Los Angeles, CA 90001"
217838,Lightning Charging Cable,2,14.95,06/01/24 13:38,"557 8th St, Dallas, TX 75001"
217839,iPhone,1,700,06/09/24 14:21,"191 Cedar St, Los Angeles, CA 90001"
217840,USB-C Charging Cable,1,11.95,06/06/24 08:25,"936 Dogwood St, San Francisco, CA 94016"
217841,USB-C Charging Cable,1,11.95,06/02/24 08:47,"465 Center St, San Francisco, CA 94016"
217842,Apple Airpods Headphones,1,150,06/12/24 21:06,"268 7th St, San Francisco, CA 94016"
217843,Apple Airpods Headphones,2,150,06/13/24 03:37,"350 Wilson St, Austin, TX 73301"
217844,Macbook Pro Laptop,1,1700,06/11/24 02:26,"350 Elm St, San Francisco, CA 94016"
217845,27in FHD Monitor,1,149.99,06/30/24 01:25,"506 6th St, Los Angeles, CA 90001"
217846,ThinkPad Laptop,1,999.99,06/08/24 09:21,"692 Maple St, Boston, MA 02215"
217847,AA Batteries (4-pack),3,3.84,06/10/24 13:27,"620 Washington St, Austin, TX 73301"
217848,34in Ultrawide Monitor,1,379.99,06/09/24 09:04,"227 Forest St, Seattle, WA 98101"
217849,AA Batteries (4-pack),1,3.84,06/17/24 13:25,"385 13th St, Los Angeles, CA 90001"
217850,ThinkPad Laptop,1,999.99,06/03/24 12:54,"7 North St, Dallas, TX 75001"
217851,Flatscreen TV,1,300,06/27/24 12:52,"850 Ridge St, Los Angeles, CA 90001"
217852,Lightning Charging Cable,1,14.95,06/09/24 15:22,"687 Dogwood St, San Francisco, CA 94016"
217853,27in FHD Monitor,1,149.99,06/14/24 19:53,"329 6th St, San Francisco, CA 94016"
217854,Lightning Charging Cable,1,14.95,06/24/24 13:40,"571 Meadow St, Portland, OR 97035"
217855,USB-C Charging Cable,1,11.95,06/24/24 12:35,"776 7th St, New York City, NY 10001"
217856,Vareebadd Phone,1,400,06/15/24 15:24,"226 South St, New York City, NY 10001"
217856,Bose SoundSport Headphones,1,99.99,06/15/24 15:24,"226 South St, New York City, NY 10001"
217857,Apple Airpods Headphones,1,150,06/12/24 18:52,"675 Sunset St, San Francisco, CA 94016"
217858,AAA Batteries (4-pack),2,2.99,06/13/24 00:07,"555 Sunset St, Portland, OR 97035"
217859,27in FHD Monitor,1,149.99,06/29/24 12:11,"367 9th St, Boston, MA 02215"
217860,Apple Airpods Headphones,1,150,06/09/24 12:43,"747 North St, New York City, NY 10001"
217861,27in 4K Gaming Monitor,1,389.99,06/26/24 10:44,"391 Elm St, San Francisco, CA 94016"
217862,Lightning Charging Cable,1,14.95,06/26/24 14:27,"881 Maple St, Los Angeles, CA 90001"
217863,AA Batteries (4-pack),1,3.84,06/27/24 18:09,"903 Park St, New York City, NY 10001"
217864,ThinkPad Laptop,1,999.99,06/13/24 07:38,"320 Lakeview St, Dallas, TX 75001"
217865,Wired Headphones,1,11.99,06/01/24 14:03,"540 7th St, Boston, MA 02215"
217866,USB-C Charging Cable,1,11.95,06/18/24 01:19,"719 Maple St, San Francisco, CA 94016"
217866,Apple Airpods Headphones,1,150,06/18/24 01:19,"719 Maple St, San Francisco, CA 94016"
217867,Wired Headphones,1,11.99,06/15/24 11:28,"662 Cedar St, Portland, OR 97035"
217868,Google Phone,1,600,06/29/24 12:33,"353 1st St, New York City, NY 10001"
217868,USB-C Charging Cable,1,11.95,06/29/24 12:33,"353 1st St, New York City, NY 10001"
217869,USB-C Charging Cable,1,11.95,06/11/24 09:39,"173 Washington St, Portland, OR 97035"
217869,27in FHD Monitor,1,149.99,06/11/24 09:39,"173 Washington St, Portland, OR 97035"
217870,Wired Headphones,1,11.99,06/04/24 13:28,"792 Elm St, San Francisco, CA 94016"
217871,Wired Headphones,2,11.99,06/06/24 20:05,"893 North St, San Francisco, CA 94016"
217872,USB-C Charging Cable,2,11.95,06/26/24 12:01,"751 Hill St, New York City, NY 10001"
217873,AA Batteries (4-pack),2,3.84,06/01/24 13:25,"798 5th St, New York City, NY 10001"
217874,27in 4K Gaming Monitor,1,389.99,06/07/24 01:21,"911 1st St, Los Angeles, CA 90001"
217874,Macbook Pro Laptop,1,1700,06/07/24 01:21,"911 1st St, Los Angeles, CA 90001"
217875,20in Monitor,1,109.99,06/27/24 14:48,"664 Pine St, Seattle, WA 98101"
217876,Flatscreen TV,1,300,06/12/24 11:26,"499 Meadow St, Portland, OR 97035"
217877,Wired Headphones,1,11.99,06/15/24 14:05,"794 Chestnut St, Seattle, WA 98101"
217878,USB-C Charging Cable,1,11.95,06/22/24 22:35,"481 North St, Portland, OR 97035"
217879,AA Batteries (4-pack),1,3.84,06/11/24 09:58,"739 Park St, Los Angeles, CA 90001"
217880,AAA Batteries (4-pack),1,2.99,06/03/24 14:04,"430 Dogwood St, San Francisco, CA 94016"
217881,AA Batteries (4-pack),1,3.84,06/18/24 18:13,"220 4th St, New York City, NY 10001"
217882,USB-C Charging Cable,1,11.95,06/18/24 20:18,"456 Pine St, Atlanta, GA 30301"
217883,Macbook Pro Laptop,1,1700,06/13/24 13:00,"998 West St, Atlanta, GA 30301"
217884,AA Batteries (4-pack),1,3.84,06/24/24 18:31,"362 13th St, Portland, OR 97035"
217885,27in FHD Monitor,1,149.99,06/19/24 23:18,"399 Chestnut St, Boston, MA 02215"
217886,20in Monitor,1,109.99,06/15/24 14:26,"344 4th St, San Francisco, CA 94016"
217887,Lightning Charging Cable,1,14.95,06/13/24 21:35,"255 Walnut St, San Francisco, CA 94016"
217888,AAA Batteries (4-pack),1,2.99,06/08/24 11:58,"435 Center St, Los Angeles, CA 90001"
217889,Wired Headphones,1,11.99,06/02/24 21:06,"25 Center St, San Francisco, CA 94016"
217890,ThinkPad Laptop,1,999.99,06/23/24 15:43,"846 2nd St, New York City, NY 10001"
217891,AA Batteries (4-pack),1,3.84,06/13/24 20:03,"700 10th St, Boston, MA 02215"
217892,AA Batteries (4-pack),1,3.84,06/30/24 21:38,"826 Cherry St, Austin, TX 73301"
217893,AAA Batteries (4-pack),1,2.99,06/11/24 19:29,"47 Dogwood St, Seattle, WA 98101"
217894,Wired Headphones,1,11.99,06/12/24 13:18,"369 10th St, San Francisco, CA 94016"
217895,USB-C Charging Cable,1,11.95,06/02/24 15:13,"910 Madison St, Atlanta, GA 30301"
217896,iPhone,1,700,06/06/24 22:10,"393 Park St, San Francisco, CA 94016"
217897,20in Monitor,1,109.99,06/03/24 14:13,"251 Meadow St, Austin, TX 73301"
217898,Lightning Charging Cable,1,14.95,06/30/24 08:10,"984 Park St, Los Angeles, CA 90001"
217899,Bose SoundSport Headphones,1,99.99,06/14/24 01:58,"775 Cherry St, San Francisco, CA 94016"
217900,AA Batteries (4-pack),1,3.84,06/03/24 20:21,"515 River St, Boston, MA 02215"
217901,34in Ultrawide Monitor,1,379.99,06/14/24 16:03,"10 13th St, San Francisco, CA 94016"
217902,Google Phone,1,600,06/06/24 18:18,"161 4th St, Atlanta, GA 30301"
217903,AAA Batteries (4-pack),1,2.99,06/29/24 22:51,"960 Ridge St, Atlanta, GA 30301"
217904,AA Batteries (4-pack),1,3.84,06/15/24 17:48,"725 North St, Dallas, TX 75001"
,,,,,
217905,AA Batteries (4-pack),1,3.84,06/20/24 00:07,"365 Elm St, San Francisco, CA 94016"
217906,27in 4K Gaming Monitor,1,389.99,06/20/24 13:29,"195 West St, New York City, NY 10001"
217907,AAA Batteries (4-pack),1,2.99,06/27/24 18:41,"129 Elm St, New York City, NY 10001"
217908,Bose SoundSport Headphones,1,99.99,06/03/24 04:48,"453 West St, Los Angeles, CA 90001"
217909,AA Batteries (4-pack),1,3.84,06/05/24 17:30,"820 Sunset St, San Francisco, CA 94016"
217910,20in Monitor,1,109.99,06/27/24 20:10,"178 Cherry St, Los Angeles, CA 90001"
217911,USB-C Charging Cable,1,11.95,06/25/24 00:03,"570 10th St, San Francisco, CA 94016"
217912,ThinkPad Laptop,1,999.99,06/23/24 17:46,"974 Maple St, New York City, NY 10001"
217913,Macbook Pro Laptop,1,1700,06/07/24 00:47,"439 Jackson St, Austin, TX 73301"
217914,Lightning Charging Cable,1,14.95,06/18/24 21:28,"539 Meadow St, San Francisco, CA 94016"
217915,27in 4K Gaming Monitor,1,389.99,06/13/24 10:46,"742 Walnut St, Austin, TX 73301"
217916,Google Phone,1,600,06/02/24 20:27,"995 Dogwood St, Seattle, WA 98101"
217917,AA Batteries (4-pack),1,3.84,06/16/24 18:40,"268 Washington St, Boston, MA 02215"
217918,Lightning Charging Cable,1,14.95,06/20/24 06:55,"439 Spruce St, San Francisco, CA 94016"
217919,Bose SoundSport Headphones,1,99.99,06/27/24 12:12,"145 Cedar St, Boston, MA 02215"
217920,AAA Batteries (4-pack),2,2.99,06/01/24 08:10,"107 Park St, New York City, NY 10001"
217921,Bose SoundSport Headphones,1,99.99,06/01/24 20:41,"265 Lake St, New York City, NY 10001"
217922,Flatscreen TV,1,300,06/13/24 02:23,"933 Spruce St, Boston, MA 02215"
217923,AAA Batteries (4-pack),1,2.99,06/18/24 10:43,"861 Walnut St, San Francisco, CA 94016"
217924,AAA Batteries (4-pack),3,2.99,06/13/24 01:31,"520 Highland St, San Francisco, CA 94016"
217925,AAA Batteries (4-pack),1,2.99,06/16/24 17:33,"793 11th St, New York City, NY 10001"
217926,Lightning Charging Cable,1,14.95,06/29/24 21:14,"820 Willow St, Portland, ME 04101"
217927,AA Batteries (4-pack),2,3.84,06/20/24 18:12,"603 1st St, Atlanta, GA 30301"
217928,AA Batteries (4-pack),1,3.84,06/29/24 09:57,"318 Highland St, Seattle, WA 98101"
217929,34in Ultrawide Monitor,1,379.99,06/07/24 17:10,"140 Wilson St, San Francisco, CA 94016"
217930,AA Batteries (4-pack),1,3.84,06/08/24 12:52,"701 Highland St, Austin, TX 73301"
217931,34in Ultrawide Monitor,1,379.99,06/04/24 15:50,"606 Jackson St, Los Angeles, CA 90001"
217932,Lightning Charging Cable,2,14.95,06/01/24 04:52,"653 Forest St, Atlanta, GA 30301"
217933,Lightning Charging Cable,1,14.95,06/03/24 10:57,"29 Maple St, Los Angeles, CA 90001"
217934,AA Batteries (4-pack),1,3.84,06/08/24 09:27,"213 1st St, Los Angeles, CA 90001"
217935,Wired Headphones,1,11.99,06/05/24 07:29,"3 Forest St, Austin, TX 73301"
217936,Google Phone,1,600,06/16/24 17:02,"183 Main St, Boston, MA 02215"
217937,ThinkPad Laptop,1,999.99,06/11/24 17:51,"965 South St, San Francisco, CA 94016"
217938,USB-C Charging Cable,2,11.95,06/24/24 20:16,"599 Chestnut St, San Francisco, CA 94016"
217939,Wired Headphones,1,11.99,06/18/24 12:37,"977 Highland St, Dallas, TX 75001"
217940,USB-C Charging Cable,1,11.95,06/20/24 15:43,"586 River St, Los Angeles, CA 90001"
217941,AAA Batteries (4-pack),3,2.99,06/07/24 22:42,"203 8th St, Seattle, WA 98101"
217942,Apple Airpods Headphones,1,150,06/02/24 12:50,"722 Lakeview St, Boston, MA 02215"
217943,iPhone,1,700,06/23/24 11:37,"421 8th St, San Francisco, CA 94016"
217944,USB-C Charging Cable,1,11.95,06/25/24 15:40,"997 12th St, Seattle, WA 98101"
217945,27in 4K Gaming Monitor,1,389.99,06/09/24 16:03,"179 Elm St, Seattle, WA 98101"
217946,USB-C Charging Cable,1,11.95,06/16/24 13:37,"308 Walnut St, New York City, NY 10001"
217947,USB-C Charging Cable,1,11.95,06/07/24 15:32,"385 Church St, Los Angeles, CA 90001"
217948,Apple Airpods Headphones,1,150,06/11/24 16:05,"855 Cherry St, Atlanta, GA 30301"
217949,34in Ultrawide Monitor,1,379.99,06/08/24 18:42,"300 Hill St, New York City, NY 10001"
217950,Macbook Pro Laptop,1,1700,06/21/24 10:59,"328 Adams St, Dallas, TX 75001"
217951,Bose SoundSport Headphones,1,99.99,06/23/24 11:51,"883 Jackson St, Boston, MA 02215"
217951,Bose SoundSport Headphones,1,99.99,06/23/24 11:51,"883 Jackson St, Boston, MA 02215"
217952,Lightning Charging Cable,2,14.95,06/13/24 06:30,"891 Walnut St, Austin, TX 73301"
217953,Wired Headphones,1,11.99,06/13/24 19:39,"398 Pine St, San Francisco, CA 94016"
217954,Apple Airpods Headphones,1,150,06/04/24 21:16,"996 Walnut St, Los Angeles, CA 90001"
217955,USB-C Charging Cable,1,11.95,06/05/24 08:18,"800 6th St, Boston, MA 02215"
217956,USB-C Charging Cable,1,11.95,06/07/24 18:57,"185 1st St, Dallas, TX 75001"
217957,AAA Batteries (4-pack),1,2.99,06/18/24 14:34,"61 Lake St, Portland, OR 97035"
217958,Bose SoundSport Headphones,1,99.99,06/17/24 21:53,"197 Forest St, Dallas, TX 75001"
217959,AAA Batteries (4-pack),1,2.99,06/20/24 10:41,"518 Dogwood St, Austin, TX 73301"
217960,Bose SoundSport Headphones,1,99.99,06/12/24 18:35,"544 South St, New York City, NY 10001"
217961,AAA Batteries (4-pack),1,2.99,06/04/24 22:46,"628 Madison St, Los Angeles, CA 90001"
217962,34in Ultrawide Monitor,1,379.99,06/16/24 15:46,"404 Chestnut St, New York City, NY 10001"
217963,Lightning Charging Cable,1,14.95,06/10/24 22:16,"661 Dogwood St, Dallas, TX 75001"
217964,AAA Batteries (4-pack),1,2.99,06/10/24 09:58,"949 Lake St, Atlanta, GA 30301"
217965,Wired Headphones,1,11.99,06/29/24 22:39,"898 Washington St, Austin, TX 73301"
217966,27in FHD Monitor,1,149.99,06/03/24 01:26,"86 6th St, Seattle, WA 98101"
217967,AAA Batteries (4-pack),1,2.99,06/24/24 17:50,"183 Spruce St, San Francisco, CA 94016"
217968,Google Phone,1,600,06/04/24 14:51,"708 Main St, Austin, TX 73301"
217969,Apple Airpods Headphones,1,150,06/23/24 14:14,"503 Sunset St, San Francisco, CA 94016"
217970,Apple Airpods Headphones,1,150,06/22/24 18:02,"554 Meadow St, San Francisco, CA 94016"
217971,Wired Headphones,1,11.99,06/14/24 21:23,"324 Elm St, San Francisco, CA 94016"
217972,USB-C Charging Cable,1,11.95,06/18/24 18:37,"633 Chestnut St, San Francisco, CA 94016"
217973,27in FHD Monitor,1,149.99,06/22/24 10:45,"535 11th St, New York City, NY 10001"
217974,ThinkPad Laptop,1,999.99,06/19/24 17:50,"101 Walnut St, Seattle, WA 98101"
217975,AAA Batteries (4-pack),1,2.99,06/15/24 20:51,"47 11th St, Boston, MA 02215"
217976,iPhone,1,700,06/13/24 09:42,"620 Lincoln St, San Francisco, CA 94016"
217977,Lightning Charging Cable,1,14.95,06/30/24 23:28,"229 Church St, Dallas, TX 75001"
217978,Apple Airpods Headphones,1,150,06/28/24 16:54,"933 Highland St, Los Angeles, CA 90001"
217979,ThinkPad Laptop,1,999.99,06/12/24 08:14,"967 6th St, Dallas, TX 75001"
217980,27in 4K Gaming Monitor,1,389.99,06/20/24 19:32,"858 Washington St, Los Angeles, CA 90001"
217980,ThinkPad Laptop,1,999.99,06/20/24 19:32,"858 Washington St, Los Angeles, CA 90001"
217981,Bose SoundSport Headphones,1,99.99,06/01/24 11:53,"935 Cedar St, Boston, MA 02215"
217982,AA Batteries (4-pack),1,3.84,06/04/24 10:35,"462 Chestnut St, New York City, NY 10001"
217983,Bose SoundSport Headphones,1,99.99,06/12/24 14:32,"486 Hill St, Portland, OR 97035"
217984,AAA Batteries (4-pack),2,2.99,06/24/24 23:34,"245 Adams St, San Francisco, CA 94016"
217985,27in 4K Gaming Monitor,1,389.99,06/18/24 00:21,"645 Maple St, New York City, NY 10001"
217986,iPhone,1,700,06/25/24 22:33,"428 Ridge St, Portland, OR 97035"
217987,Apple Airpods Headphones,1,150,06/16/24 18:12,"753 North St, San Francisco, CA 94016"
217988,AA Batteries (4-pack),1,3.84,06/30/24 17:14,"682 9th St, San Francisco, CA 94016"
217989,Wired Headphones,1,11.99,06/04/24 11:28,"488 11th St, Boston, MA 02215"
217990,Wired Headphones,1,11.99,06/21/24 12:47,"408 Dogwood St, New York City, NY 10001"
217991,iPhone,1,700,06/02/24 17:17,"987 14th St, San Francisco, CA 94016"
217992,USB-C Charging Cable,1,11.95,06/16/24 11:10,"48 North St, Los Angeles, CA 90001"
217993,USB-C Charging Cable,1,11.95,06/22/24 14:05,"194 14th St, San Francisco, CA 94016"
217994,AAA Batteries (4-pack),3,2.99,06/13/24 16:42,"574 Lakeview St, Portland, ME 04101"
217995,Vareebadd Phone,1,400,06/12/24 11:42,"383 Pine St, San Francisco, CA 94016"
217995,Wired Headphones,1,11.99,06/12/24 11:42,"383 Pine St, San Francisco, CA 94016"
217996,Lightning Charging Cable,1,14.95,06/02/24 07:58,"283 Church St, Austin, TX 73301"
217997,Bose SoundSport Headphones,1,99.99,06/01/24 19:25,"767 North St, San Francisco, CA 94016"
217998,Apple Airpods Headphones,1,150,06/02/24 15:37,"554 Washington St, Dallas, TX 75001"
217999,Google Phone,1,600,06/13/24 14:54,"533 Park St, Atlanta, GA 30301"
218000,ThinkPad Laptop,1,999.99,06/12/24 15:41,"924 Wilson St, San Francisco, CA 94016"
218001,27in FHD Monitor,1,149.99,06/15/24 22:09,"33 Johnson St, Los Angeles, CA 90001"
218002,iPhone,1,700,06/28/24 09:45,"332 Jackson St, New York City, NY 10001"
218003,USB-C Charging Cable,1,11.95,06/10/24 19:44,"801 Cherry St, Boston, MA 02215"
218004,Bose SoundSport Headphones,1,99.99,06/16/24 21:48,"310 Meadow St, Seattle, WA 98101"
218005,AAA Batteries (4-pack),1,2.99,06/05/24 11:45,"550 10th St, San Francisco, CA 94016"
218006,34in Ultrawide Monitor,1,379.99,06/02/24 17:03,"473 Jefferson St, Los Angeles, CA 90001"
218007,Wired Headphones,1,11.99,06/06/24 13:23,"755 1st St, Atlanta, GA 30301"
218008,AAA Batteries (4-pack),1,2.99,06/02/24 12:42,"575 Jefferson St, San Francisco, CA 94016"
218009,AAA Batteries (4-pack),1,2.99,06/03/24 23:36,"189 Washington St, Portland, OR 97035"
218010,USB-C Charging Cable,1,11.95,06/03/24 06:43,"302 Cherry St, Portland, ME 04101"
218011,Bose SoundSport Headphones,1,99.99,06/06/24 20:56,"547 Walnut St, Atlanta, GA 30301"
218012,USB-C Charging Cable,1,11.95,06/23/24 09:47,"517 Jackson St, Los Angeles, CA 90001"
218013,Macbook Pro Laptop,1,1700,06/08/24 20:45,"891 Lakeview St, San Francisco, CA 94016"
218014,Google Phone,1,600,06/21/24 22:19,"255 River St, Los Angeles, CA 90001"
218015,Bose SoundSport Headphones,1,99.99,06/14/24 16:16,"208 Cherry St, Seattle, WA 98101"
218016,27in 4K Gaming Monitor,1,389.99,06/13/24 12:24,"325 9th St, San Francisco, CA 94016"
218017,27in 4K Gaming Monitor,1,389.99,06/06/24 13:31,"20 5th St, Dallas, TX 75001"
218018,Bose SoundSport Headphones,1,99.99,06/05/24 19:24,"43 5th St, Los Angeles, CA 90001"
218019,34in Ultrawide Monitor,1,379.99,06/08/24 16:24,"306 11th St, Dallas, TX 75001"
218020,ThinkPad Laptop,1,999.99,06/23/24 20:21,"576 Meadow St, New York City, NY 10001"
218021,Apple Airpods Headphones,1,150,06/04/24 16:24,"983 Pine St, San Francisco, CA 94016"
218022,Apple Airpods Headphones,1,150,06/19/24 12:15,"808 River St, Austin, TX 73301"
218023,iPhone,1,700,06/20/24 19:47,"960 Lakeview St, San Francisco, CA 94016"
218023,Lightning Charging Cable,2,14.95,06/20/24 19:47,"960 Lakeview St, San Francisco, CA 94016"
218024,27in 4K Gaming Monitor,1,389.99,06/20/24 14:59,"764 Elm St, New York City, NY 10001"
218025,Flatscreen TV,1,300,06/02/24 08:17,"177 Jackson St, New York City, NY 10001"
218026,AAA Batteries (4-pack),1,2.99,06/24/24 06:59,"859 Cherry St, Seattle, WA 98101"
218027,Bose SoundSport Headphones,1,99.99,06/07/24 00:40,"369 West St, New York City, NY 10001"
218028,USB-C Charging Cable,1,11.95,06/26/24 20:54,"449 South St, Seattle, WA 98101"
218029,27in 4K Gaming Monitor,1,389.99,06/15/24 10:27,"398 Chestnut St, Dallas, TX 75001"
218030,Lightning Charging Cable,1,14.95,06/10/24 17:33,"308 Chestnut St, San Francisco, CA 94016"
218031,Google Phone,1,600,06/30/24 23:56,"964 Wilson St, San Francisco, CA 94016"
218032,USB-C Charging Cable,1,11.95,06/09/24 10:08,"256 14th St, San Francisco, CA 94016"
218033,USB-C Charging Cable,1,11.95,06/09/24 08:15,"148 Highland St, Los Angeles, CA 90001"
218034,AA Batteries (4-pack),1,3.84,06/04/24 14:01,"357 Elm St, Portland, OR 97035"
218035,iPhone,1,700,06/23/24 17:48,"606 Sunset St, Seattle, WA 98101"
218036,27in FHD Monitor,1,149.99,06/22/24 14:35,"579 West St, New York City, NY 10001"
218037,34in Ultrawide Monitor,1,379.99,06/30/24 19:39,"177 11th St, Dallas, TX 75001"
218038,Wired Headphones,1,11.99,06/15/24 22:02,"655 13th St, Dallas, TX 75001"
218039,27in 4K Gaming Monitor,1,389.99,06/19/24 09:52,"8 8th St, Atlanta, GA 30301"
218040,USB-C Charging Cable,2,11.95,06/30/24 15:21,"822 Main St, San Francisco, CA 94016"
218041,Wired Headphones,1,11.99,06/03/24 18:30,"273 Highland St, San Francisco, CA 94016"
218042,Apple Airpods Headphones,1,150,06/02/24 13:51,"964 West St, San Francisco, CA 94016"
218043,Lightning Charging Cable,1,14.95,06/15/24 09:13,"695 2nd St, Dallas, TX 75001"
218044,Bose SoundSport Headphones,1,99.99,06/24/24 13:06,"485 1st St, Atlanta, GA 30301"
218045,Apple Airpods Headphones,1,150,06/26/24 23:02,"833 Washington St, Boston, MA 02215"
218046,AA Batteries (4-pack),1,3.84,06/05/24 20:00,"917 West St, Portland, ME 04101"
218047,Wired Headphones,1,11.99,06/01/24 18:12,"209 Madison St, San Francisco, CA 94016"
218048,20in Monitor,1,109.99,06/17/24 11:25,"554 Hickory St, Dallas, TX 75001"
218049,20in Monitor,1,109.99,06/19/24 14:09,"289 Lake St, San Francisco, CA 94016"
218050,Lightning Charging Cable,1,14.95,06/13/24 08:47,"312 Chestnut St, San Francisco, CA 94016"
218051,Google Phone,1,600,06/18/24 12:30,"147 Ridge St, San Francisco, CA 94016"
218051,Wired Headphones,1,11.99,06/18/24 12:30,"147 Ridge St, San Francisco, CA 94016"
218052,Bose SoundSport Headphones,1,99.99,06/15/24 23:51,"672 West St, Portland, OR 97035"
218053,ThinkPad Laptop,1,999.99,06/04/24 10:24,"665 7th St, Dallas, TX 75001"
218054,Wired Headphones,1,11.99,06/27/24 11:33,"255 13th St, Boston, MA 02215"
218055,ThinkPad Laptop,1,999.99,06/26/24 21:57,"442 7th St, Portland, OR 97035"
218056,34in Ultrawide Monitor,1,379.99,06/24/24 09:42,"497 11th St, Los Angeles, CA 90001"
218057,Apple Airpods Headphones,1,150,06/15/24 18:29,"16 Madison St, San Francisco, CA 94016"
218057,AA Batteries (4-pack),1,3.84,06/15/24 18:29,"16 Madison St, San Francisco, CA 94016"
218058,AAA Batteries (4-pack),2,2.99,06/28/24 12:12,"545 12th St, San Francisco, CA 94016"
218059,Macbook Pro Laptop,1,1700,06/18/24 11:52,"231 11th St, Atlanta, GA 30301"
218060,AAA Batteries (4-pack),2,2.99,06/14/24 18:33,"247 Main St, San Francisco, CA 94016"
218061,Apple Airpods Headphones,1,150,06/29/24 18:23,"394 Cherry St, Atlanta, GA 30301"
218062,iPhone,1,700,06/04/24 13:37,"799 Meadow St, San Francisco, CA 94016"
218062,Apple Airpods Headphones,1,150,06/04/24 13:37,"799 Meadow St, San Francisco, CA 94016"
218063,Wired Headphones,1,11.99,06/15/24 14:37,"303 Main St, San Francisco, CA 94016"
218064,AA Batteries (4-pack),1,3.84,06/28/24 20:10,"890 River St, New York City, NY 10001"
218065,USB-C Charging Cable,1,11.95,06/13/24 21:04,"108 Hickory St, New York City, NY 10001"
218066,Bose SoundSport Headphones,1,99.99,06/24/24 09:37,"135 Highland St, Los Angeles, CA 90001"
218067,AAA Batteries (4-pack),1,2.99,06/19/24 01:03,"257 2nd St, Atlanta, GA 30301"
218068,Apple Airpods Headphones,1,150,06/01/24 16:27,"186 Hickory St, Los Angeles, CA 90001"
218069,AA Batteries (4-pack),1,3.84,06/06/24 16:59,"88 Madison St, Atlanta, GA 30301"
218070,AAA Batteries (4-pack),1,2.99,06/06/24 11:03,"797 Walnut St, Los Angeles, CA 90001"
218071,Lightning Charging Cable,1,14.95,06/18/24 18:01,"25 Cherry St, Los Angeles, CA 90001"
218072,AA Batteries (4-pack),1,3.84,06/23/24 19:34,"539 10th St, San Francisco, CA 94016"
218073,Bose SoundSport Headphones,1,99.99,06/23/24 09:38,"584 Ridge St, Austin, TX 73301"
218074,iPhone,1,700,06/06/24 12:03,"708 Elm St, New York City, NY 10001"
218075,Bose SoundSport Headphones,1,99.99,06/14/24 07:24,"940 8th St, Boston, MA 02215"
218076,AA Batteries (4-pack),2,3.84,06/12/24 11:38,"224 1st St, San Francisco, CA 94016"
218077,AAA Batteries (4-pack),1,2.99,06/29/24 21:59,"843 Cherry St, New York City, NY 10001"
218078,Bose SoundSport Headphones,1,99.99,06/17/24 19:49,"26 River St, Portland, OR 97035"
218079,AAA Batteries (4-pack),1,2.99,06/25/24 03:29,"410 Cedar St, San Francisco, CA 94016"
218080,iPhone,1,700,06/15/24 12:56,"843 Johnson St, New York City, NY 10001"
218080,Lightning Charging Cable,1,14.95,06/15/24 12:56,"843 Johnson St, New York City, NY 10001"
218080,Apple Airpods Headphones,1,150,06/15/24 12:56,"843 Johnson St, New York City, NY 10001"
218081,AA Batteries (4-pack),1,3.84,06/08/24 16:36,"511 Cherry St, Atlanta, GA 30301"
218082,iPhone,1,700,06/25/24 21:12,"488 Elm St, Los Angeles, CA 90001"
218082,Lightning Charging Cable,1,14.95,06/25/24 21:12,"488 Elm St, Los Angeles, CA 90001"
218083,iPhone,1,700,06/20/24 18:55,"83 Elm St, Portland, ME 04101"
218084,AA Batteries (4-pack),1,3.84,06/29/24 18:52,"395 Walnut St, San Francisco, CA 94016"
218085,Lightning Charging Cable,1,14.95,06/08/24 18:56,"382 Willow St, Seattle, WA 98101"
218086,iPhone,1,700,06/14/24 15:53,"477 River St, Boston, MA 02215"
218087,AA Batteries (4-pack),1,3.84,06/24/24 15:56,"400 Sunset St, Los Angeles, CA 90001"
218088,27in FHD Monitor,1,149.99,06/28/24 17:56,"652 Meadow St, Los Angeles, CA 90001"
218089,USB-C Charging Cable,2,11.95,06/14/24 22:47,"342 9th St, Seattle, WA 98101"
218090,USB-C Charging Cable,2,11.95,06/01/24 21:21,"258 Jefferson St, Boston, MA 02215"
218091,AA Batteries (4-pack),1,3.84,06/09/24 17:28,"375 West St, Dallas, TX 75001"
218092,USB-C Charging Cable,1,11.95,06/02/24 22:44,"971 Chestnut St, Atlanta, GA 30301"
218093,Lightning Charging Cable,1,14.95,06/01/24 18:55,"115 Park St, Atlanta, GA 30301"
218094,Lightning Charging Cable,1,14.95,06/04/24 18:07,"852 Highland St, Portland, ME 04101"
218095,Wired Headphones,1,11.99,06/08/24 16:15,"739 Cherry St, Portland, OR 97035"
218096,Vareebadd Phone,1,400,06/25/24 16:22,"684 Dogwood St, New York City, NY 10001"
218097,Wired Headphones,1,11.99,06/24/24 16:34,"979 Sunset St, Atlanta, GA 30301"
218098,AAA Batteries (4-pack),2,2.99,06/03/24 11:39,"572 Jackson St, Los Angeles, CA 90001"
218099,AAA Batteries (4-pack),1,2.99,06/10/24 08:59,"405 Lake St, Dallas, TX 75001"
218100,Wired Headphones,1,11.99,06/06/24 11:08,"640 4th St, Atlanta, GA 30301"
218101,Bose SoundSport Headphones,1,99.99,06/15/24 11:54,"403 Wilson St, New York City, NY 10001"
218102,27in 4K Gaming Monitor,1,389.99,06/03/24 14:22,"94 4th St, Portland, OR 97035"
218103,Flatscreen TV,1,300,06/11/24 20:10,"349 Jackson St, Austin, TX 73301"
218104,iPhone,1,700,06/28/24 13:26,"877 10th St, New York City, NY 10001"
218105,AA Batteries (4-pack),1,3.84,06/22/24 00:23,"15 5th St, Austin, TX 73301"
218106,27in FHD Monitor,1,149.99,06/03/24 18:34,"85 6th St, Austin, TX 73301"
218106,Lightning Charging Cable,1,14.95,06/03/24 18:34,"85 6th St, Austin, TX 73301"
218107,AAA Batteries (4-pack),1,2.99,06/22/24 12:55,"931 Lakeview St, New York City, NY 10001"
218108,Wired Headphones,1,11.99,06/08/24 23:06,"782 4th St, San Francisco, CA 94016"
218109,iPhone,1,700,06/25/24 12:25,"382 Madison St, Boston, MA 02215"
218109,Lightning Charging Cable,1,14.95,06/25/24 12:25,"382 Madison St, Boston, MA 02215"
218109,Wired Headphones,2,11.99,06/25/24 12:25,"382 Madison St, Boston, MA 02215"
218110,AAA Batteries (4-pack),1,2.99,06/20/24 23:20,"526 Forest St, Dallas, TX 75001"
218111,Wired Headphones,1,11.99,06/05/24 22:07,"201 Ridge St, San Francisco, CA 94016"
218112,AAA Batteries (4-pack),1,2.99,06/18/24 11:29,"350 4th St, Austin, TX 73301"
218113,USB-C Charging Cable,1,11.95,06/01/24 17:27,"91 Maple St, Atlanta, GA 30301"
218114,AA Batteries (4-pack),1,3.84,06/21/24 18:23,"984 12th St, San Francisco, CA 94016"
218115,Lightning Charging Cable,1,14.95,06/17/24 11:44,"594 Jackson St, Seattle, WA 98101"
218116,iPhone,1,700,06/01/24 12:09,"163 2nd St, Seattle, WA 98101"
218116,Apple Airpods Headphones,1,150,06/01/24 12:09,"163 2nd St, Seattle, WA 98101"
218117,27in 4K Gaming Monitor,1,389.99,06/08/24 21:35,"1 4th St, Boston, MA 02215"
218118,AA Batteries (4-pack),2,3.84,06/06/24 17:22,"416 Forest St, Seattle, WA 98101"
218119,USB-C Charging Cable,1,11.95,06/13/24 11:24,"708 South St, New York City, NY 10001"
218120,iPhone,1,700,06/08/24 15:35,"266 West St, New York City, NY 10001"
218121,34in Ultrawide Monitor,1,379.99,06/30/24 20:49,"782 Lincoln St, San Francisco, CA 94016"
218122,AA Batteries (4-pack),2,3.84,06/08/24 11:59,"510 Chestnut St, Boston, MA 02215"
218123,AA Batteries (4-pack),2,3.84,06/10/24 15:25,"643 11th St, San Francisco, CA 94016"
218124,Apple Airpods Headphones,1,150,06/11/24 11:14,"592 North St, Los Angeles, CA 90001"
218125,USB-C Charging Cable,1,11.95,06/25/24 09:47,"423 Willow St, New York City, NY 10001"
218126,AA Batteries (4-pack),1,3.84,06/03/24 12:58,"851 Jefferson St, Boston, MA 02215"
218127,AA Batteries (4-pack),1,3.84,06/16/24 13:00,"149 Main St, Austin, TX 73301"
218128,USB-C Charging Cable,1,11.95,06/28/24 15:17,"642 7th St, Atlanta, GA 30301"
218129,AAA Batteries (4-pack),1,2.99,06/07/24 17:27,"478 Forest St, Los Angeles, CA 90001"
218130,Apple Airpods Headphones,1,150,06/14/24 08:48,"516 Wilson St, Boston, MA 02215"
218131,USB-C Charging Cable,1,11.95,06/23/24 11:44,"831 6th St, San Francisco, CA 94016"
218132,USB-C Charging Cable,1,11.95,06/11/24 09:11,"635 4th St, San Francisco, CA 94016"
218133,Google Phone,1,600,06/29/24 23:01,"944 14th St, San Francisco, CA 94016"
218134,Wired Headphones,1,11.99,06/27/24 13:03,"659 Walnut St, Los Angeles, CA 90001"
218135,AA Batteries (4-pack),1,3.84,06/05/24 12:13,"419 Meadow St, Boston, MA 02215"
218136,Bose SoundSport Headphones,1,99.99,06/11/24 19:14,"89 Hill St, Atlanta, GA 30301"
218137,USB-C Charging Cable,1,11.95,06/24/24 08:42,"362 Maple St, Seattle, WA 98101"
218138,27in 4K Gaming Monitor,1,389.99,06/04/24 09:12,"865 Johnson St, New York City, NY 10001"
218139,Lightning Charging Cable,1,14.95,06/02/24 14:24,"99 Ridge St, San Francisco, CA 94016"
218140,AA Batteries (4-pack),1,3.84,06/25/24 13:10,"278 Johnson St, Los Angeles, CA 90001"
218141,Apple Airpods Headphones,1,150,06/13/24 17:33,"343 5th St, Portland, OR 97035"
218142,AAA Batteries (4-pack),2,2.99,06/04/24 06:02,"407 7th St, Boston, MA 02215"
218143,AAA Batteries (4-pack),1,2.99,06/28/24 13:11,"4 1st St, New York City, NY 10001"
218144,Bose SoundSport Headphones,1,99.99,06/14/24 18:30,"444 Johnson St, Atlanta, GA 30301"
218145,AAA Batteries (4-pack),2,2.99,06/26/24 22:46,"583 Elm St, Portland, OR 97035"
218146,Macbook Pro Laptop,1,1700,06/11/24 22:08,"156 Maple St, San Francisco, CA 94016"
218147,Lightning Charging Cable,1,14.95,06/03/24 11:55,"153 13th St, Austin, TX 73301"
218148,AA Batteries (4-pack),2,3.84,06/03/24 09:52,"59 12th St, San Francisco, CA 94016"
218149,AAA Batteries (4-pack),2,2.99,06/09/24 18:07,"994 Forest St, Seattle, WA 98101"
218150,AA Batteries (4-pack),1,3.84,06/08/24 19:49,"929 Highland St, San Francisco, CA 94016"
218151,AAA Batteries (4-pack),2,2.99,06/16/24 22:38,"925 Chestnut St, San Francisco, CA 94016"
218152,USB-C Charging Cable,1,11.95,06/16/24 11:30,"841 Lake St, Austin, TX 73301"
218153,AA Batteries (4-pack),1,3.84,06/09/24 20:18,"257 Sunset St, Austin, TX 73301"
218154,Google Phone,1,600,06/10/24 14:44,"279 River St, Boston, MA 02215"
218154,USB-C Charging Cable,2,11.95,06/10/24 14:44,"279 River St, Boston, MA 02215"
218155,Apple Airpods Headphones,1,150,06/11/24 14:54,"720 Jackson St, Portland, OR 97035"
218156,27in 4K Gaming Monitor,1,389.99,06/14/24 14:03,"412 2nd St, San Francisco, CA 94016"
218157,iPhone,1,700,06/19/24 06:56,"739 Madison St, New York City, NY 10001"
218158,Bose SoundSport Headphones,1,99.99,06/27/24 10:39,"331 2nd St, Los Angeles, CA 90001"
218159,Google Phone,1,600,06/20/24 12:35,"760 2nd St, Seattle, WA 98101"
218160,Lightning Charging Cable,1,14.95,06/01/24 20:42,"938 Center St, Austin, TX 73301"
218161,Apple Airpods Headphones,1,150,06/30/24 11:05,"216 Hickory St, New York City, NY 10001"
218162,ThinkPad Laptop,1,999.99,06/04/24 16:18,"843 Adams St, New York City, NY 10001"
218163,Lightning Charging Cable,1,14.95,06/01/24 23:26,"986 11th St, Los Angeles, CA 90001"
218164,AA Batteries (4-pack),2,3.84,06/06/24 12:53,"162 Maple St, Dallas, TX 75001"
218165,Lightning Charging Cable,1,14.95,06/28/24 15:58,"449 Chestnut St, Portland, OR 97035"
218166,AAA Batteries (4-pack),2,2.99,06/15/24 19:04,"592 14th St, New York City, NY 10001"
218167,iPhone,1,700,06/18/24 03:07,"455 West St, Dallas, TX 75001"
218168,ThinkPad Laptop,1,999.99,06/08/24 21:47,"456 11th St, Portland, OR 97035"
218169,USB-C Charging Cable,1,11.95,06/15/24 16:08,"465 Sunset St, San Francisco, CA 94016"
218170,Lightning Charging Cable,1,14.95,06/20/24 13:09,"687 Forest St, Los Angeles, CA 90001"
218171,Lightning Charging Cable,1,14.95,06/02/24 17:26,"466 Wilson St, Seattle, WA 98101"
218172,34in Ultrawide Monitor,1,379.99,06/18/24 12:36,"862 Highland St, Atlanta, GA 30301"
218173,Wired Headphones,1,11.99,06/03/24 20:11,"982 Ridge St, Seattle, WA 98101"
218174,AAA Batteries (4-pack),1,2.99,06/06/24 23:08,"232 Meadow St, Los Angeles, CA 90001"
218175,Wired Headphones,1,11.99,06/09/24 11:59,"996 Hickory St, San Francisco, CA 94016"
218176,27in 4K Gaming Monitor,1,389.99,06/26/24 13:36,"771 11th St, New York City, NY 10001"
218177,AAA Batteries (4-pack),2,2.99,06/23/24 23:05,"9 11th St, Los Angeles, CA 90001"
218178,Bose SoundSport Headphones,1,99.99,06/23/24 12:46,"397 Sunset St, San Francisco, CA 94016"
218179,Wired Headphones,1,11.99,06/29/24 16:48,"960 Sunset St, Portland, OR 97035"
218180,iPhone,1,700,06/24/24 14:43,"96 13th St, New York City, NY 10001"
218181,AA Batteries (4-pack),1,3.84,06/03/24 10:05,"115 Jefferson St, Boston, MA 02215"
218182,iPhone,1,700,06/16/24 18:58,"440 Maple St, Boston, MA 02215"
218182,Apple Airpods Headphones,1,150,06/16/24 18:58,"440 Maple St, Boston, MA 02215"
218183,USB-C Charging Cable,1,11.95,06/26/24 16:15,"903 Hill St, Atlanta, GA 30301"
218184,iPhone,1,700,06/28/24 11:05,"19 2nd St, Los Angeles, CA 90001"
218185,AA Batteries (4-pack),2,3.84,06/06/24 18:13,"103 Church St, Boston, MA 02215"
218186,20in Monitor,1,109.99,06/13/24 19:00,"223 Adams St, New York City, NY 10001"
218187,27in 4K Gaming Monitor,1,389.99,06/12/24 19:20,"529 Sunset St, Boston, MA 02215"
218188,Lightning Charging Cable,1,14.95,06/13/24 12:25,"50 8th St, San Francisco, CA 94016"
218189,USB-C Charging Cable,1,11.95,06/01/24 20:52,"144 Center St, Portland, OR 97035"
218190,Wired Headphones,1,11.99,06/23/24 19:29,"745 Hill St, Dallas, TX 75001"
218191,Lightning Charging Cable,1,14.95,06/03/24 14:21,"918 Maple St, Austin, TX 73301"
218192,AAA Batteries (4-pack),1,2.99,06/25/24 19:21,"533 Adams St, San Francisco, CA 94016"
218193,AAA Batteries (4-pack),1,2.99,06/05/24 14:18,"686 Maple St, Seattle, WA 98101"
218194,Google Phone,1,600,06/06/24 10:37,"111 Meadow St, Atlanta, GA 30301"
218195,27in 4K Gaming Monitor,1,389.99,06/11/24 13:05,"665 Willow St, Seattle, WA 98101"
218196,Apple Airpods Headphones,1,150,06/22/24 11:28,"123 Highland St, Portland, ME 04101"
218197,AAA Batteries (4-pack),2,2.99,06/23/24 03:47,"772 Hill St, New York City, NY 10001"
218198,Lightning Charging Cable,1,14.95,06/18/24 16:52,"911 Spruce St, Los Angeles, CA 90001"
218199,34in Ultrawide Monitor,1,379.99,06/12/24 12:26,"35 River St, Seattle, WA 98101"
218200,AAA Batteries (4-pack),1,2.99,06/02/24 21:49,"121 Hill St, New York City, NY 10001"
218201,Apple Airpods Headphones,1,150,06/28/24 18:32,"376 Ridge St, Atlanta, GA 30301"
218202,AAA Batteries (4-pack),1,2.99,06/08/24 21:52,"499 Center St, Los Angeles, CA 90001"
218203,AA Batteries (4-pack),1,3.84,06/22/24 06:37,"73 Madison St, Atlanta, GA 30301"
218204,iPhone,1,700,06/19/24 23:12,"152 West St, Boston, MA 02215"
218205,ThinkPad Laptop,1,999.99,06/17/24 00:14,"130 Elm St, Austin, TX 73301"
218206,Macbook Pro Laptop,1,1700,06/28/24 17:04,"258 11th St, Boston, MA 02215"
218207,ThinkPad Laptop,1,999.99,06/28/24 23:32,"223 9th St, San Francisco, CA 94016"
218208,Lightning Charging Cable,1,14.95,06/29/24 06:39,"251 Meadow St, Portland, OR 97035"
218209,Apple Airpods Headphones,1,150,06/06/24 12:05,"569 5th St, Seattle, WA 98101"
218210,Apple Airpods Headphones,1,150,06/16/24 15:30,"392 12th St, Atlanta, GA 30301"
218211,Lightning Charging Cable,1,14.95,06/24/24 11:01,"814 Madison St, Portland, OR 97035"
218212,27in 4K Gaming Monitor,1,389.99,06/01/24 11:49,"350 Highland St, San Francisco, CA 94016"
218213,Bose SoundSport Headphones,1,99.99,06/12/24 23:48,"242 Center St, New York City, NY 10001"
218214,AA Batteries (4-pack),2,3.84,06/19/24 19:27,"30 10th St, Portland, OR 97035"
218215,Apple Airpods Headphones,1,150,06/09/24 14:03,"795 Walnut St, Dallas, TX 75001"
218216,27in 4K Gaming Monitor,1,389.99,06/10/24 20:20,"647 6th St, Seattle, WA 98101"
218217,AA Batteries (4-pack),2,3.84,06/13/24 20:54,"989 Park St, Boston, MA 02215"
218218,AAA Batteries (4-pack),1,2.99,06/08/24 17:33,"228 13th St, Atlanta, GA 30301"
218219,Bose SoundSport Headphones,1,99.99,06/02/24 10:08,"25 Pine St, San Francisco, CA 94016"
218220,Google Phone,1,600,06/21/24 20:20,"665 Adams St, Los Angeles, CA 90001"
218221,AAA Batteries (4-pack),1,2.99,06/14/24 22:43,"690 10th St, San Francisco, CA 94016"
218222,27in FHD Monitor,1,149.99,06/26/24 17:19,"551 Forest St, Boston, MA 02215"
218223,USB-C Charging Cable,2,11.95,06/12/24 11:53,"824 Jackson St, Boston, MA 02215"
218224,USB-C Charging Cable,1,11.95,06/29/24 08:34,"485 River St, Los Angeles, CA 90001"
218225,27in 4K Gaming Monitor,1,389.99,06/26/24 12:10,"61 Lake St, New York City, NY 10001"
218226,USB-C Charging Cable,1,11.95,06/01/24 08:37,"639 Highland St, New York City, NY 10001"
218227,iPhone,1,700,06/18/24 15:58,"742 West St, Atlanta, GA 30301"
218228,USB-C Charging Cable,1,11.95,06/04/24 20:42,"327 11th St, San Francisco, CA 94016"
218229,USB-C Charging Cable,1,11.95,06/21/24 21:38,"162 Cherry St, San Francisco, CA 94016"
218230,AA Batteries (4-pack),1,3.84,06/21/24 22:23,"965 Main St, San Francisco, CA 94016"
218231,USB-C Charging Cable,1,11.95,06/06/24 10:52,"761 Elm St, Portland, OR 97035"
218232,AAA Batteries (4-pack),2,2.99,06/26/24 21:47,"250 Sunset St, Seattle, WA 98101"
218233,USB-C Charging Cable,2,11.95,06/07/24 11:17,"893 Willow St, San Francisco, CA 94016"
218234,Apple Airpods Headphones,1,150,06/24/24 17:27,"601 Maple St, Los Angeles, CA 90001"
218235,AA Batteries (4-pack),2,3.84,06/26/24 22:12,"968 Cedar St, Dallas, TX 75001"
218236,Macbook Pro Laptop,1,1700,06/19/24 23:04,"924 7th St, Boston, MA 02215"
218237,USB-C Charging Cable,1,11.95,06/05/24 09:25,"14 Walnut St, San Francisco, CA 94016"
218238,iPhone,1,700,06/06/24 11:38,"235 Lincoln St, Boston, MA 02215"
218239,Bose SoundSport Headphones,1,99.99,06/11/24 21:33,"63 Johnson St, San Francisco, CA 94016"
218240,AA Batteries (4-pack),1,3.84,06/11/24 14:02,"202 Pine St, Los Angeles, CA 90001"
218241,USB-C Charging Cable,1,11.95,06/14/24 18:26,"423 Ridge St, San Francisco, CA 94016"
218242,Lightning Charging Cable,1,14.95,06/20/24 16:30,"650 Johnson St, Dallas, TX 75001"
218243,AA Batteries (4-pack),3,3.84,06/02/24 19:40,"463 14th St, Dallas, TX 75001"
218244,AA Batteries (4-pack),2,3.84,06/06/24 14:13,"197 11th St, Los Angeles, CA 90001"
218244,ThinkPad Laptop,1,999.99,06/06/24 14:13,"197 11th St, Los Angeles, CA 90001"
218245,iPhone,1,700,06/11/24 01:17,"703 12th St, Dallas, TX 75001"
218245,Lightning Charging Cable,1,14.95,06/11/24 01:17,"703 12th St, Dallas, TX 75001"
218246,AA Batteries (4-pack),1,3.84,06/29/24 15:09,"615 Sunset St, Los Angeles, CA 90001"
218247,Bose SoundSport Headphones,1,99.99,06/09/24 20:22,"151 6th St, Los Angeles, CA 90001"
218248,Apple Airpods Headphones,1,150,06/29/24 14:16,"721 Maple St, Los Angeles, CA 90001"
218249,Flatscreen TV,1,300,06/16/24 08:39,"825 Jackson St, San Francisco, CA 94016"
218250,AAA Batteries (4-pack),3,2.99,06/17/24 11:16,"106 Meadow St, Seattle, WA 98101"
218251,Lightning Charging Cable,2,14.95,06/12/24 11:47,"990 West St, New York City, NY 10001"
218252,AA Batteries (4-pack),1,3.84,06/26/24 18:05,"598 4th St, Dallas, TX 75001"
218253,AA Batteries (4-pack),2,3.84,06/20/24 23:22,"298 12th St, San Francisco, CA 94016"
218254,27in 4K Gaming Monitor,1,389.99,06/14/24 11:16,"738 South St, San Francisco, CA 94016"
218255,20in Monitor,1,109.99,06/19/24 11:03,"880 Pine St, Dallas, TX 75001"
218256,Bose SoundSport Headphones,1,99.99,06/26/24 14:23,"741 Highland St, New York City, NY 10001"
218257,Flatscreen TV,1,300,06/24/24 09:41,"735 12th St, Seattle, WA 98101"
218258,Wired Headphones,1,11.99,06/06/24 10:06,"838 Willow St, New York City, NY 10001"
218259,Google Phone,1,600,06/24/24 19:26,"968 12th St, San Francisco, CA 94016"
218260,Google Phone,1,600,06/23/24 19:24,"627 Lincoln St, New York City, NY 10001"
218261,ThinkPad Laptop,1,999.99,06/02/24 13:41,"588 North St, San Francisco, CA 94016"
218262,Wired Headphones,1,11.99,06/07/24 15:46,"569 Park St, Boston, MA 02215"
218263,AA Batteries (4-pack),1,3.84,06/04/24 08:45,"862 Washington St, Dallas, TX 75001"
218264,Apple Airpods Headphones,1,150,06/18/24 15:10,"515 11th St, San Francisco, CA 94016"
218265,USB-C Charging Cable,1,11.95,06/20/24 14:42,"505 Hill St, San Francisco, CA 94016"
218266,27in 4K Gaming Monitor,1,389.99,06/18/24 17:50,"413 Chestnut St, Seattle, WA 98101"
218267,USB-C Charging Cable,1,11.95,06/26/24 10:58,"58 1st St, Dallas, TX 75001"
218268,Apple Airpods Headphones,1,150,06/27/24 10:32,"884 Spruce St, Los Angeles, CA 90001"
218269,USB-C Charging Cable,1,11.95,06/03/24 22:29,"65 Wilson St, San Francisco, CA 94016"
218270,Bose SoundSport Headphones,1,99.99,06/08/24 23:42,"19 Lake St, Los Angeles, CA 90001"
218271,Wired Headphones,1,11.99,06/22/24 06:05,"91 Park St, Atlanta, GA 30301"
218272,Lightning Charging Cable,1,14.95,06/25/24 05:40,"874 Ridge St, San Francisco, CA 94016"
218273,Wired Headphones,1,11.99,06/10/24 11:44,"56 2nd St, Seattle, WA 98101"
218274,iPhone,1,700,06/30/24 20:29,"156 Church St, San Francisco, CA 94016"
218274,Lightning Charging Cable,2,14.95,06/30/24 20:29,"156 Church St, San Francisco, CA 94016"
218275,Wired Headphones,1,11.99,06/29/24 14:54,"823 Johnson St, San Francisco, CA 94016"
218276,Lightning Charging Cable,1,14.95,06/08/24 21:05,"816 South St, San Francisco, CA 94016"
218277,Wired Headphones,1,11.99,06/02/24 23:04,"178 2nd St, Atlanta, GA 30301"
218278,27in FHD Monitor,1,149.99,06/06/24 11:11,"900 2nd St, San Francisco, CA 94016"
218279,Wired Headphones,1,11.99,06/18/24 18:41,"573 Park St, Atlanta, GA 30301"
218280,Lightning Charging Cable,1,14.95,06/18/24 18:07,"544 1st St, Boston, MA 02215"
218281,27in FHD Monitor,1,149.99,06/11/24 13:22,"548 Pine St, Portland, OR 97035"
218282,34in Ultrawide Monitor,1,379.99,06/03/24 11:01,"335 4th St, Seattle, WA 98101"
218283,Apple Airpods Headphones,1,150,06/01/24 08:38,"1 Hickory St, Boston, MA 02215"
218284,Lightning Charging Cable,1,14.95,06/08/24 17:45,"443 Lake St, Portland, OR 97035"
218285,AA Batteries (4-pack),1,3.84,06/09/24 14:59,"979 Forest St, Dallas, TX 75001"
218286,Apple Airpods Headphones,1,150,06/14/24 11:10,"311 1st St, New York City, NY 10001"
218287,USB-C Charging Cable,1,11.95,06/11/24 22:17,"230 Dogwood St, Boston, MA 02215"
218288,AAA Batteries (4-pack),2,2.99,06/03/24 18:00,"278 North St, New York City, NY 10001"
218289,AA Batteries (4-pack),1,3.84,06/28/24 09:09,"989 Pine St, San Francisco, CA 94016"
218290,Lightning Charging Cable,1,14.95,06/24/24 22:02,"15 Lincoln St, San Francisco, CA 94016"
218291,Wired Headphones,1,11.99,06/14/24 10:10,"367 South St, Los Angeles, CA 90001"
218292,Flatscreen TV,1,300,06/16/24 00:03,"309 Forest St, New York City, NY 10001"
218293,AA Batteries (4-pack),2,3.84,06/12/24 20:07,"523 Lakeview St, Atlanta, GA 30301"
218294,Google Phone,1,600,06/05/24 12:03,"327 Johnson St, Seattle, WA 98101"
218294,Bose SoundSport Headphones,1,99.99,06/05/24 12:03,"327 Johnson St, Seattle, WA 98101"
218295,USB-C Charging Cable,1,11.95,06/01/24 19:02,"931 South St, Seattle, WA 98101"
218296,Apple Airpods Headphones,1,150,06/17/24 15:51,"439 Cherry St, Los Angeles, CA 90001"
218297,AAA Batteries (4-pack),3,2.99,06/04/24 21:27,"783 14th St, Dallas, TX 75001"
218298,ThinkPad Laptop,1,999.99,06/13/24 09:46,"201 Elm St, Seattle, WA 98101"
218299,AA Batteries (4-pack),2,3.84,06/10/24 12:41,"540 Forest St, Atlanta, GA 30301"
218300,Apple Airpods Headphones,1,150,06/30/24 21:21,"941 11th St, Dallas, TX 75001"
218301,Lightning Charging Cable,1,14.95,06/02/24 08:43,"129 9th St, New York City, NY 10001"
218302,Lightning Charging Cable,1,14.95,06/04/24 13:15,"664 Jefferson St, Los Angeles, CA 90001"
218303,27in FHD Monitor,1,149.99,06/07/24 20:09,"39 Jefferson St, New York City, NY 10001"
218304,Wired Headphones,1,11.99,06/07/24 13:23,"623 Washington St, Seattle, WA 98101"
218305,AA Batteries (4-pack),1,3.84,06/10/24 21:42,"959 Main St, San Francisco, CA 94016"
218306,AAA Batteries (4-pack),1,2.99,06/06/24 18:48,"30 River St, San Francisco, CA 94016"
218307,Macbook Pro Laptop,1,1700,06/27/24 07:19,"688 Willow St, Portland, OR 97035"
218308,AA Batteries (4-pack),1,3.84,06/17/24 16:02,"423 Jackson St, Seattle, WA 98101"
218309,Lightning Charging Cable,1,14.95,06/18/24 21:52,"114 Pine St, Portland, OR 97035"
218310,Lightning Charging Cable,1,14.95,06/03/24 11:57,"214 2nd St, San Francisco, CA 94016"
218311,27in FHD Monitor,1,149.99,06/16/24 18:56,"881 Dogwood St, Atlanta, GA 30301"
218312,Wired Headphones,1,11.99,06/27/24 17:50,"609 Center St, Seattle, WA 98101"
218313,AAA Batteries (4-pack),1,2.99,06/10/24 11:47,"972 Cherry St, San Francisco, CA 94016"
218314,AA Batteries (4-pack),1,3.84,06/01/24 13:26,"371 Chestnut St, Boston, MA 02215"
218315,USB-C Charging Cable,1,11.95,06/06/24 00:49,"112 North St, Austin, TX 73301"
218316,Wired Headphones,2,11.99,06/12/24 14:34,"811 10th St, New York City, NY 10001"
218317,Lightning Charging Cable,1,14.95,06/10/24 21:56,"885 14th St, San Francisco, CA 94016"
218318,27in 4K Gaming Monitor,1,389.99,06/25/24 18:23,"236 Lincoln St, Los Angeles, CA 90001"
218319,USB-C Charging Cable,1,11.95,06/15/24 17:11,"472 Church St, New York City, NY 10001"
218320,AAA Batteries (4-pack),1,2.99,06/23/24 17:44,"567 Ridge St, Los Angeles, CA 90001"
218321,27in FHD Monitor,1,149.99,06/03/24 16:18,"237 Lake St, Portland, ME 04101"
218322,Bose SoundSport Headphones,1,99.99,06/02/24 23:27,"825 West St, New York City, NY 10001"
218323,AA Batteries (4-pack),2,3.84,06/13/24 12:32,"705 Center St, Los Angeles, CA 90001"
218324,Vareebadd Phone,1,400,06/09/24 21:40,"540 Adams St, Boston, MA 02215"
218324,USB-C Charging Cable,1,11.95,06/09/24 21:40,"540 Adams St, Boston, MA 02215"
218325,Lightning Charging Cable,1,14.95,06/20/24 00:18,"661 Main St, San Francisco, CA 94016"
218326,USB-C Charging Cable,1,11.95,06/02/24 21:47,"451 Cedar St, San Francisco, CA 94016"
218327,AAA Batteries (4-pack),1,2.99,06/02/24 23:10,"377 River St, Los Angeles, CA 90001"
218328,Wired Headphones,1,11.99,06/10/24 12:36,"378 North St, Portland, OR 97035"
218329,AA Batteries (4-pack),1,3.84,06/24/24 14:07,"464 Lake St, San Francisco, CA 94016"
218330,Apple Airpods Headphones,1,150,06/12/24 20:17,"1 Adams St, Los Angeles, CA 90001"
218331,Lightning Charging Cable,1,14.95,06/21/24 09:47,"722 Walnut St, San Francisco, CA 94016"
218332,Lightning Charging Cable,1,14.95,06/12/24 13:17,"812 13th St, Los Angeles, CA 90001"
218333,USB-C Charging Cable,1,11.95,06/18/24 08:57,"512 Lincoln St, Dallas, TX 75001"
218334,AA Batteries (4-pack),1,3.84,06/12/24 12:44,"545 13th St, Austin, TX 73301"
218335,Bose SoundSport Headphones,1,99.99,06/05/24 17:43,"729 Cherry St, Seattle, WA 98101"
218336,AAA Batteries (4-pack),4,2.99,06/24/24 15:14,"775 Spruce St, Boston, MA 02215"
218337,AAA Batteries (4-pack),2,2.99,06/02/24 18:09,"598 Lakeview St, Portland, OR 97035"
218338,USB-C Charging Cable,1,11.95,06/06/24 01:48,"9 Main St, Dallas, TX 75001"
218339,AA Batteries (4-pack),1,3.84,06/20/24 11:59,"765 Walnut St, San Francisco, CA 94016"
218340,Lightning Charging Cable,1,14.95,06/09/24 00:54,"720 Center St, Seattle, WA 98101"
218341,Wired Headphones,1,11.99,06/16/24 00:12,"450 Elm St, San Francisco, CA 94016"
218342,AA Batteries (4-pack),1,3.84,06/01/24 15:05,"231 Wilson St, Los Angeles, CA 90001"
218343,Lightning Charging Cable,1,14.95,06/28/24 22:30,"206 5th St, Boston, MA 02215"
218344,Lightning Charging Cable,2,14.95,06/12/24 16:53,"560 Dogwood St, San Francisco, CA 94016"
218345,Apple Airpods Headphones,1,150,06/21/24 08:34,"382 12th St, Los Angeles, CA 90001"
218346,Macbook Pro Laptop,1,1700,06/12/24 08:38,"560 13th St, New York City, NY 10001"
218347,AAA Batteries (4-pack),2,2.99,06/06/24 19:33,"319 Center St, Portland, ME 04101"
218348,USB-C Charging Cable,1,11.95,06/13/24 12:02,"859 Spruce St, San Francisco, CA 94016"
218349,Wired Headphones,1,11.99,06/26/24 11:17,"442 Cedar St, Dallas, TX 75001"
218350,Wired Headphones,2,11.99,06/10/24 12:09,"177 10th St, Austin, TX 73301"
218351,Vareebadd Phone,1,400,06/20/24 21:40,"887 9th St, Atlanta, GA 30301"
218352,USB-C Charging Cable,1,11.95,06/24/24 16:14,"360 Jefferson St, Seattle, WA 98101"
218353,AAA Batteries (4-pack),1,2.99,06/16/24 22:01,"62 Adams St, San Francisco, CA 94016"
218354,USB-C Charging Cable,1,11.95,06/10/24 23:06,"214 Lakeview St, San Francisco, CA 94016"
218355,Macbook Pro Laptop,1,1700,06/29/24 13:20,"259 Lake St, Boston, MA 02215"
218356,Apple Airpods Headphones,1,150,06/24/24 09:28,"257 11th St, New York City, NY 10001"
218357,34in Ultrawide Monitor,1,379.99,06/03/24 12:37,"81 Johnson St, Seattle, WA 98101"
218358,AA Batteries (4-pack),1,3.84,06/18/24 12:46,"491 Wilson St, Los Angeles, CA 90001"
218359,Google Phone,1,600,06/12/24 22:50,"36 River St, New York City, NY 10001"
218360,AA Batteries (4-pack),1,3.84,06/27/24 14:43,"449 8th St, Los Angeles, CA 90001"
218361,AA Batteries (4-pack),1,3.84,06/06/24 13:09,"246 Washington St, Los Angeles, CA 90001"
218362,Lightning Charging Cable,1,14.95,06/15/24 11:49,"350 5th St, Atlanta, GA 30301"
218363,USB-C Charging Cable,1,11.95,06/13/24 22:37,"357 Pine St, Los Angeles, CA 90001"
218364,Wired Headphones,1,11.99,06/07/24 06:16,"74 Pine St, San Francisco, CA 94016"
218365,AAA Batteries (4-pack),1,2.99,06/28/24 02:15,"530 2nd St, Boston, MA 02215"
218366,USB-C Charging Cable,1,11.95,06/18/24 00:13,"943 Chestnut St, San Francisco, CA 94016"
218367,USB-C Charging Cable,1,11.95,06/11/24 14:35,"443 North St, Atlanta, GA 30301"
218368,USB-C Charging Cable,1,11.95,06/04/24 18:45,"550 Lincoln St, Los Angeles, CA 90001"
218369,ThinkPad Laptop,1,999.99,06/09/24 13:28,"882 Chestnut St, San Francisco, CA 94016"
218370,Apple Airpods Headphones,1,150,06/15/24 00:49,"409 Jackson St, Seattle, WA 98101"
218371,34in Ultrawide Monitor,1,379.99,06/18/24 10:48,"226 Church St, Austin, TX 73301"
218372,USB-C Charging Cable,1,11.95,06/20/24 15:17,"456 7th St, Dallas, TX 75001"
218373,27in FHD Monitor,1,149.99,06/15/24 20:28,"857 Jackson St, Dallas, TX 75001"
218374,27in 4K Gaming Monitor,1,389.99,06/08/24 14:43,"793 Dogwood St, Boston, MA 02215"
218375,Apple Airpods Headphones,1,150,06/03/24 12:04,"541 6th St, Los Angeles, CA 90001"
218376,AAA Batteries (4-pack),1,2.99,06/23/24 21:43,"106 Highland St, New York City, NY 10001"
218377,Macbook Pro Laptop,1,1700,06/15/24 20:26,"676 Willow St, Boston, MA 02215"
218378,ThinkPad Laptop,1,999.99,06/28/24 21:34,"942 West St, New York City, NY 10001"
218379,Wired Headphones,1,11.99,06/09/24 18:30,"714 Chestnut St, Boston, MA 02215"
218380,AA Batteries (4-pack),2,3.84,06/04/24 19:06,"4 7th St, Portland, ME 04101"
218381,USB-C Charging Cable,1,11.95,06/15/24 08:27,"600 Center St, San Francisco, CA 94016"
218382,20in Monitor,1,109.99,06/15/24 15:49,"595 7th St, Dallas, TX 75001"
218383,34in Ultrawide Monitor,1,379.99,06/17/24 19:51,"769 Hickory St, Los Angeles, CA 90001"
218383,Lightning Charging Cable,1,14.95,06/17/24 19:51,"769 Hickory St, Los Angeles, CA 90001"
218384,USB-C Charging Cable,1,11.95,06/16/24 11:58,"956 7th St, San Francisco, CA 94016"
218385,AA Batteries (4-pack),1,3.84,06/10/24 17:34,"934 13th St, Atlanta, GA 30301"
218386,AAA Batteries (4-pack),1,2.99,06/15/24 17:11,"902 Wilson St, Atlanta, GA 30301"
218387,Wired Headphones,1,11.99,06/15/24 13:45,"152 4th St, Atlanta, GA 30301"
218388,34in Ultrawide Monitor,1,379.99,06/15/24 20:41,"507 Lake St, San Francisco, CA 94016"
218389,27in FHD Monitor,1,149.99,06/11/24 10:23,"473 Adams St, New York City, NY 10001"
218390,Lightning Charging Cable,1,14.95,06/11/24 14:13,"248 Church St, San Francisco, CA 94016"
218391,AAA Batteries (4-pack),1,2.99,06/26/24 09:26,"330 Church St, Seattle, WA 98101"
218392,Wired Headphones,1,11.99,06/29/24 17:00,"415 4th St, San Francisco, CA 94016"
218393,Bose SoundSport Headphones,1,99.99,06/10/24 06:44,"418 Hill St, San Francisco, CA 94016"
218394,Flatscreen TV,1,300,06/06/24 18:16,"677 Forest St, Dallas, TX 75001"
218395,20in Monitor,1,109.99,06/15/24 14:10,"676 Washington St, San Francisco, CA 94016"
218396,Apple Airpods Headphones,1,150,06/03/24 18:55,"442 10th St, Austin, TX 73301"
218397,Wired Headphones,1,11.99,06/16/24 01:03,"653 Hill St, New York City, NY 10001"
218398,Apple Airpods Headphones,1,150,06/14/24 13:17,"325 West St, Boston, MA 02215"
218399,Macbook Pro Laptop,1,1700,06/04/24 19:37,"694 12th St, Atlanta, GA 30301"
218400,Lightning Charging Cable,1,14.95,06/21/24 12:50,"111 Washington St, Portland, OR 97035"
218401,Lightning Charging Cable,1,14.95,06/21/24 09:18,"623 West St, San Francisco, CA 94016"
218402,ThinkPad Laptop,1,999.99,06/16/24 20:51,"913 Johnson St, Atlanta, GA 30301"
218403,AAA Batteries (4-pack),2,2.99,06/14/24 11:01,"635 West St, New York City, NY 10001"
218404,AA Batteries (4-pack),1,3.84,06/27/24 15:55,"928 Washington St, San Francisco, CA 94016"
218405,Wired Headphones,1,11.99,06/13/24 08:08,"830 Maple St, San Francisco, CA 94016"
218406,AAA Batteries (4-pack),2,2.99,06/18/24 12:01,"688 7th St, Seattle, WA 98101"
218407,ThinkPad Laptop,1,999.99,06/09/24 13:21,"921 Center St, New York City, NY 10001"
218408,Apple Airpods Headphones,1,150,06/01/24 12:40,"79 6th St, Portland, ME 04101"
218409,Apple Airpods Headphones,1,150,06/27/24 09:09,"837 West St, New York City, NY 10001"
218410,34in Ultrawide Monitor,1,379.99,06/26/24 07:38,"484 Elm St, Los Angeles, CA 90001"
218411,Google Phone,1,600,06/06/24 12:06,"182 Maple St, Atlanta, GA 30301"
218412,27in FHD Monitor,1,149.99,06/14/24 21:16,"727 Spruce St, Los Angeles, CA 90001"
218413,Apple Airpods Headphones,1,150,06/13/24 19:50,"495 Lake St, Boston, MA 02215"
218414,AA Batteries (4-pack),1,3.84,06/21/24 20:41,"969 Adams St, San Francisco, CA 94016"
218415,Apple Airpods Headphones,1,150,06/06/24 07:12,"71 Maple St, Los Angeles, CA 90001"
218416,AAA Batteries (4-pack),3,2.99,06/25/24 21:55,"109 Jackson St, San Francisco, CA 94016"
218417,AA Batteries (4-pack),1,3.84,06/24/24 21:46,"776 6th St, San Francisco, CA 94016"
Order ID,Product,Quantity Ordered,Price Each,Order Date,Purchase Address
218418,AA Batteries (4-pack),1,3.84,06/24/24 14:47,"575 Main St, Portland, ME 04101"
218419,Bose SoundSport Headphones,1,99.99,06/26/24 22:20,"217 Park St, San Francisco, CA 94016"
218420,Lightning Charging Cable,1,14.95,06/22/24 16:25,"543 North St, Boston, MA 02215"
218420,Lightning Charging Cable,1,14.95,06/22/24 16:25,"543 North St, Boston, MA 02215"
218421,AAA Batteries (4-pack),1,2.99,06/22/24 08:30,"601 7th St, Atlanta, GA 30301"
218422,Wired Headphones,1,11.99,06/19/24 22:29,"128 Jackson St, San Francisco, CA 94016"
218423,USB-C Charging Cable,1,11.95,06/18/24 18:46,"348 13th St, Los Angeles, CA 90001"
218424,20in Monitor,1,109.99,06/15/24 20:30,"194 6th St, Dallas, TX 75001"
218425,27in FHD Monitor,1,149.99,06/20/24 07:51,"9 Forest St, Seattle, WA 98101"
218426,Bose SoundSport Headphones,1,99.99,06/16/24 09:47,"281 Adams St, New York City, NY 10001"
218427,Lightning Charging Cable,1,14.95,06/02/24 05:36,"453 River St, Los Angeles, CA 90001"
Order ID,Product,Quantity Ordered,Price Each,Order Date,Purchase Address
218428,AA Batteries (4-pack),1,3.84,06/07/24 16:50,"156 Hill St, Dallas, TX 75001"
218429,LG Washing Machine,1,600.0,06/17/24 10:11,"759 10th St, San Francisco, CA 94016"
218430,USB-C Charging Cable,1,11.95,06/03/24 11:04,"975 North St, San Francisco, CA 94016"
218431,AAA Batteries (4-pack),1,2.99,06/14/24 17:54,"102 Chestnut St, Dallas, TX 75001"
218432,Wired Headphones,2,11.99,06/06/24 16:42,"781 10th St, Portland, OR 97035"
218433,USB-C Charging Cable,2,11.95,06/16/24 01:51,"558 Chestnut St, Los Angeles, CA 90001"
218434,Bose SoundSport Headphones,1,99.99,06/26/24 20:53,"429 Cherry St, Boston, MA 02215"
218435,34in Ultrawide Monitor,1,379.99,06/26/24 13:41,"382 North St, Dallas, TX 75001"
218436,Apple Airpods Headphones,1,150,06/16/24 17:47,"203 Center St, Los Angeles, CA 90001"
218437,Wired Headphones,1,11.99,06/18/24 19:15,"32 Church St, Dallas, TX 75001"
218438,AAA Batteries (4-pack),1,2.99,06/09/24 18:20,"320 Adams St, Los Angeles, CA 90001"
218439,Macbook Pro Laptop,1,1700,06/03/24 23:55,"627 Jackson St, Los Angeles, CA 90001"
218439,27in 4K Gaming Monitor,1,389.99,06/03/24 23:55,"627 Jackson St, Los Angeles, CA 90001"
218440,Lightning Charging Cable,1,14.95,06/15/24 20:14,"924 Johnson St, San Francisco, CA 94016"
218441,Lightning Charging Cable,1,14.95,06/27/24 13:05,"263 Center St, Dallas, TX 75001"
218442,Apple Airpods Headphones,1,150,06/16/24 00:06,"347 Adams St, Seattle, WA 98101"
218443,Lightning Charging Cable,1,14.95,06/24/24 17:01,"498 Lincoln St, Los Angeles, CA 90001"
218444,AAA Batteries (4-pack),2,2.99,06/25/24 11:15,"471 Lakeview St, Boston, MA 02215"
218445,Apple Airpods Headphones,1,150,06/27/24 18:23,"556 Ridge St, Atlanta, GA 30301"
218446,Apple Airpods Headphones,1,150,06/14/24 11:28,"594 Willow St, Boston, MA 02215"
218447,Lightning Charging Cable,1,14.95,06/09/24 20:42,"124 Johnson St, Boston, MA 02215"
218448,AA Batteries (4-pack),1,3.84,06/30/24 05:33,"536 Forest St, San Francisco, CA 94016"
218449,AAA Batteries (4-pack),2,2.99,06/01/24 11:36,"745 Adams St, New York City, NY 10001"
218450,AA Batteries (4-pack),1,3.84,06/06/24 08:08,"484 Ridge St, Atlanta, GA 30301"
218451,27in 4K Gaming Monitor,1,389.99,06/03/24 10:26,"159 Sunset St, San Francisco, CA 94016"
218452,Macbook Pro Laptop,1,1700,06/24/24 20:15,"876 Cedar St, New York City, NY 10001"
218453,USB-C Charging Cable,1,11.95,06/07/24 12:24,"196 Willow St, Portland, OR 97035"
218454,Lightning Charging Cable,1,14.95,06/17/24 11:20,"641 Lakeview St, New York City, NY 10001"
218455,AAA Batteries (4-pack),1,2.99,06/04/24 16:51,"460 Dogwood St, Los Angeles, CA 90001"
218456,34in Ultrawide Monitor,1,379.99,06/28/24 22:33,"1 Maple St, New York City, NY 10001"
218457,27in 4K Gaming Monitor,1,389.99,07/01/24 03:09,"567 Forest St, San Francisco, CA 94016"
218458,AA Batteries (4-pack),2,3.84,06/23/24 10:57,"323 1st St, San Francisco, CA 94016"
218459,USB-C Charging Cable,1,11.95,06/23/24 17:54,"298 Park St, San Francisco, CA 94016"
218460,AAA Batteries (4-pack),1,2.99,06/15/24 12:39,"402 Church St, San Francisco, CA 94016"
218461,USB-C Charging Cable,1,11.95,06/04/24 08:37,"3 Washington St, Los Angeles, CA 90001"
218462,USB-C Charging Cable,2,11.95,06/04/24 17:04,"442 Dogwood St, Dallas, TX 75001"
218463,Apple Airpods Headphones,1,150,06/21/24 22:06,"279 Willow St, Los Angeles, CA 90001"
218464,Flatscreen TV,1,300,06/09/24 12:08,"495 Hickory St, Portland, OR 97035"
218465,Bose SoundSport Headphones,1,99.99,06/05/24 08:47,"966 Adams St, Los Angeles, CA 90001"
218466,Apple Airpods Headphones,1,150,06/04/24 09:51,"295 10th St, Los Angeles, CA 90001"
218467,Bose SoundSport Headphones,2,99.99,06/06/24 20:49,"799 4th St, San Francisco, CA 94016"
218468,Bose SoundSport Headphones,1,99.99,06/03/24 11:15,"203 Lake St, San Francisco, CA 94016"
218469,USB-C Charging Cable,1,11.95,06/02/24 19:48,"52 Washington St, New York City, NY 10001"
218470,Google Phone,1,600,06/21/24 15:51,"90 Cherry St, Boston, MA 02215"
218471,Lightning Charging Cable,1,14.95,06/28/24 19:38,"173 Pine St, Los Angeles, CA 90001"
218472,iPhone,1,700,06/13/24 22:26,"9 Johnson St, San Francisco, CA 94016"
218473,USB-C Charging Cable,1,11.95,06/18/24 08:38,"672 2nd St, San Francisco, CA 94016"
218474,USB-C Charging Cable,1,11.95,06/20/24 11:59,"27 Washington St, New York City, NY 10001"
218475,AAA Batteries (4-pack),1,2.99,06/10/24 19:24,"764 5th St, Los Angeles, CA 90001"
218476,AAA Batteries (4-pack),1,2.99,06/30/24 22:32,"771 North St, Portland, OR 97035"
218477,AAA Batteries (4-pack),1,2.99,06/06/24 13:33,"393 Church St, Seattle, WA 98101"
218478,AAA Batteries (4-pack),2,2.99,06/18/24 23:22,"296 Cherry St, Los Angeles, CA 90001"
218479,20in Monitor,1,109.99,06/25/24 06:30,"207 Park St, Los Angeles, CA 90001"
218480,Apple Airpods Headphones,1,150,06/14/24 12:48,"823 Pine St, Los Angeles, CA 90001"
218481,Bose SoundSport Headphones,1,99.99,06/15/24 16:19,"84 10th St, Austin, TX 73301"
218482,USB-C Charging Cable,2,11.95,07/01/24 00:48,"502 Wilson St, Austin, TX 73301"
218483,Wired Headphones,1,11.99,06/07/24 11:28,"33 Jackson St, Boston, MA 02215"
218484,Lightning Charging Cable,1,14.95,06/06/24 14:26,"612 Jefferson St, Los Angeles, CA 90001"
218485,AAA Batteries (4-pack),1,2.99,06/07/24 21:13,"858 7th St, Boston, MA 02215"
218486,Apple Airpods Headphones,1,150,06/27/24 23:22,"814 Dogwood St, San Francisco, CA 94016"
218487,Bose SoundSport Headphones,1,99.99,06/03/24 20:46,"599 6th St, Austin, TX 73301"
218488,27in FHD Monitor,1,149.99,06/27/24 20:30,"919 North St, Boston, MA 02215"
218489,Bose SoundSport Headphones,2,99.99,06/02/24 19:45,"289 Wilson St, New York City, NY 10001"
218490,Bose SoundSport Headphones,1,99.99,06/08/24 18:35,"170 Park St, Austin, TX 73301"
218491,34in Ultrawide Monitor,1,379.99,06/14/24 10:06,"702 2nd St, Austin, TX 73301"
218492,Wired Headphones,1,11.99,06/29/24 16:55,"357 Cherry St, San Francisco, CA 94016"
218493,Bose SoundSport Headphones,1,99.99,06/11/24 14:33,"432 Elm St, New York City, NY 10001"
218494,Lightning Charging Cable,2,14.95,06/26/24 13:05,"702 12th St, Boston, MA 02215"
218495,ThinkPad Laptop,1,999.99,06/14/24 09:06,"378 Center St, Los Angeles, CA 90001"
218496,USB-C Charging Cable,1,11.95,06/19/24 15:26,"612 2nd St, Los Angeles, CA 90001"
218497,Lightning Charging Cable,1,14.95,06/24/24 06:58,"522 Johnson St, Dallas, TX 75001"
218498,Bose SoundSport Headphones,1,99.99,06/24/24 08:07,"299 1st St, Atlanta, GA 30301"
218499,AA Batteries (4-pack),3,3.84,06/01/24 18:23,"246 4th St, Boston, MA 02215"
218500,AA Batteries (4-pack),1,3.84,06/10/24 09:52,"51 4th St, San Francisco, CA 94016"
218501,Lightning Charging Cable,1,14.95,06/19/24 20:09,"309 Center St, Boston, MA 02215"
218502,27in 4K Gaming Monitor,1,389.99,06/30/24 20:47,"930 10th St, Portland, OR 97035"
218503,USB-C Charging Cable,1,11.95,06/23/24 13:54,"773 14th St, Los Angeles, CA 90001"
,,,,,
218504,Flatscreen TV,1,300,06/01/24 16:20,"883 13th St, San Francisco, CA 94016"
218505,USB-C Charging Cable,1,11.95,06/29/24 14:41,"690 Cedar St, San Francisco, CA 94016"
218506,AA Batteries (4-pack),2,3.84,06/07/24 14:20,"74 Park St, Dallas, TX 75001"
218507,Macbook Pro Laptop,1,1700,06/19/24 10:15,"557 Washington St, Los Angeles, CA 90001"
218508,iPhone,1,700,06/03/24 13:02,"842 Park St, Boston, MA 02215"
218508,Lightning Charging Cable,1,14.95,06/03/24 13:02,"842 Park St, Boston, MA 02215"
218509,AA Batteries (4-pack),1,3.84,06/03/24 16:22,"201 Highland St, San Francisco, CA 94016"
218510,Wired Headphones,1,11.99,06/23/24 15:41,"380 Johnson St, Portland, OR 97035"
218511,34in Ultrawide Monitor,1,379.99,06/06/24 19:43,"294 Adams St, Seattle, WA 98101"
218512,27in FHD Monitor,1,149.99,06/22/24 17:22,"488 9th St, San Francisco, CA 94016"
218513,Wired Headphones,2,11.99,06/12/24 19:16,"334 Lake St, San Francisco, CA 94016"
218514,Wired Headphones,1,11.99,06/27/24 08:24,"412 Willow St, Atlanta, GA 30301"
218515,Wired Headphones,1,11.99,06/21/24 21:54,"585 Dogwood St, Dallas, TX 75001"
218516,AAA Batteries (4-pack),1,2.99,06/07/24 00:42,"777 Meadow St, Seattle, WA 98101"
218517,Bose SoundSport Headphones,1,99.99,06/27/24 20:32,"226 Hill St, San Francisco, CA 94016"
218518,Bose SoundSport Headphones,1,99.99,06/13/24 22:57,"274 Hickory St, Boston, MA 02215"
218519,Flatscreen TV,1,300,06/23/24 22:24,"245 Lake St, Portland, ME 04101"
218520,USB-C Charging Cable,1,11.95,06/22/24 22:24,"395 Madison St, Seattle, WA 98101"
218521,Wired Headphones,1,11.99,06/12/24 15:47,"93 Center St, Boston, MA 02215"
218522,USB-C Charging Cable,1,11.95,06/29/24 12:32,"118 10th St, Boston, MA 02215"
218523,Wired Headphones,1,11.99,06/22/24 00:50,"674 Forest St, Seattle, WA 98101"
218524,AA Batteries (4-pack),1,3.84,06/07/24 22:19,"508 Lake St, New York City, NY 10001"
218525,Wired Headphones,2,11.99,06/12/24 16:54,"585 Sunset St, Seattle, WA 98101"
218526,Lightning Charging Cable,2,14.95,06/10/24 17:46,"950 Lincoln St, Boston, MA 02215"
218527,iPhone,1,700,06/01/24 11:23,"334 Forest St, San Francisco, CA 94016"
218527,Lightning Charging Cable,1,14.95,06/01/24 11:23,"334 Forest St, San Francisco, CA 94016"
218528,USB-C Charging Cable,1,11.95,06/11/24 22:37,"601 Pine St, Los Angeles, CA 90001"
218529,Lightning Charging Cable,1,14.95,06/06/24 20:23,"82 11th St, Los Angeles, CA 90001"
218530,Vareebadd Phone,1,400,06/12/24 00:22,"199 Chestnut St, New York City, NY 10001"
218530,USB-C Charging Cable,1,11.95,06/12/24 00:22,"199 Chestnut St, New York City, NY 10001"
218530,Wired Headphones,1,11.99,06/12/24 00:22,"199 Chestnut St, New York City, NY 10001"
218531,Apple Airpods Headphones,1,150,06/13/24 21:25,"256 Pine St, Atlanta, GA 30301"
218532,Bose SoundSport Headphones,1,99.99,06/26/24 18:39,"330 South St, Austin, TX 73301"
218533,27in 4K Gaming Monitor,1,389.99,06/06/24 20:56,"495 Maple St, Dallas, TX 75001"
218534,AAA Batteries (4-pack),1,2.99,06/11/24 21:44,"541 Spruce St, San Francisco, CA 94016"
218535,Wired Headphones,1,11.99,06/22/24 18:59,"699 13th St, Seattle, WA 98101"
218536,20in Monitor,1,109.99,06/26/24 16:15,"772 Pine St, Portland, OR 97035"
218537,Wired Headphones,1,11.99,06/08/24 17:00,"989 Willow St, Boston, MA 02215"
218538,Lightning Charging Cable,1,14.95,06/15/24 14:38,"253 South St, New York City, NY 10001"
218539,AA Batteries (4-pack),1,3.84,06/15/24 15:34,"448 Wilson St, San Francisco, CA 94016"
218540,Macbook Pro Laptop,1,1700,06/18/24 09:21,"765 10th St, Boston, MA 02215"
218541,Lightning Charging Cable,1,14.95,06/28/24 23:34,"650 Adams St, Portland, OR 97035"
218542,AAA Batteries (4-pack),2,2.99,06/01/24 08:57,"193 Elm St, Los Angeles, CA 90001"
218543,Lightning Charging Cable,1,14.95,06/02/24 21:49,"298 Hickory St, San Francisco, CA 94016"
218544,Apple Airpods Headphones,1,150,06/19/24 14:50,"718 Madison St, Boston, MA 02215"
218545,Google Phone,1,600,06/15/24 20:49,"720 Jefferson St, New York City, NY 10001"
218546,iPhone,1,700,06/06/24 14:44,"642 Maple St, Boston, MA 02215"
218547,34in Ultrawide Monitor,1,379.99,06/21/24 14:24,"491 Washington St, Seattle, WA 98101"
218548,AA Batteries (4-pack),1,3.84,06/04/24 21:21,"519 Maple St, Boston, MA 02215"
218548,AA Batteries (4-pack),1,3.84,06/04/24 21:21,"519 Maple St, Boston, MA 02215"
218549,Wired Headphones,1,11.99,06/04/24 18:15,"329 Jackson St, Austin, TX 73301"
218550,USB-C Charging Cable,2,11.95,06/24/24 10:40,"824 7th St, Austin, TX 73301"
218551,USB-C Charging Cable,1,11.95,06/28/24 14:10,"245 Dogwood St, Austin, TX 73301"
218552,Vareebadd Phone,1,400,06/19/24 00:19,"385 Lincoln St, Los Angeles, CA 90001"
218553,Lightning Charging Cable,1,14.95,06/26/24 16:23,"175 Highland St, Atlanta, GA 30301"
218554,Lightning Charging Cable,1,14.95,06/01/24 12:06,"759 13th St, San Francisco, CA 94016"
218555,Wired Headphones,1,11.99,06/05/24 09:46,"265 Sunset St, San Francisco, CA 94016"
218556,Wired Headphones,1,11.99,06/22/24 20:57,"596 1st St, Dallas, TX 75001"
218557,Apple Airpods Headphones,1,150,06/12/24 13:12,"592 Pine St, San Francisco, CA 94016"
218558,27in FHD Monitor,1,149.99,06/14/24 14:15,"915 Forest St, Dallas, TX 75001"
218559,20in Monitor,1,109.99,06/15/24 20:38,"522 1st St, Los Angeles, CA 90001"
218560,Vareebadd Phone,1,400,06/27/24 14:38,"891 Lincoln St, Austin, TX 73301"
218560,USB-C Charging Cable,1,11.95,06/27/24 14:38,"891 Lincoln St, Austin, TX 73301"
218561,Lightning Charging Cable,1,14.95,06/12/24 13:01,"753 5th St, San Francisco, CA 94016"
218562,Wired Headphones,1,11.99,06/22/24 15:00,"470 Johnson St, New York City, NY 10001"
218563,Lightning Charging Cable,1,14.95,06/09/24 21:08,"221 Pine St, Dallas, TX 75001"
218564,AA Batteries (4-pack),1,3.84,06/14/24 14:44,"909 Walnut St, Seattle, WA 98101"
218565,Wired Headphones,1,11.99,06/12/24 15:53,"4 South St, Austin, TX 73301"
218566,Lightning Charging Cable,1,14.95,06/08/24 17:19,"34 North St, Dallas, TX 75001"
218567,Bose SoundSport Headphones,1,99.99,06/11/24 20:02,"688 Highland St, Seattle, WA 98101"
218568,Macbook Pro Laptop,1,1700,06/20/24 10:45,"923 Jackson St, San Francisco, CA 94016"
218569,Apple Airpods Headphones,1,150,06/07/24 20:09,"91 Willow St, Los Angeles, CA 90001"
218570,Apple Airpods Headphones,1,150,06/25/24 04:12,"32 13th St, New York City, NY 10001"
218571,AAA Batteries (4-pack),2,2.99,06/13/24 20:26,"601 Chestnut St, Los Angeles, CA 90001"
218572,Macbook Pro Laptop,1,1700,06/25/24 11:02,"66 13th St, Boston, MA 02215"
218573,iPhone,1,700,06/05/24 12:42,"729 Adams St, Atlanta, GA 30301"
218574,Lightning Charging Cable,1,14.95,06/20/24 19:35,"767 Madison St, Boston, MA 02215"
218575,27in FHD Monitor,1,149.99,06/12/24 21:25,"11 Pine St, Seattle, WA 98101"
218576,Bose SoundSport Headphones,1,99.99,06/29/24 13:53,"283 Center St, Los Angeles, CA 90001"
218577,Macbook Pro Laptop,1,1700,06/23/24 19:23,"556 9th St, Dallas, TX 75001"
218578,USB-C Charging Cable,1,11.95,06/04/24 09:56,"540 10th St, Austin, TX 73301"
218579,iPhone,1,700,06/16/24 14:15,"188 Main St, Austin, TX 73301"
218579,Lightning Charging Cable,1,14.95,06/16/24 14:15,"188 Main St, Austin, TX 73301"
218580,USB-C Charging Cable,1,11.95,06/10/24 21:21,"999 Jackson St, Boston, MA 02215"
218581,Apple Airpods Headphones,1,150,06/30/24 13:18,"111 South St, Boston, MA 02215"
218582,20in Monitor,1,109.99,06/06/24 22:18,"945 Adams St, Portland, OR 97035"
218583,Apple Airpods Headphones,1,150,06/03/24 14:51,"998 Ridge St, Portland, OR 97035"
218584,Flatscreen TV,1,300,06/16/24 22:59,"806 Willow St, San Francisco, CA 94016"
218585,AA Batteries (4-pack),2,3.84,06/11/24 15:37,"273 Chestnut St, Los Angeles, CA 90001"
218586,AAA Batteries (4-pack),1,2.99,06/04/24 23:22,"577 4th St, Atlanta, GA 30301"
218587,Apple Airpods Headphones,1,150,06/17/24 19:34,"633 10th St, Los Angeles, CA 90001"
218588,AA Batteries (4-pack),2,3.84,06/13/24 11:31,"426 Maple St, Atlanta, GA 30301"
218589,Lightning Charging Cable,1,14.95,06/09/24 17:48,"200 Ridge St, Boston, MA 02215"
218590,AAA Batteries (4-pack),3,2.99,06/02/24 16:11,"10 Cedar St, Atlanta, GA 30301"
218591,27in 4K Gaming Monitor,1,389.99,06/06/24 07:27,"252 Lakeview St, Los Angeles, CA 90001"
218592,27in FHD Monitor,1,149.99,06/26/24 00:08,"499 Chestnut St, Boston, MA 02215"
218593,AA Batteries (4-pack),1,3.84,06/26/24 07:03,"538 7th St, San Francisco, CA 94016"
218594,Flatscreen TV,1,300,06/30/24 09:49,"828 Walnut St, Los Angeles, CA 90001"
218595,Google Phone,1,600,06/11/24 17:32,"911 Park St, Dallas, TX 75001"
218595,USB-C Charging Cable,2,11.95,06/11/24 17:32,"911 Park St, Dallas, TX 75001"
218596,27in 4K Gaming Monitor,1,389.99,06/19/24 21:47,"690 12th St, Seattle, WA 98101"
218597,34in Ultrawide Monitor,1,379.99,06/11/24 13:59,"752 Spruce St, Portland, OR 97035"
218598,iPhone,1,700,06/26/24 12:36,"198 Cherry St, San Francisco, CA 94016"
218599,Macbook Pro Laptop,1,1700,06/30/24 09:17,"917 Johnson St, Seattle, WA 98101"
218600,AAA Batteries (4-pack),1,2.99,06/29/24 10:45,"799 Spruce St, New York City, NY 10001"
218601,AA Batteries (4-pack),1,3.84,06/27/24 23:33,"595 Forest St, Austin, TX 73301"
218602,Wired Headphones,1,11.99,06/24/24 15:01,"474 Meadow St, Atlanta, GA 30301"
218603,AA Batteries (4-pack),1,3.84,06/12/24 01:30,"826 Main St, Atlanta, GA 30301"
218604,34in Ultrawide Monitor,1,379.99,06/06/24 18:53,"825 8th St, Los Angeles, CA 90001"
218605,Apple Airpods Headphones,1,150,06/16/24 10:47,"767 Maple St, New York City, NY 10001"
218606,AAA Batteries (4-pack),1,2.99,06/10/24 19:00,"217 Elm St, San Francisco, CA 94016"
218607,AA Batteries (4-pack),1,3.84,06/07/24 09:19,"546 Elm St, Los Angeles, CA 90001"
218608,Lightning Charging Cable,1,14.95,06/10/24 09:37,"563 Highland St, San Francisco, CA 94016"
218609,ThinkPad Laptop,1,999.99,06/03/24 18:02,"960 5th St, Los Angeles, CA 90001"
218610,Lightning Charging Cable,1,14.95,06/28/24 13:36,"867 Willow St, Los Angeles, CA 90001"
218611,iPhone,1,700,06/10/24 21:38,"1 Highland St, Boston, MA 02215"
218611,Wired Headphones,1,11.99,06/10/24 21:38,"1 Highland St, Boston, MA 02215"
218612,ThinkPad Laptop,1,999.99,06/29/24 12:39,"919 Pine St, San Francisco, CA 94016"
218613,Apple Airpods Headphones,1,150,06/11/24 09:29,"991 Johnson St, Austin, TX 73301"
218614,AA Batteries (4-pack),4,3.84,06/30/24 11:48,"308 Madison St, Los Angeles, CA 90001"
218615,Wired Headphones,1,11.99,06/10/24 20:42,"374 South St, Los Angeles, CA 90001"
218616,iPhone,1,700,06/03/24 09:36,"846 Church St, Los Angeles, CA 90001"
218616,Lightning Charging Cable,1,14.95,06/03/24 09:36,"846 Church St, Los Angeles, CA 90001"
218617,Apple Airpods Headphones,1,150,06/26/24 11:11,"545 11th St, Dallas, TX 75001"
218618,20in Monitor,1,109.99,06/08/24 12:35,"614 Johnson St, Dallas, TX 75001"
218619,34in Ultrawide Monitor,1,379.99,06/14/24 10:42,"467 1st St, San Francisco, CA 94016"
218620,Bose SoundSport Headphones,1,99.99,06/20/24 13:07,"501 South St, Boston, MA 02215"
218621,Lightning Charging Cable,1,14.95,06/21/24 13:00,"750 Spruce St, Seattle, WA 98101"
218622,Apple Airpods Headphones,1,150,06/17/24 13:59,"209 Jefferson St, Austin, TX 73301"
218623,Wired Headphones,1,11.99,06/16/24 16:23,"954 Adams St, New York City, NY 10001"
218624,ThinkPad Laptop,1,999.99,06/28/24 20:43,"655 8th St, Boston, MA 02215"
218625,Apple Airpods Headphones,1,150,06/25/24 17:09,"857 Jackson St, San Francisco, CA 94016"
218626,Lightning Charging Cable,1,14.95,06/11/24 12:34,"126 2nd St, New York City, NY 10001"
218627,20in Monitor,1,109.99,06/15/24 19:42,"209 Sunset St, Portland, OR 97035"
218628,ThinkPad Laptop,1,999.99,06/02/24 20:35,"717 Cedar St, San Francisco, CA 94016"
218629,Apple Airpods Headphones,1,150,06/23/24 22:26,"874 13th St, Los Angeles, CA 90001"
218630,USB-C Charging Cable,1,11.95,06/04/24 21:00,"236 Main St, New York City, NY 10001"
218631,34in Ultrawide Monitor,1,379.99,06/21/24 18:22,"131 West St, San Francisco, CA 94016"
218632,Bose SoundSport Headphones,1,99.99,06/01/24 14:47,"39 Cherry St, Dallas, TX 75001"
218633,AA Batteries (4-pack),1,3.84,06/07/24 17:07,"460 Highland St, Seattle, WA 98101"
218634,USB-C Charging Cable,1,11.95,06/06/24 11:36,"917 Pine St, San Francisco, CA 94016"
218635,AAA Batteries (4-pack),2,2.99,06/06/24 18:39,"236 Ridge St, Los Angeles, CA 90001"
218636,AA Batteries (4-pack),1,3.84,06/30/24 20:56,"909 Elm St, Los Angeles, CA 90001"
218637,Wired Headphones,1,11.99,06/09/24 20:34,"330 9th St, Boston, MA 02215"
218638,Bose SoundSport Headphones,1,99.99,06/22/24 08:45,"505 Johnson St, Austin, TX 73301"
218639,AAA Batteries (4-pack),2,2.99,06/27/24 16:31,"915 1st St, Dallas, TX 75001"
218640,ThinkPad Laptop,1,999.99,06/25/24 18:35,"274 Cherry St, Austin, TX 73301"
218640,Lightning Charging Cable,1,14.95,06/25/24 18:35,"274 Cherry St, Austin, TX 73301"
218641,AA Batteries (4-pack),1,3.84,06/17/24 13:41,"894 Church St, Portland, OR 97035"
218642,USB-C Charging Cable,1,11.95,06/16/24 12:42,"594 Center St, Los Angeles, CA 90001"
218643,Wired Headphones,1,11.99,06/22/24 09:06,"534 Ridge St, Los Angeles, CA 90001"
218644,Apple Airpods Headphones,1,150,06/03/24 13:56,"558 Lincoln St, Dallas, TX 75001"
218645,Apple Airpods Headphones,1,150,06/19/24 16:42,"14 Johnson St, Austin, TX 73301"
218646,AA Batteries (4-pack),1,3.84,06/14/24 14:28,"376 Walnut St, New York City, NY 10001"
218647,AA Batteries (4-pack),1,3.84,06/03/24 17:23,"994 1st St, Los Angeles, CA 90001"
218648,27in FHD Monitor,1,149.99,06/24/24 05:51,"622 Forest St, Portland, OR 97035"
218649,iPhone,1,700,06/28/24 21:40,"684 Chestnut St, Dallas, TX 75001"
218650,34in Ultrawide Monitor,1,379.99,06/14/24 10:31,"633 9th St, Los Angeles, CA 90001"
218651,Lightning Charging Cable,1,14.95,06/29/24 17:40,"674 West St, San Francisco, CA 94016"
218652,iPhone,1,700,06/16/24 09:22,"591 5th St, San Francisco, CA 94016"
218653,AA Batteries (4-pack),1,3.84,06/06/24 16:41,"919 North St, Boston, MA 02215"
218654,AA Batteries (4-pack),1,3.84,06/29/24 05:29,"260 Dogwood St, New York City, NY 10001"
218655,iPhone,1,700,06/05/24 22:28,"597 North St, Austin, TX 73301"
218656,Apple Airpods Headphones,1,150,06/08/24 21:05,"503 Wilson St, Austin, TX 73301"
218657,Apple Airpods Headphones,1,150,06/18/24 14:42,"178 Maple St, San Francisco, CA 94016"
218658,AAA Batteries (4-pack),1,2.99,06/29/24 14:51,"895 Church St, Los Angeles, CA 90001"
218659,iPhone,1,700,06/19/24 09:51,"793 Maple St, Portland, OR 97035"
218660,20in Monitor,1,109.99,06/02/24 12:48,"988 4th St, Boston, MA 02215"
218661,AAA Batteries (4-pack),1,2.99,06/04/24 15:09,"15 Sunset St, Los Angeles, CA 90001"
218662,AA Batteries (4-pack),1,3.84,06/14/24 23:50,"96 11th St, San Francisco, CA 94016"
218663,34in Ultrawide Monitor,1,379.99,06/30/24 21:21,"849 Adams St, Atlanta, GA 30301"
218664,AAA Batteries (4-pack),2,2.99,06/06/24 00:23,"654 Adams St, New York City, NY 10001"
218665,AAA Batteries (4-pack),1,2.99,06/08/24 21:02,"87 6th St, San Francisco, CA 94016"
218666,Macbook Pro Laptop,1,1700,06/15/24 14:12,"307 10th St, San Francisco, CA 94016"
218666,Apple Airpods Headphones,1,150,06/15/24 14:12,"307 10th St, San Francisco, CA 94016"
218667,ThinkPad Laptop,1,999.99,06/19/24 09:02,"795 Cherry St, Boston, MA 02215"
218668,27in 4K Gaming Monitor,1,389.99,06/10/24 17:20,"134 13th St, Portland, OR 97035"
218669,USB-C Charging Cable,1,11.95,06/16/24 14:35,"793 Cherry St, San Francisco, CA 94016"
218670,AAA Batteries (4-pack),3,2.99,06/30/24 20:47,"833 Ridge St, Los Angeles, CA 90001"
218671,iPhone,1,700,06/14/24 16:44,"789 West St, Los Angeles, CA 90001"
218672,iPhone,1,700,06/08/24 00:24,"165 Highland St, Los Angeles, CA 90001"
218673,AAA Batteries (4-pack),1,2.99,06/18/24 11:33,"451 Madison St, San Francisco, CA 94016"
218674,Bose SoundSport Headphones,1,99.99,06/05/24 19:37,"277 Jefferson St, Boston, MA 02215"
218675,Google Phone,1,600,06/11/24 18:05,"720 7th St, San Francisco, CA 94016"
218676,Lightning Charging Cable,1,14.95,06/30/24 15:38,"70 Madison St, Dallas, TX 75001"
218677,27in 4K Gaming Monitor,1,389.99,06/22/24 15:09,"158 Church St, Austin, TX 73301"
218678,Lightning Charging Cable,1,14.95,06/05/24 14:24,"885 River St, San Francisco, CA 94016"
218679,Lightning Charging Cable,1,14.95,06/02/24 13:15,"797 10th St, New York City, NY 10001"
218680,Bose SoundSport Headphones,1,99.99,06/26/24 21:43,"593 Lakeview St, San Francisco, CA 94016"
218681,AAA Batteries (4-pack),1,2.99,06/24/24 15:47,"814 7th St, Austin, TX 73301"
218682,AAA Batteries (4-pack),3,2.99,06/18/24 00:05,"982 Highland St, New York City, NY 10001"
218683,Lightning Charging Cable,1,14.95,06/04/24 21:39,"440 Center St, Seattle, WA 98101"
218684,Macbook Pro Laptop,1,1700,06/01/24 13:00,"624 12th St, Atlanta, GA 30301"
218685,Google Phone,1,600,06/12/24 10:25,"578 9th St, Boston, MA 02215"
218685,USB-C Charging Cable,1,11.95,06/12/24 10:25,"578 9th St, Boston, MA 02215"
218686,27in FHD Monitor,1,149.99,06/24/24 19:11,"948 Pine St, Los Angeles, CA 90001"
218687,Wired Headphones,1,11.99,06/26/24 10:20,"142 13th St, Seattle, WA 98101"
218688,Apple Airpods Headphones,1,150,06/01/24 16:17,"858 Washington St, Austin, TX 73301"
218689,27in FHD Monitor,1,149.99,06/11/24 20:46,"601 Center St, Portland, OR 97035"
218690,27in FHD Monitor,1,149.99,06/27/24 23:20,"791 Main St, Los Angeles, CA 90001"
218691,34in Ultrawide Monitor,1,379.99,06/29/24 12:34,"364 Church St, San Francisco, CA 94016"
218692,AAA Batteries (4-pack),1,2.99,06/17/24 18:24,"515 Hill St, Boston, MA 02215"
218693,USB-C Charging Cable,2,11.95,06/21/24 12:21,"909 Ridge St, Seattle, WA 98101"
218694,Wired Headphones,1,11.99,06/19/24 20:11,"808 Sunset St, Boston, MA 02215"
218695,ThinkPad Laptop,1,999.99,06/07/24 17:19,"847 Chestnut St, San Francisco, CA 94016"
218696,Wired Headphones,1,11.99,06/11/24 13:01,"858 Hickory St, San Francisco, CA 94016"
218697,Apple Airpods Headphones,1,150,06/06/24 12:58,"239 North St, Los Angeles, CA 90001"
218698,27in FHD Monitor,1,149.99,06/16/24 10:23,"663 5th St, Los Angeles, CA 90001"
218699,Flatscreen TV,1,300,06/27/24 19:09,"39 Ridge St, Atlanta, GA 30301"
218700,Macbook Pro Laptop,1,1700,06/11/24 18:21,"215 4th St, New York City, NY 10001"
218701,Wired Headphones,1,11.99,06/21/24 17:43,"614 Madison St, Dallas, TX 75001"
218702,27in FHD Monitor,1,149.99,06/23/24 11:58,"358 8th St, Austin, TX 73301"
218703,27in 4K Gaming Monitor,1,389.99,06/28/24 08:05,"891 12th St, Dallas, TX 75001"
218704,AA Batteries (4-pack),1,3.84,06/03/24 22:52,"161 Park St, Atlanta, GA 30301"
218705,Macbook Pro Laptop,1,1700,06/22/24 20:52,"739 1st St, Los Angeles, CA 90001"
218706,Macbook Pro Laptop,1,1700,06/08/24 15:37,"945 Park St, Seattle, WA 98101"
218707,ThinkPad Laptop,1,999.99,06/07/24 10:41,"748 Johnson St, Portland, OR 97035"
218708,Google Phone,1,600,06/11/24 17:10,"156 11th St, Seattle, WA 98101"
218708,USB-C Charging Cable,1,11.95,06/11/24 17:10,"156 11th St, Seattle, WA 98101"
218708,Wired Headphones,1,11.99,06/11/24 17:10,"156 11th St, Seattle, WA 98101"
218709,Apple Airpods Headphones,1,150,06/07/24 09:49,"793 2nd St, New York City, NY 10001"
218710,27in FHD Monitor,1,149.99,06/02/24 23:35,"284 12th St, Atlanta, GA 30301"
218711,Macbook Pro Laptop,1,1700,06/19/24 19:15,"46 Cherry St, San Francisco, CA 94016"
218712,Vareebadd Phone,1,400,06/05/24 10:54,"680 Dogwood St, San Francisco, CA 94016"
218713,AAA Batteries (4-pack),3,2.99,06/22/24 21:20,"408 Washington St, Los Angeles, CA 90001"
218714,iPhone,1,700,06/24/24 18:11,"596 12th St, Dallas, TX 75001"
218715,USB-C Charging Cable,1,11.95,06/04/24 19:40,"97 Washington St, San Francisco, CA 94016"
218716,USB-C Charging Cable,1,11.95,06/04/24 20:57,"718 Park St, Los Angeles, CA 90001"
218717,Apple Airpods Headphones,1,150,06/26/24 23:33,"961 12th St, Boston, MA 02215"
218718,Lightning Charging Cable,1,14.95,06/11/24 14:42,"705 Highland St, Atlanta, GA 30301"
218719,USB-C Charging Cable,1,11.95,06/29/24 11:40,"969 Chestnut St, Atlanta, GA 30301"
218720,Bose SoundSport Headphones,1,99.99,06/30/24 22:46,"320 Willow St, San Francisco, CA 94016"
218721,USB-C Charging Cable,1,11.95,06/16/24 21:07,"316 River St, Atlanta, GA 30301"
218722,AAA Batteries (4-pack),1,2.99,06/12/24 23:14,"900 Dogwood St, Atlanta, GA 30301"
218723,iPhone,1,700,06/28/24 20:31,"660 6th St, Seattle, WA 98101"
218723,Lightning Charging Cable,1,14.95,06/28/24 20:31,"660 6th St, Seattle, WA 98101"
218723,Wired Headphones,1,11.99,06/28/24 20:31,"660 6th St, Seattle, WA 98101"
218724,AA Batteries (4-pack),2,3.84,06/14/24 03:36,"155 Hill St, San Francisco, CA 94016"
218725,20in Monitor,1,109.99,06/23/24 19:18,"352 Cherry St, New York City, NY 10001"
218726,AA Batteries (4-pack),1,3.84,06/25/24 22:09,"590 Washington St, San Francisco, CA 94016"
218727,Wired Headphones,1,11.99,06/15/24 10:48,"236 Lake St, San Francisco, CA 94016"
218728,27in FHD Monitor,1,149.99,06/05/24 22:30,"830 Pine St, Los Angeles, CA 90001"
218729,AA Batteries (4-pack),1,3.84,06/21/24 08:18,"867 River St, Boston, MA 02215"
218730,AA Batteries (4-pack),2,3.84,06/12/24 21:03,"128 Maple St, Boston, MA 02215"
218731,ThinkPad Laptop,1,999.99,06/02/24 14:18,"499 West St, Atlanta, GA 30301"
218732,Lightning Charging Cable,1,14.95,06/09/24 12:32,"311 5th St, New York City, NY 10001"
218733,Flatscreen TV,1,300,06/08/24 17:14,"723 Spruce St, Seattle, WA 98101"
218734,Macbook Pro Laptop,1,1700,06/02/24 18:38,"158 Lakeview St, Los Angeles, CA 90001"
218735,Wired Headphones,1,11.99,06/25/24 16:41,"880 Maple St, New York City, NY 10001"
218736,AA Batteries (4-pack),1,3.84,06/04/24 17:15,"802 Chestnut St, San Francisco, CA 94016"
218737,USB-C Charging Cable,1,11.95,06/20/24 11:25,"261 Wilson St, New York City, NY 10001"
218738,AAA Batteries (4-pack),2,2.99,06/23/24 11:12,"770 Madison St, New York City, NY 10001"
218739,Lightning Charging Cable,1,14.95,06/03/24 11:19,"740 Center St, Dallas, TX 75001"
218740,iPhone,1,700,06/11/24 14:19,"336 Willow St, Dallas, TX 75001"
218741,AA Batteries (4-pack),1,3.84,06/18/24 10:54,"35 6th St, New York City, NY 10001"
218742,27in FHD Monitor,1,149.99,06/20/24 16:32,"123 Jefferson St, Boston, MA 02215"
218743,Wired Headphones,1,11.99,06/06/24 11:27,"244 Elm St, New York City, NY 10001"
218744,Lightning Charging Cable,1,14.95,06/13/24 18:32,"726 Adams St, San Francisco, CA 94016"
218745,AA Batteries (4-pack),1,3.84,06/03/24 15:48,"16 Cherry St, Dallas, TX 75001"
218746,20in Monitor,1,109.99,06/10/24 15:37,"727 Chestnut St, New York City, NY 10001"
218747,USB-C Charging Cable,1,11.95,06/12/24 11:31,"314 Maple St, San Francisco, CA 94016"
218748,Lightning Charging Cable,1,14.95,06/17/24 19:20,"895 Cedar St, Los Angeles, CA 90001"
218749,Flatscreen TV,1,300,06/18/24 19:08,"124 Dogwood St, Portland, OR 97035"
218750,USB-C Charging Cable,1,11.95,06/30/24 16:52,"881 Forest St, New York City, NY 10001"
218751,Wired Headphones,1,11.99,06/20/24 13:35,"708 Jefferson St, Los Angeles, CA 90001"
218752,AA Batteries (4-pack),2,3.84,06/17/24 16:54,"770 12th St, San Francisco, CA 94016"
218753,AAA Batteries (4-pack),1,2.99,06/19/24 19:47,"925 West St, Atlanta, GA 30301"
218754,AA Batteries (4-pack),1,3.84,06/02/24 18:27,"24 Wilson St, Boston, MA 02215"
218755,AA Batteries (4-pack),1,3.84,06/08/24 10:42,"804 Madison St, New York City, NY 10001"
218756,AAA Batteries (4-pack),1,2.99,06/11/24 14:54,"362 Hickory St, Boston, MA 02215"
218756,AAA Batteries (4-pack),1,2.99,06/11/24 14:54,"362 Hickory St, Boston, MA 02215"
218757,27in FHD Monitor,1,149.99,06/19/24 08:29,"99 Willow St, New York City, NY 10001"
218758,AAA Batteries (4-pack),1,2.99,06/09/24 22:31,"23 Church St, Austin, TX 73301"
218759,AA Batteries (4-pack),1,3.84,06/15/24 13:06,"988 12th St, Los Angeles, CA 90001"
218760,Apple Airpods Headphones,1,150,06/30/24 14:28,"723 Highland St, Portland, OR 97035"
218761,Bose SoundSport Headphones,1,99.99,06/04/24 07:33,"910 Hill St, Austin, TX 73301"
218762,iPhone,1,700,06/18/24 14:05,"776 Cherry St, San Francisco, CA 94016"
218762,Lightning Charging Cable,1,14.95,06/18/24 14:05,"776 Cherry St, San Francisco, CA 94016"
218763,AAA Batteries (4-pack),1,2.99,06/27/24 19:03,"274 Main St, San Francisco, CA 94016"
218764,AA Batteries (4-pack),1,3.84,06/20/24 10:43,"162 2nd St, Austin, TX 73301"
218765,AA Batteries (4-pack),1,3.84,06/09/24 12:04,"508 Forest St, Boston, MA 02215"
218766,USB-C Charging Cable,1,11.95,06/10/24 18:41,"388 11th St, New York City, NY 10001"
218767,27in 4K Gaming Monitor,1,389.99,06/28/24 12:35,"913 Jackson St, Portland, ME 04101"
218768,Lightning Charging Cable,2,14.95,06/08/24 11:08,"911 Highland St, Portland, OR 97035"
218769,AA Batteries (4-pack),1,3.84,06/12/24 09:04,"786 9th St, Los Angeles, CA 90001"
218770,AA Batteries (4-pack),1,3.84,06/24/24 13:56,"187 10th St, Dallas, TX 75001"
218771,Lightning Charging Cable,2,14.95,06/24/24 21:34,"983 Pine St, New York City, NY 10001"
218772,AA Batteries (4-pack),1,3.84,06/15/24 22:12,"433 7th St, Boston, MA 02215"
218773,Lightning Charging Cable,1,14.95,06/02/24 03:50,"897 Center St, Austin, TX 73301"
218774,iPhone,1,700,06/10/24 11:19,"533 9th St, Dallas, TX 75001"
218774,Lightning Charging Cable,1,14.95,06/10/24 11:19,"533 9th St, Dallas, TX 75001"
218774,Wired Headphones,1,11.99,06/10/24 11:19,"533 9th St, Dallas, TX 75001"
218775,USB-C Charging Cable,1,11.95,06/05/24 13:17,"562 Jackson St, Los Angeles, CA 90001"
218776,Wired Headphones,1,11.99,06/24/24 19:17,"946 Maple St, New York City, NY 10001"
218777,AAA Batteries (4-pack),1,2.99,06/15/24 10:39,"107 Lake St, Boston, MA 02215"
218778,27in 4K Gaming Monitor,1,389.99,06/03/24 19:23,"352 Dogwood St, San Francisco, CA 94016"
218779,Apple Airpods Headphones,1,150,06/25/24 10:42,"199 Cherry St, Dallas, TX 75001"
218780,USB-C Charging Cable,1,11.95,06/04/24 12:26,"847 Jackson St, Boston, MA 02215"
218781,Bose SoundSport Headphones,1,99.99,06/17/24 18:28,"98 Jackson St, Seattle, WA 98101"
218782,AAA Batteries (4-pack),3,2.99,06/20/24 12:34,"649 11th St, Seattle, WA 98101"
218783,Flatscreen TV,1,300,06/05/24 13:43,"436 5th St, Atlanta, GA 30301"
218784,Lightning Charging Cable,1,14.95,06/15/24 16:37,"992 Wilson St, Portland, OR 97035"
218785,Bose SoundSport Headphones,1,99.99,06/09/24 11:54,"541 Forest St, San Francisco, CA 94016"
218786,AA Batteries (4-pack),2,3.84,06/11/24 13:27,"169 Hickory St, Seattle, WA 98101"
218787,AAA Batteries (4-pack),2,2.99,06/16/24 13:53,"986 Ridge St, Boston, MA 02215"
218788,27in 4K Gaming Monitor,1,389.99,06/30/24 15:21,"802 Lakeview St, Atlanta, GA 30301"
218789,AA Batteries (4-pack),1,3.84,06/25/24 09:32,"35 7th St, San Francisco, CA 94016"
218790,20in Monitor,1,109.99,06/13/24 15:29,"322 Hickory St, San Francisco, CA 94016"
218791,ThinkPad Laptop,1,999.99,06/08/24 00:21,"982 14th St, San Francisco, CA 94016"
218792,Bose SoundSport Headphones,1,99.99,06/29/24 21:27,"432 Spruce St, San Francisco, CA 94016"
218793,Bose SoundSport Headphones,1,99.99,06/15/24 20:38,"159 Madison St, Seattle, WA 98101"
218794,ThinkPad Laptop,1,999.99,06/14/24 20:07,"419 South St, New York City, NY 10001"
218795,Flatscreen TV,1,300,06/13/24 11:11,"929 4th St, Dallas, TX 75001"
218796,AA Batteries (4-pack),1,3.84,06/25/24 20:46,"135 Spruce St, Boston, MA 02215"
218797,AAA Batteries (4-pack),2,2.99,06/23/24 15:20,"529 Jefferson St, Portland, OR 97035"
218798,Apple Airpods Headphones,1,150,06/24/24 17:34,"61 Lakeview St, New York City, NY 10001"
218799,AA Batteries (4-pack),1,3.84,06/13/24 22:47,"82 Johnson St, San Francisco, CA 94016"
218800,USB-C Charging Cable,1,11.95,06/08/24 07:25,"774 Madison St, Boston, MA 02215"
218801,Flatscreen TV,1,300,06/11/24 14:34,"68 1st St, Dallas, TX 75001"
218802,iPhone,1,700,06/27/24 14:26,"612 Meadow St, San Francisco, CA 94016"
218802,Apple Airpods Headphones,1,150,06/27/24 14:26,"612 Meadow St, San Francisco, CA 94016"
218803,AAA Batteries (4-pack),1,2.99,06/28/24 15:43,"550 1st St, Los Angeles, CA 90001"
218804,Lightning Charging Cable,1,14.95,06/29/24 19:58,"762 Madison St, Los Angeles, CA 90001"
218805,34in Ultrawide Monitor,1,379.99,06/19/24 14:22,"619 Spruce St, Los Angeles, CA 90001"
218806,Lightning Charging Cable,1,14.95,06/06/24 16:54,"352 Cedar St, New York City, NY 10001"
218807,AAA Batteries (4-pack),2,2.99,06/11/24 13:58,"520 Chestnut St, Los Angeles, CA 90001"
218808,AA Batteries (4-pack),1,3.84,06/16/24 07:24,"128 9th St, Atlanta, GA 30301"
218809,AA Batteries (4-pack),1,3.84,06/30/24 17:40,"724 14th St, San Francisco, CA 94016"
218810,USB-C Charging Cable,2,11.95,06/24/24 20:19,"453 4th St, Los Angeles, CA 90001"
218811,iPhone,1,700,06/04/24 11:16,"422 Highland St, Portland, ME 04101"
218812,Google Phone,1,600,06/12/24 07:53,"842 Elm St, San Francisco, CA 94016"
218812,Wired Headphones,2,11.99,06/12/24 07:53,"842 Elm St, San Francisco, CA 94016"
218813,27in 4K Gaming Monitor,1,389.99,06/16/24 20:13,"98 Lincoln St, Boston, MA 02215"
218814,Lightning Charging Cable,1,14.95,06/22/24 09:06,"224 Pine St, Boston, MA 02215"
218815,27in 4K Gaming Monitor,1,389.99,06/24/24 00:52,"134 5th St, San Francisco, CA 94016"
218816,Lightning Charging Cable,1,14.95,06/01/24 09:10,"93 North St, New York City, NY 10001"
218817,Wired Headphones,1,11.99,06/21/24 13:37,"475 Meadow St, Austin, TX 73301"
218818,Wired Headphones,1,11.99,06/15/24 20:29,"85 Jackson St, Los Angeles, CA 90001"
218819,Apple Airpods Headphones,1,150,06/04/24 20:42,"881 Sunset St, Los Angeles, CA 90001"
218819,Bose SoundSport Headphones,1,99.99,06/04/24 20:42,"881 Sunset St, Los Angeles, CA 90001"
218820,27in 4K Gaming Monitor,1,389.99,06/07/24 23:12,"271 Hickory St, New York City, NY 10001"
218821,Wired Headphones,1,11.99,06/12/24 09:33,"220 6th St, Dallas, TX 75001"
218822,Google Phone,1,600,06/30/24 11:48,"624 Jefferson St, Los Angeles, CA 90001"
218823,Apple Airpods Headphones,1,150,06/06/24 09:54,"580 9th St, New York City, NY 10001"
218824,Wired Headphones,1,11.99,06/21/24 16:18,"13 7th St, Atlanta, GA 30301"
218825,Bose SoundSport Headphones,1,99.99,06/18/24 13:08,"972 Madison St, Los Angeles, CA 90001"
218826,USB-C Charging Cable,1,11.95,06/29/24 18:53,"639 Wilson St, Portland, OR 97035"
218827,Bose SoundSport Headphones,1,99.99,06/24/24 12:19,"964 Spruce St, Austin, TX 73301"
218828,34in Ultrawide Monitor,1,379.99,06/27/24 11:49,"149 Pine St, Boston, MA 02215"
218829,Google Phone,1,600,06/01/24 21:20,"443 Spruce St, San Francisco, CA 94016"
218830,Wired Headphones,1,11.99,06/15/24 09:14,"552 Lakeview St, Dallas, TX 75001"
218831,ThinkPad Laptop,1,999.99,06/10/24 08:06,"702 Main St, Los Angeles, CA 90001"
218832,USB-C Charging Cable,1,11.95,06/11/24 20:05,"990 Johnson St, Portland, OR 97035"
218833,Apple Airpods Headphones,1,150,06/28/24 11:59,"774 1st St, Boston, MA 02215"
218834,iPhone,1,700,06/10/24 15:20,"207 6th St, Seattle, WA 98101"
218834,Wired Headphones,1,11.99,06/10/24 15:20,"207 6th St, Seattle, WA 98101"
,,,,,
218835,USB-C Charging Cable,1,11.95,06/07/24 13:34,"484 9th St, Los Angeles, CA 90001"
218836,AAA Batteries (4-pack),1,2.99,06/05/24 12:20,"259 Madison St, Los Angeles, CA 90001"
218837,USB-C Charging Cable,2,11.95,06/22/24 21:47,"912 South St, Los Angeles, CA 90001"
218838,AA Batteries (4-pack),1,3.84,06/14/24 09:48,"630 Ridge St, Los Angeles, CA 90001"
218839,Apple Airpods Headphones,1,150,06/13/24 17:42,"476 Forest St, Boston, MA 02215"
218840,AAA Batteries (4-pack),1,2.99,06/24/24 16:46,"561 Adams St, San Francisco, CA 94016"
218841,Vareebadd Phone,1,400,06/03/24 13:22,"986 River St, Boston, MA 02215"
218841,USB-C Charging Cable,1,11.95,06/03/24 13:22,"986 River St, Boston, MA 02215"
218842,AAA Batteries (4-pack),2,2.99,06/17/24 22:02,"759 Forest St, Boston, MA 02215"
218843,AA Batteries (4-pack),2,3.84,06/30/24 23:13,"407 4th St, Dallas, TX 75001"
218844,Lightning Charging Cable,1,14.95,06/19/24 15:58,"841 Adams St, San Francisco, CA 94016"
218845,Lightning Charging Cable,1,14.95,06/22/24 20:12,"322 Jefferson St, Portland, OR 97035"
218846,USB-C Charging Cable,1,11.95,06/14/24 08:31,"725 7th St, Los Angeles, CA 90001"
218847,USB-C Charging Cable,1,11.95,06/17/24 07:34,"206 Lincoln St, Seattle, WA 98101"
218848,iPhone,1,700,06/23/24 20:40,"755 Jackson St, Los Angeles, CA 90001"
218848,Lightning Charging Cable,1,14.95,06/23/24 20:40,"755 Jackson St, Los Angeles, CA 90001"
218849,LG Dryer,1,600.0,06/02/24 16:29,"515 7th St, Austin, TX 73301"
218850,AAA Batteries (4-pack),1,2.99,06/26/24 10:20,"367 Washington St, Portland, OR 97035"
218851,AA Batteries (4-pack),1,3.84,06/06/24 00:23,"113 Sunset St, San Francisco, CA 94016"
218852,Lightning Charging Cable,1,14.95,06/05/24 09:23,"484 Chestnut St, San Francisco, CA 94016"
218853,27in 4K Gaming Monitor,1,389.99,06/29/24 21:57,"712 8th St, Los Angeles, CA 90001"
218854,27in FHD Monitor,1,149.99,06/05/24 10:25,"558 5th St, San Francisco, CA 94016"
218855,Wired Headphones,1,11.99,06/11/24 14:10,"657 7th St, Los Angeles, CA 90001"
218856,Wired Headphones,1,11.99,06/11/24 09:35,"397 13th St, San Francisco, CA 94016"
218857,Vareebadd Phone,1,400,06/25/24 21:08,"886 Jefferson St, Boston, MA 02215"
218858,USB-C Charging Cable,1,11.95,06/02/24 18:19,"978 Main St, Boston, MA 02215"
218859,Wired Headphones,1,11.99,06/01/24 18:11,"5 Ridge St, Portland, OR 97035"
218860,AAA Batteries (4-pack),1,2.99,06/06/24 07:33,"760 Park St, Portland, ME 04101"
218861,Macbook Pro Laptop,1,1700,06/28/24 19:59,"169 Meadow St, Dallas, TX 75001"
218862,AAA Batteries (4-pack),1,2.99,06/11/24 22:54,"344 Jackson St, Dallas, TX 75001"
218863,USB-C Charging Cable,1,11.95,06/07/24 09:52,"270 Chestnut St, Los Angeles, CA 90001"
218864,Bose SoundSport Headphones,1,99.99,06/16/24 10:25,"397 Jackson St, San Francisco, CA 94016"
218865,Wired Headphones,1,11.99,06/26/24 18:02,"953 Center St, Boston, MA 02215"
218866,27in FHD Monitor,1,149.99,06/05/24 10:58,"452 Lake St, Seattle, WA 98101"
218867,AA Batteries (4-pack),1,3.84,06/08/24 15:29,"107 Lake St, San Francisco, CA 94016"
218868,Lightning Charging Cable,1,14.95,06/04/24 23:45,"929 1st St, Dallas, TX 75001"
218869,ThinkPad Laptop,1,999.99,06/14/24 07:07,"365 Cherry St, New York City, NY 10001"
218870,USB-C Charging Cable,2,11.95,06/17/24 21:38,"781 Lakeview St, Dallas, TX 75001"
218871,AAA Batteries (4-pack),1,2.99,06/10/24 12:44,"954 13th St, San Francisco, CA 94016"
218872,27in 4K Gaming Monitor,1,389.99,06/18/24 12:21,"673 West St, Atlanta, GA 30301"
218873,34in Ultrawide Monitor,1,379.99,06/29/24 17:32,"356 14th St, Boston, MA 02215"
218874,Wired Headphones,1,11.99,06/06/24 13:28,"584 Pine St, San Francisco, CA 94016"
218875,Apple Airpods Headphones,1,150,06/11/24 21:37,"190 Wilson St, San Francisco, CA 94016"
218876,AA Batteries (4-pack),2,3.84,06/15/24 11:33,"18 Sunset St, Los Angeles, CA 90001"
218877,Lightning Charging Cable,1,14.95,06/02/24 14:57,"244 Walnut St, San Francisco, CA 94016"
218878,USB-C Charging Cable,1,11.95,06/04/24 13:53,"489 Washington St, New York City, NY 10001"
218879,AA Batteries (4-pack),2,3.84,06/09/24 12:11,"460 Lakeview St, San Francisco, CA 94016"
218880,Wired Headphones,1,11.99,06/20/24 12:41,"692 10th St, Los Angeles, CA 90001"
218881,34in Ultrawide Monitor,1,379.99,06/01/24 07:40,"410 Elm St, San Francisco, CA 94016"
218882,Flatscreen TV,1,300,06/12/24 03:14,"27 Hill St, Los Angeles, CA 90001"
218883,27in 4K Gaming Monitor,1,389.99,06/02/24 21:11,"330 9th St, Boston, MA 02215"
218884,AA Batteries (4-pack),2,3.84,06/21/24 13:37,"646 Meadow St, New York City, NY 10001"
218885,AAA Batteries (4-pack),1,2.99,06/09/24 00:15,"222 Cedar St, San Francisco, CA 94016"
218886,Macbook Pro Laptop,1,1700,06/18/24 02:32,"459 Elm St, San Francisco, CA 94016"
218887,27in FHD Monitor,1,149.99,06/21/24 14:16,"927 Johnson St, San Francisco, CA 94016"
218888,Bose SoundSport Headphones,1,99.99,06/23/24 16:14,"300 1st St, Portland, OR 97035"
218889,20in Monitor,1,109.99,06/07/24 00:16,"136 Church St, Los Angeles, CA 90001"
218890,20in Monitor,1,109.99,06/30/24 15:42,"322 Dogwood St, New York City, NY 10001"
218891,Apple Airpods Headphones,1,150,06/07/24 10:38,"786 Forest St, Dallas, TX 75001"
218892,Lightning Charging Cable,1,14.95,06/16/24 10:44,"387 Sunset St, New York City, NY 10001"
218893,USB-C Charging Cable,1,11.95,06/24/24 21:15,"314 Center St, Los Angeles, CA 90001"
218894,USB-C Charging Cable,1,11.95,06/20/24 17:09,"23 Spruce St, San Francisco, CA 94016"
218895,USB-C Charging Cable,1,11.95,06/04/24 20:10,"273 Madison St, Los Angeles, CA 90001"
218896,iPhone,1,700,06/19/24 18:07,"595 Johnson St, San Francisco, CA 94016"
218897,Lightning Charging Cable,1,14.95,06/04/24 13:45,"337 Sunset St, San Francisco, CA 94016"
218898,AA Batteries (4-pack),1,3.84,06/20/24 13:10,"968 Adams St, Los Angeles, CA 90001"
218899,Bose SoundSport Headphones,1,99.99,06/19/24 17:43,"164 Main St, Dallas, TX 75001"
218900,AAA Batteries (4-pack),2,2.99,06/12/24 21:03,"17 Dogwood St, Portland, OR 97035"
218901,Vareebadd Phone,1,400,06/22/24 13:11,"143 Chestnut St, Los Angeles, CA 90001"
218902,Bose SoundSport Headphones,1,99.99,06/28/24 14:12,"894 Lakeview St, Boston, MA 02215"
218903,USB-C Charging Cable,1,11.95,06/21/24 11:13,"410 Washington St, Boston, MA 02215"
218904,AA Batteries (4-pack),1,3.84,06/15/24 11:14,"953 6th St, San Francisco, CA 94016"
218905,Lightning Charging Cable,1,14.95,06/04/24 10:36,"578 Forest St, Seattle, WA 98101"
218906,AAA Batteries (4-pack),1,2.99,06/30/24 23:04,"512 Lakeview St, San Francisco, CA 94016"
218907,27in 4K Gaming Monitor,1,389.99,06/28/24 12:50,"828 4th St, Boston, MA 02215"
218908,Wired Headphones,1,11.99,06/11/24 17:22,"822 Hill St, Los Angeles, CA 90001"
218909,AA Batteries (4-pack),1,3.84,06/07/24 08:10,"300 Maple St, Dallas, TX 75001"
218910,AAA Batteries (4-pack),1,2.99,06/30/24 13:40,"277 Ridge St, Dallas, TX 75001"
218911,Lightning Charging Cable,1,14.95,06/08/24 11:11,"695 Church St, Los Angeles, CA 90001"
218911,Macbook Pro Laptop,1,1700,06/08/24 11:11,"695 Church St, Los Angeles, CA 90001"
218912,AAA Batteries (4-pack),1,2.99,06/02/24 10:27,"917 Madison St, Los Angeles, CA 90001"
218913,ThinkPad Laptop,1,999.99,06/01/24 18:33,"726 Lincoln St, Boston, MA 02215"
218914,27in 4K Gaming Monitor,1,389.99,06/26/24 18:14,"276 8th St, New York City, NY 10001"
218915,USB-C Charging Cable,1,11.95,06/26/24 10:44,"168 Cedar St, Austin, TX 73301"
218916,AAA Batteries (4-pack),3,2.99,06/21/24 19:35,"396 4th St, San Francisco, CA 94016"
218917,AA Batteries (4-pack),1,3.84,06/08/24 17:52,"57 Jackson St, San Francisco, CA 94016"
218918,USB-C Charging Cable,1,11.95,06/17/24 13:17,"56 11th St, New York City, NY 10001"
218919,AAA Batteries (4-pack),3,2.99,06/22/24 19:53,"244 Forest St, San Francisco, CA 94016"
218920,Bose SoundSport Headphones,1,99.99,06/24/24 21:55,"385 Willow St, Los Angeles, CA 90001"
218921,Wired Headphones,1,11.99,06/07/24 22:41,"474 Ridge St, Austin, TX 73301"
218922,Lightning Charging Cable,1,14.95,06/06/24 18:46,"137 Jefferson St, Seattle, WA 98101"
218923,USB-C Charging Cable,2,11.95,06/01/24 20:15,"846 Forest St, New York City, NY 10001"
218924,Apple Airpods Headphones,1,150,06/12/24 14:32,"760 Adams St, Los Angeles, CA 90001"
218925,AAA Batteries (4-pack),1,2.99,06/29/24 21:17,"528 5th St, Los Angeles, CA 90001"
218926,Lightning Charging Cable,1,14.95,06/04/24 22:46,"499 Cherry St, San Francisco, CA 94016"
218927,AAA Batteries (4-pack),1,2.99,06/17/24 04:09,"297 Walnut St, Los Angeles, CA 90001"
218928,AA Batteries (4-pack),1,3.84,06/17/24 13:16,"399 4th St, New York City, NY 10001"
218929,Apple Airpods Headphones,1,150,06/22/24 18:11,"491 12th St, Boston, MA 02215"
218930,Google Phone,1,600,06/23/24 23:18,"478 West St, San Francisco, CA 94016"
218931,LG Washing Machine,1,600.0,06/03/24 02:16,"742 Johnson St, San Francisco, CA 94016"
218932,Flatscreen TV,1,300,06/10/24 17:06,"283 Johnson St, Dallas, TX 75001"
218933,Lightning Charging Cable,1,14.95,06/16/24 08:38,"360 11th St, Seattle, WA 98101"
218934,Wired Headphones,1,11.99,06/08/24 20:19,"382 6th St, San Francisco, CA 94016"
218935,Flatscreen TV,1,300,06/03/24 18:10,"935 1st St, Seattle, WA 98101"
218936,Lightning Charging Cable,1,14.95,06/28/24 20:23,"504 Hill St, Austin, TX 73301"
218937,34in Ultrawide Monitor,1,379.99,06/12/24 21:15,"103 14th St, Boston, MA 02215"
218938,AA Batteries (4-pack),1,3.84,06/03/24 20:27,"150 Center St, Los Angeles, CA 90001"
218939,AA Batteries (4-pack),1,3.84,06/28/24 19:38,"961 Ridge St, San Francisco, CA 94016"
218940,AAA Batteries (4-pack),1,2.99,06/24/24 09:05,"773 Lakeview St, Portland, OR 97035"
218941,AA Batteries (4-pack),1,3.84,06/23/24 17:35,"882 River St, Seattle, WA 98101"
218942,Wired Headphones,1,11.99,06/11/24 11:25,"944 1st St, San Francisco, CA 94016"
218943,34in Ultrawide Monitor,1,379.99,06/28/24 20:04,"298 Wilson St, San Francisco, CA 94016"
218944,USB-C Charging Cable,1,11.95,06/03/24 20:16,"602 Pine St, San Francisco, CA 94016"
218945,ThinkPad Laptop,1,999.99,06/23/24 18:20,"992 Willow St, New York City, NY 10001"
218946,USB-C Charging Cable,1,11.95,06/14/24 17:39,"859 Main St, Dallas, TX 75001"
218947,27in FHD Monitor,1,149.99,06/30/24 13:19,"100 4th St, Los Angeles, CA 90001"
218948,iPhone,1,700,06/02/24 13:15,"772 4th St, New York City, NY 10001"
218949,Bose SoundSport Headphones,1,99.99,06/15/24 20:47,"109 Cedar St, New York City, NY 10001"
218950,Lightning Charging Cable,2,14.95,06/18/24 16:01,"987 Walnut St, Austin, TX 73301"
218951,Lightning Charging Cable,1,14.95,06/01/24 17:44,"725 Church St, Dallas, TX 75001"
218952,Bose SoundSport Headphones,1,99.99,06/07/24 01:50,"264 Church St, New York City, NY 10001"
218953,Apple Airpods Headphones,1,150,06/08/24 13:36,"905 Wilson St, Boston, MA 02215"
218954,Apple Airpods Headphones,1,150,06/24/24 08:57,"159 Meadow St, San Francisco, CA 94016"
218955,27in FHD Monitor,1,149.99,06/17/24 16:22,"538 Main St, San Francisco, CA 94016"
218956,34in Ultrawide Monitor,1,379.99,06/14/24 16:37,"815 10th St, Boston, MA 02215"
218957,AAA Batteries (4-pack),2,2.99,06/11/24 17:23,"837 Chestnut St, Los Angeles, CA 90001"
218958,iPhone,1,700,06/22/24 19:14,"416 2nd St, Los Angeles, CA 90001"
218959,Lightning Charging Cable,1,14.95,06/29/24 21:32,"16 7th St, New York City, NY 10001"
218960,Bose SoundSport Headphones,1,99.99,06/11/24 16:18,"625 Lakeview St, San Francisco, CA 94016"
218960,Wired Headphones,1,11.99,06/11/24 16:18,"625 Lakeview St, San Francisco, CA 94016"
218961,Google Phone,1,600,06/22/24 00:08,"577 Park St, Seattle, WA 98101"
218961,Wired Headphones,2,11.99,06/22/24 00:08,"577 Park St, Seattle, WA 98101"
218962,AA Batteries (4-pack),2,3.84,06/10/24 11:04,"96 Lake St, Dallas, TX 75001"
218963,27in 4K Gaming Monitor,1,389.99,06/10/24 13:19,"632 Forest St, New York City, NY 10001"
218964,Apple Airpods Headphones,1,150,06/20/24 23:19,"770 Johnson St, Seattle, WA 98101"
218965,Wired Headphones,2,11.99,06/08/24 15:09,"626 Dogwood St, New York City, NY 10001"
218966,iPhone,1,700,06/01/24 10:39,"296 Church St, San Francisco, CA 94016"
218967,Lightning Charging Cable,1,14.95,06/11/24 20:43,"492 4th St, Dallas, TX 75001"
218968,AA Batteries (4-pack),1,3.84,06/07/24 18:36,"698 1st St, Boston, MA 02215"
218969,Macbook Pro Laptop,1,1700,06/22/24 11:25,"377 Elm St, Dallas, TX 75001"
218970,Vareebadd Phone,1,400,06/20/24 07:52,"495 Wilson St, Atlanta, GA 30301"
218971,ThinkPad Laptop,1,999.99,06/17/24 10:31,"824 Ridge St, Atlanta, GA 30301"
218972,USB-C Charging Cable,1,11.95,06/10/24 21:35,"366 1st St, New York City, NY 10001"
218973,USB-C Charging Cable,1,11.95,06/14/24 11:37,"28 7th St, New York City, NY 10001"
218974,27in 4K Gaming Monitor,1,389.99,06/02/24 20:11,"556 Jefferson St, Portland, OR 97035"
218974,AAA Batteries (4-pack),1,2.99,06/02/24 20:11,"556 Jefferson St, Portland, OR 97035"
218975,Wired Headphones,1,11.99,06/11/24 14:22,"55 8th St, San Francisco, CA 94016"
218976,AA Batteries (4-pack),3,3.84,06/18/24 07:58,"717 Dogwood St, Boston, MA 02215"
218977,USB-C Charging Cable,1,11.95,06/13/24 10:46,"649 12th St, Boston, MA 02215"
218978,iPhone,1,700,06/28/24 13:16,"949 Ridge St, Atlanta, GA 30301"
218978,Lightning Charging Cable,2,14.95,06/28/24 13:16,"949 Ridge St, Atlanta, GA 30301"
218979,Bose SoundSport Headphones,1,99.99,06/12/24 19:28,"750 Center St, San Francisco, CA 94016"
218980,Lightning Charging Cable,1,14.95,06/27/24 08:27,"234 Center St, Atlanta, GA 30301"
218981,Wired Headphones,2,11.99,06/14/24 12:34,"967 Jefferson St, Seattle, WA 98101"
218982,USB-C Charging Cable,2,11.95,06/10/24 18:53,"781 5th St, Atlanta, GA 30301"
218983,AAA Batteries (4-pack),1,2.99,06/05/24 11:50,"894 Lake St, Los Angeles, CA 90001"
218983,Wired Headphones,1,11.99,06/05/24 11:50,"894 Lake St, Los Angeles, CA 90001"
218984,Bose SoundSport Headphones,1,99.99,06/28/24 02:02,"476 River St, San Francisco, CA 94016"
218985,Apple Airpods Headphones,1,150,06/22/24 12:04,"709 1st St, New York City, NY 10001"
218986,AAA Batteries (4-pack),2,2.99,06/16/24 19:25,"427 6th St, San Francisco, CA 94016"
218987,USB-C Charging Cable,1,11.95,06/10/24 12:07,"494 10th St, Los Angeles, CA 90001"
218988,Lightning Charging Cable,1,14.95,06/11/24 19:27,"22 Jefferson St, Austin, TX 73301"
218989,Apple Airpods Headphones,1,150,06/01/24 12:01,"551 4th St, San Francisco, CA 94016"
218990,Bose SoundSport Headphones,1,99.99,06/29/24 08:05,"967 Adams St, San Francisco, CA 94016"
218991,Wired Headphones,1,11.99,06/28/24 10:05,"712 Pine St, San Francisco, CA 94016"
218992,AA Batteries (4-pack),1,3.84,06/25/24 04:21,"186 Ridge St, Seattle, WA 98101"
218993,iPhone,1,700,06/19/24 21:09,"678 River St, Portland, OR 97035"
218994,USB-C Charging Cable,1,11.95,06/24/24 12:18,"638 Lake St, New York City, NY 10001"
218995,iPhone,1,700,06/20/24 12:51,"470 4th St, New York City, NY 10001"
218995,Lightning Charging Cable,1,14.95,06/20/24 12:51,"470 4th St, New York City, NY 10001"
218995,34in Ultrawide Monitor,1,379.99,06/20/24 12:51,"470 4th St, New York City, NY 10001"
218996,Bose SoundSport Headphones,1,99.99,06/23/24 00:44,"413 Johnson St, Boston, MA 02215"
218997,AAA Batteries (4-pack),1,2.99,06/09/24 12:11,"93 West St, Los Angeles, CA 90001"
218998,Bose SoundSport Headphones,1,99.99,06/01/24 13:59,"344 4th St, Los Angeles, CA 90001"
218999,Macbook Pro Laptop,1,1700,06/18/24 19:21,"576 Willow St, Los Angeles, CA 90001"
219000,27in 4K Gaming Monitor,1,389.99,06/21/24 09:01,"27 Washington St, Austin, TX 73301"
219001,Lightning Charging Cable,1,14.95,06/29/24 09:40,"416 8th St, San Francisco, CA 94016"
219002,AA Batteries (4-pack),2,3.84,06/12/24 12:06,"877 4th St, San Francisco, CA 94016"
219003,AAA Batteries (4-pack),1,2.99,06/26/24 22:25,"85 Main St, Boston, MA 02215"
219004,Flatscreen TV,1,300,06/19/24 21:27,"785 2nd St, San Francisco, CA 94016"
219005,iPhone,1,700,06/07/24 13:50,"902 Lincoln St, Dallas, TX 75001"
219005,Lightning Charging Cable,1,14.95,06/07/24 13:50,"902 Lincoln St, Dallas, TX 75001"
219006,Wired Headphones,1,11.99,06/20/24 08:21,"779 Jefferson St, New York City, NY 10001"
219007,AA Batteries (4-pack),1,3.84,06/24/24 11:16,"42 8th St, Los Angeles, CA 90001"
219007,AA Batteries (4-pack),1,3.84,06/24/24 11:16,"42 8th St, Los Angeles, CA 90001"
219008,AA Batteries (4-pack),2,3.84,06/05/24 18:38,"485 West St, Atlanta, GA 30301"
219009,Vareebadd Phone,1,400,06/08/24 12:38,"903 Jackson St, San Francisco, CA 94016"
219009,USB-C Charging Cable,1,11.95,06/08/24 12:38,"903 Jackson St, San Francisco, CA 94016"
219010,USB-C Charging Cable,1,11.95,06/26/24 22:00,"838 Chestnut St, Portland, ME 04101"
219011,AA Batteries (4-pack),2,3.84,06/08/24 11:47,"715 Jefferson St, San Francisco, CA 94016"
219012,iPhone,1,700,06/19/24 12:23,"54 Chestnut St, Los Angeles, CA 90001"
219013,Bose SoundSport Headphones,1,99.99,06/02/24 14:53,"267 Center St, Atlanta, GA 30301"
219014,USB-C Charging Cable,1,11.95,06/17/24 01:02,"340 2nd St, New York City, NY 10001"
219015,USB-C Charging Cable,1,11.95,06/20/24 22:10,"629 Cedar St, San Francisco, CA 94016"
219016,27in FHD Monitor,1,149.99,06/29/24 09:39,"766 Dogwood St, San Francisco, CA 94016"
219017,AA Batteries (4-pack),1,3.84,06/09/24 07:38,"253 Church St, Austin, TX 73301"
219018,Apple Airpods Headphones,1,150,06/01/24 13:01,"381 4th St, New York City, NY 10001"
219019,USB-C Charging Cable,2,11.95,06/09/24 19:23,"922 Highland St, San Francisco, CA 94016"
219020,AAA Batteries (4-pack),1,2.99,06/18/24 22:22,"237 Lincoln St, San Francisco, CA 94016"
219021,Bose SoundSport Headphones,1,99.99,06/29/24 21:59,"409 Park St, Portland, ME 04101"
219022,USB-C Charging Cable,1,11.95,06/29/24 15:36,"437 Lake St, Los Angeles, CA 90001"
219023,20in Monitor,1,109.99,06/19/24 22:17,"9 Hickory St, Dallas, TX 75001"
219024,Lightning Charging Cable,1,14.95,06/21/24 16:32,"835 Main St, Los Angeles, CA 90001"
219025,Google Phone,1,600,06/05/24 09:32,"570 8th St, Dallas, TX 75001"
219026,Apple Airpods Headphones,1,150,06/20/24 23:55,"359 Lincoln St, Seattle, WA 98101"
219027,Apple Airpods Headphones,1,150,06/29/24 11:18,"512 Washington St, San Francisco, CA 94016"
219028,27in FHD Monitor,1,149.99,06/04/24 12:55,"414 6th St, Boston, MA 02215"
219029,Bose SoundSport Headphones,1,99.99,06/29/24 19:57,"873 5th St, Dallas, TX 75001"
219030,Lightning Charging Cable,2,14.95,06/04/24 11:48,"744 Main St, Los Angeles, CA 90001"
219031,AA Batteries (4-pack),1,3.84,06/04/24 06:59,"92 Elm St, Los Angeles, CA 90001"
219032,Wired Headphones,1,11.99,06/19/24 11:42,"351 12th St, Dallas, TX 75001"
219033,Vareebadd Phone,1,400,06/30/24 08:48,"479 Center St, Boston, MA 02215"
219034,AA Batteries (4-pack),1,3.84,06/17/24 17:12,"31 Washington St, Atlanta, GA 30301"
219035,Lightning Charging Cable,1,14.95,06/25/24 13:39,"728 Cherry St, New York City, NY 10001"
219036,Apple Airpods Headphones,1,150,06/14/24 23:11,"482 Walnut St, Portland, OR 97035"
219037,Bose SoundSport Headphones,1,99.99,06/18/24 15:25,"658 Elm St, San Francisco, CA 94016"
219038,Apple Airpods Headphones,1,150,06/17/24 21:02,"789 Ridge St, New York City, NY 10001"
219039,Wired Headphones,1,11.99,06/12/24 10:21,"803 Park St, Los Angeles, CA 90001"
219040,Apple Airpods Headphones,2,150,06/13/24 15:33,"78 Madison St, San Francisco, CA 94016"
219041,iPhone,1,700,06/19/24 16:24,"540 12th St, San Francisco, CA 94016"
219042,27in FHD Monitor,1,149.99,06/06/24 19:57,"685 River St, New York City, NY 10001"
219043,Lightning Charging Cable,1,14.95,06/11/24 08:23,"257 Dogwood St, New York City, NY 10001"
219044,Flatscreen TV,1,300,06/21/24 21:42,"714 River St, Los Angeles, CA 90001"
219045,Bose SoundSport Headphones,1,99.99,06/09/24 10:31,"721 South St, San Francisco, CA 94016"
219046,Lightning Charging Cable,1,14.95,06/22/24 16:52,"310 West St, Boston, MA 02215"
219047,27in 4K Gaming Monitor,1,389.99,06/13/24 07:53,"981 Adams St, Seattle, WA 98101"
219048,AA Batteries (4-pack),1,3.84,06/22/24 15:19,"358 7th St, Los Angeles, CA 90001"
219049,USB-C Charging Cable,1,11.95,06/27/24 15:58,"389 5th St, Boston, MA 02215"
219050,Lightning Charging Cable,1,14.95,06/10/24 21:30,"174 West St, San Francisco, CA 94016"
219051,Lightning Charging Cable,1,14.95,06/26/24 22:16,"841 Hill St, Atlanta, GA 30301"
219052,Google Phone,1,600,06/28/24 21:46,"169 Ridge St, Los Angeles, CA 90001"
219053,iPhone,1,700,06/23/24 07:56,"644 Willow St, Portland, OR 97035"
219053,Apple Airpods Headphones,1,150,06/23/24 07:56,"644 Willow St, Portland, OR 97035"
219054,USB-C Charging Cable,1,11.95,06/07/24 15:58,"483 13th St, Atlanta, GA 30301"
219055,34in Ultrawide Monitor,1,379.99,06/08/24 12:47,"780 4th St, San Francisco, CA 94016"
219056,Flatscreen TV,1,300,06/16/24 11:38,"80 Lakeview St, San Francisco, CA 94016"
219057,Apple Airpods Headphones,1,150,06/24/24 17:39,"229 Sunset St, Dallas, TX 75001"
219058,Apple Airpods Headphones,1,150,06/08/24 23:18,"849 Adams St, Atlanta, GA 30301"
219059,20in Monitor,1,109.99,06/03/24 16:45,"190 Hickory St, Austin, TX 73301"
219060,AA Batteries (4-pack),1,3.84,06/27/24 19:52,"13 Walnut St, New York City, NY 10001"
219061,Apple Airpods Headphones,1,150,06/08/24 21:43,"296 2nd St, Austin, TX 73301"
219062,AAA Batteries (4-pack),2,2.99,06/10/24 20:26,"201 14th St, San Francisco, CA 94016"
219063,Wired Headphones,1,11.99,06/21/24 16:16,"968 4th St, New York City, NY 10001"
219064,Wired Headphones,1,11.99,06/19/24 18:06,"807 Pine St, Seattle, WA 98101"
219065,AAA Batteries (4-pack),1,2.99,06/03/24 22:29,"75 Main St, San Francisco, CA 94016"
219066,Apple Airpods Headphones,1,150,06/25/24 18:17,"648 Elm St, New York City, NY 10001"
219067,USB-C Charging Cable,1,11.95,06/17/24 17:59,"370 Walnut St, San Francisco, CA 94016"
219068,Bose SoundSport Headphones,1,99.99,06/28/24 22:00,"3 Jackson St, Seattle, WA 98101"
219069,AAA Batteries (4-pack),3,2.99,06/15/24 06:38,"671 Sunset St, Seattle, WA 98101"
219070,Bose SoundSport Headphones,1,99.99,06/18/24 14:28,"704 Adams St, Portland, OR 97035"
219071,Wired Headphones,1,11.99,06/20/24 15:54,"200 Ridge St, San Francisco, CA 94016"
219072,27in 4K Gaming Monitor,1,389.99,06/30/24 23:50,"506 Jefferson St, San Francisco, CA 94016"
219073,Google Phone,1,600,06/04/24 20:45,"545 1st St, Dallas, TX 75001"
219074,Macbook Pro Laptop,1,1700,06/28/24 23:25,"268 11th St, San Francisco, CA 94016"
219075,Flatscreen TV,1,300,06/09/24 10:46,"436 Sunset St, San Francisco, CA 94016"
219076,Wired Headphones,1,11.99,06/07/24 15:11,"270 River St, Los Angeles, CA 90001"
219077,Apple Airpods Headphones,2,150,06/20/24 10:53,"202 West St, Seattle, WA 98101"
219078,AAA Batteries (4-pack),2,2.99,06/13/24 06:45,"741 South St, San Francisco, CA 94016"
219079,Lightning Charging Cable,1,14.95,06/18/24 07:28,"8 4th St, Dallas, TX 75001"
219080,20in Monitor,1,109.99,06/13/24 10:19,"642 North St, Los Angeles, CA 90001"
219081,AAA Batteries (4-pack),1,2.99,06/10/24 16:01,"272 Hill St, New York City, NY 10001"
219082,20in Monitor,1,109.99,06/27/24 11:26,"509 10th St, Boston, MA 02215"
219083,Wired Headphones,1,11.99,06/22/24 11:44,"980 West St, Austin, TX 73301"
219084,Apple Airpods Headphones,1,150,06/15/24 12:35,"465 Washington St, San Francisco, CA 94016"
219085,AA Batteries (4-pack),1,3.84,06/25/24 12:06,"931 9th St, New York City, NY 10001"
219086,34in Ultrawide Monitor,1,379.99,06/18/24 21:03,"389 West St, Boston, MA 02215"
219087,iPhone,1,700,06/25/24 12:59,"423 12th St, Los Angeles, CA 90001"
219087,Lightning Charging Cable,1,14.95,06/25/24 12:59,"423 12th St, Los Angeles, CA 90001"
219088,27in 4K Gaming Monitor,1,389.99,06/12/24 11:34,"956 Madison St, Los Angeles, CA 90001"
219089,Wired Headphones,1,11.99,06/18/24 13:48,"878 12th St, Los Angeles, CA 90001"
219090,Apple Airpods Headphones,1,150,06/17/24 23:04,"995 Pine St, Los Angeles, CA 90001"
219091,Apple Airpods Headphones,1,150,06/21/24 20:18,"668 Main St, New York City, NY 10001"
219092,AA Batteries (4-pack),1,3.84,06/21/24 15:12,"205 12th St, Los Angeles, CA 90001"
219093,iPhone,1,700,06/29/24 16:29,"32 9th St, New York City, NY 10001"
219093,Apple Airpods Headphones,1,150,06/29/24 16:29,"32 9th St, New York City, NY 10001"
219094,USB-C Charging Cable,1,11.95,06/28/24 19:19,"678 13th St, Los Angeles, CA 90001"
219095,iPhone,1,700,06/01/24 20:22,"720 4th St, Los Angeles, CA 90001"
219096,USB-C Charging Cable,1,11.95,06/13/24 22:46,"646 Lakeview St, Los Angeles, CA 90001"
219097,27in FHD Monitor,1,149.99,06/07/24 20:05,"278 Sunset St, San Francisco, CA 94016"
219098,AAA Batteries (4-pack),2,2.99,06/14/24 17:07,"967 4th St, Seattle, WA 98101"
219099,Google Phone,1,600,06/23/24 21:03,"170 Spruce St, Portland, OR 97035"
219100,AAA Batteries (4-pack),2,2.99,06/20/24 11:30,"442 Lakeview St, New York City, NY 10001"
219101,Apple Airpods Headphones,1,150,06/22/24 21:58,"596 Jefferson St, Atlanta, GA 30301"
219102,iPhone,1,700,06/24/24 07:03,"470 Willow St, Seattle, WA 98101"
219103,AA Batteries (4-pack),2,3.84,06/07/24 20:25,"680 Sunset St, Dallas, TX 75001"
219104,AAA Batteries (4-pack),1,2.99,06/08/24 12:21,"939 Maple St, San Francisco, CA 94016"
219105,Wired Headphones,1,11.99,06/26/24 00:15,"229 River St, New York City, NY 10001"
219106,Flatscreen TV,1,300,06/30/24 20:47,"324 Maple St, Austin, TX 73301"
219107,USB-C Charging Cable,2,11.95,06/01/24 11:16,"85 Sunset St, Los Angeles, CA 90001"
219108,ThinkPad Laptop,1,999.99,06/18/24 19:30,"237 5th St, New York City, NY 10001"
219109,20in Monitor,1,109.99,06/06/24 15:35,"335 Jackson St, Atlanta, GA 30301"
219110,Wired Headphones,1,11.99,06/04/24 07:57,"48 7th St, New York City, NY 10001"
219111,34in Ultrawide Monitor,1,379.99,06/19/24 18:35,"178 Highland St, San Francisco, CA 94016"
219112,USB-C Charging Cable,1,11.95,06/25/24 09:32,"388 Adams St, Portland, OR 97035"
219113,AAA Batteries (4-pack),1,2.99,06/17/24 10:59,"401 11th St, Atlanta, GA 30301"
219114,USB-C Charging Cable,1,11.95,06/03/24 21:44,"565 13th St, San Francisco, CA 94016"
219115,20in Monitor,1,109.99,06/30/24 15:25,"47 Main St, Portland, OR 97035"
219116,Bose SoundSport Headphones,1,99.99,06/07/24 15:56,"61 Spruce St, Los Angeles, CA 90001"
219117,AA Batteries (4-pack),1,3.84,06/23/24 13:23,"628 Cherry St, New York City, NY 10001"
219118,USB-C Charging Cable,1,11.95,06/06/24 18:55,"458 Johnson St, New York City, NY 10001"
219119,20in Monitor,1,109.99,06/07/24 13:39,"10 North St, Los Angeles, CA 90001"
219120,Macbook Pro Laptop,1,1700,06/18/24 18:23,"76 Forest St, Los Angeles, CA 90001"
219121,AAA Batteries (4-pack),1,2.99,06/07/24 21:20,"181 4th St, San Francisco, CA 94016"
219122,USB-C Charging Cable,2,11.95,06/20/24 21:20,"217 Dogwood St, San Francisco, CA 94016"
219123,AA Batteries (4-pack),1,3.84,06/29/24 10:45,"579 Jackson St, San Francisco, CA 94016"
219124,AA Batteries (4-pack),2,3.84,06/17/24 10:28,"417 Lincoln St, New York City, NY 10001"
219125,Bose SoundSport Headphones,1,99.99,06/02/24 09:53,"24 Lakeview St, Portland, OR 97035"
219126,USB-C Charging Cable,1,11.95,06/28/24 05:38,"150 6th St, San Francisco, CA 94016"
219127,Apple Airpods Headphones,1,150,06/08/24 08:13,"573 Lakeview St, Los Angeles, CA 90001"
219128,Wired Headphones,1,11.99,06/22/24 11:29,"271 Madison St, Austin, TX 73301"
219129,Macbook Pro Laptop,1,1700,06/08/24 11:26,"35 Adams St, Atlanta, GA 30301"
219130,Lightning Charging Cable,1,14.95,06/11/24 19:47,"430 Church St, San Francisco, CA 94016"
219131,AAA Batteries (4-pack),1,2.99,06/11/24 16:07,"42 Highland St, Dallas, TX 75001"
219132,AA Batteries (4-pack),3,3.84,06/17/24 18:10,"382 Park St, Dallas, TX 75001"
219133,USB-C Charging Cable,1,11.95,06/05/24 19:15,"334 Hill St, San Francisco, CA 94016"
219134,Wired Headphones,1,11.99,06/27/24 14:46,"535 11th St, Boston, MA 02215"
219135,Lightning Charging Cable,2,14.95,06/05/24 10:08,"468 Main St, New York City, NY 10001"
219136,Apple Airpods Headphones,1,150,06/27/24 12:11,"456 9th St, Atlanta, GA 30301"
219137,Bose SoundSport Headphones,1,99.99,06/12/24 15:25,"428 Chestnut St, San Francisco, CA 94016"
219138,Lightning Charging Cable,1,14.95,06/10/24 19:47,"954 Cedar St, San Francisco, CA 94016"
219139,27in FHD Monitor,1,149.99,06/11/24 18:50,"577 Cedar St, Portland, ME 04101"
219140,27in 4K Gaming Monitor,1,389.99,06/30/24 11:47,"485 Cedar St, Los Angeles, CA 90001"
219141,Apple Airpods Headphones,1,150,06/09/24 22:26,"499 Chestnut St, Dallas, TX 75001"
219142,Apple Airpods Headphones,1,150,06/18/24 03:30,"259 4th St, Portland, OR 97035"
219143,27in 4K Gaming Monitor,1,389.99,06/29/24 15:17,"123 Cedar St, San Francisco, CA 94016"
219144,AAA Batteries (4-pack),1,2.99,06/19/24 09:06,"382 Adams St, Boston, MA 02215"
219145,Apple Airpods Headphones,1,150,06/02/24 18:04,"963 10th St, Los Angeles, CA 90001"
219146,Bose SoundSport Headphones,1,99.99,06/20/24 13:24,"95 Spruce St, Boston, MA 02215"
219147,Bose SoundSport Headphones,1,99.99,06/19/24 16:59,"315 Cherry St, San Francisco, CA 94016"
219148,Wired Headphones,1,11.99,06/06/24 15:13,"364 7th St, Los Angeles, CA 90001"
219149,Bose SoundSport Headphones,1,99.99,06/16/24 20:35,"674 Johnson St, Portland, OR 97035"
219150,USB-C Charging Cable,1,11.95,06/05/24 13:57,"166 Jackson St, Boston, MA 02215"
219151,20in Monitor,1,109.99,06/25/24 11:52,"911 5th St, New York City, NY 10001"
219152,AAA Batteries (4-pack),3,2.99,06/30/24 20:48,"89 Lake St, Atlanta, GA 30301"
219153,Google Phone,1,600,06/02/24 21:29,"323 4th St, Portland, ME 04101"
219153,USB-C Charging Cable,1,11.95,06/02/24 21:29,"323 4th St, Portland, ME 04101"
219153,Bose SoundSport Headphones,1,99.99,06/02/24 21:29,"323 4th St, Portland, ME 04101"
219154,34in Ultrawide Monitor,1,379.99,06/29/24 05:56,"267 Cedar St, Boston, MA 02215"
219155,AAA Batteries (4-pack),2,2.99,06/08/24 13:57,"930 Madison St, Los Angeles, CA 90001"
219156,Wired Headphones,1,11.99,06/28/24 07:49,"885 Pine St, Portland, ME 04101"
219157,Lightning Charging Cable,1,14.95,06/03/24 06:36,"202 Highland St, Boston, MA 02215"
219158,Wired Headphones,1,11.99,06/04/24 17:32,"588 Adams St, San Francisco, CA 94016"
219159,LG Dryer,1,600.0,06/01/24 19:06,"142 Cedar St, Dallas, TX 75001"
219160,Apple Airpods Headphones,1,150,06/28/24 08:52,"657 8th St, Dallas, TX 75001"
219161,Wired Headphones,1,11.99,06/27/24 11:30,"147 Pine St, San Francisco, CA 94016"
219162,Lightning Charging Cable,1,14.95,06/27/24 11:56,"48 Highland St, New York City, NY 10001"
219163,Flatscreen TV,1,300,06/26/24 11:17,"463 Johnson St, Portland, OR 97035"
219164,Flatscreen TV,1,300,06/06/24 01:01,"22 Chestnut St, Seattle, WA 98101"
219165,AA Batteries (4-pack),1,3.84,06/18/24 18:03,"877 Hickory St, Portland, ME 04101"
219166,AAA Batteries (4-pack),1,2.99,06/17/24 22:50,"560 8th St, San Francisco, CA 94016"
219167,34in Ultrawide Monitor,1,379.99,06/10/24 09:02,"445 Park St, San Francisco, CA 94016"
219168,Lightning Charging Cable,2,14.95,06/13/24 20:29,"856 Cherry St, Dallas, TX 75001"
219169,AA Batteries (4-pack),3,3.84,06/01/24 10:51,"233 Willow St, Portland, OR 97035"
219170,Lightning Charging Cable,1,14.95,06/19/24 12:33,"667 Chestnut St, New York City, NY 10001"
219171,AA Batteries (4-pack),1,3.84,06/17/24 22:32,"932 9th St, San Francisco, CA 94016"
219172,34in Ultrawide Monitor,1,379.99,06/26/24 20:33,"46 Maple St, Los Angeles, CA 90001"
219173,Wired Headphones,1,11.99,06/16/24 20:28,"403 Cedar St, San Francisco, CA 94016"
219174,Apple Airpods Headphones,1,150,06/01/24 19:42,"403 Jackson St, Seattle, WA 98101"
219175,27in FHD Monitor,1,149.99,06/02/24 21:27,"990 Cedar St, San Francisco, CA 94016"
219176,34in Ultrawide Monitor,1,379.99,06/20/24 16:09,"863 South St, Portland, OR 97035"
219176,Lightning Charging Cable,1,14.95,06/20/24 16:09,"863 South St, Portland, OR 97035"
219177,AAA Batteries (4-pack),2,2.99,06/13/24 22:25,"867 Washington St, Portland, ME 04101"
219178,27in FHD Monitor,1,149.99,06/28/24 08:01,"471 Park St, San Francisco, CA 94016"
219179,20in Monitor,1,109.99,06/15/24 11:46,"349 Dogwood St, Atlanta, GA 30301"
219180,USB-C Charging Cable,1,11.95,06/06/24 11:36,"422 Jackson St, Portland, OR 97035"
219181,27in 4K Gaming Monitor,1,389.99,06/13/24 17:02,"304 Lincoln St, New York City, NY 10001"
219182,AA Batteries (4-pack),1,3.84,06/06/24 15:12,"316 14th St, New York City, NY 10001"
219183,AA Batteries (4-pack),1,3.84,06/09/24 14:37,"127 Ridge St, San Francisco, CA 94016"
219184,USB-C Charging Cable,1,11.95,06/25/24 15:01,"476 Lake St, Portland, OR 97035"
219185,AAA Batteries (4-pack),1,2.99,06/17/24 16:26,"404 Cedar St, Los Angeles, CA 90001"
219186,AAA Batteries (4-pack),1,2.99,06/22/24 11:17,"650 12th St, San Francisco, CA 94016"
219187,27in 4K Gaming Monitor,1,389.99,06/29/24 10:30,"766 Ridge St, New York City, NY 10001"
219188,Lightning Charging Cable,1,14.95,06/01/24 12:07,"484 Willow St, Portland, OR 97035"
219189,Apple Airpods Headphones,1,150,06/30/24 22:45,"446 Highland St, San Francisco, CA 94016"
219190,Wired Headphones,1,11.99,06/18/24 17:59,"545 Elm St, San Francisco, CA 94016"
219191,USB-C Charging Cable,1,11.95,06/14/24 22:55,"412 Highland St, San Francisco, CA 94016"
219192,AA Batteries (4-pack),2,3.84,06/20/24 13:31,"763 Lake St, Atlanta, GA 30301"
219193,Lightning Charging Cable,1,14.95,06/16/24 18:05,"357 Church St, Los Angeles, CA 90001"
219194,Apple Airpods Headphones,1,150,06/24/24 22:43,"413 Johnson St, San Francisco, CA 94016"
219195,Wired Headphones,1,11.99,06/30/24 14:21,"593 8th St, New York City, NY 10001"
219196,AAA Batteries (4-pack),1,2.99,06/06/24 19:35,"180 Park St, New York City, NY 10001"
219197,27in 4K Gaming Monitor,1,389.99,06/29/24 07:04,"365 Wilson St, Los Angeles, CA 90001"
219198,AAA Batteries (4-pack),1,2.99,06/30/24 17:26,"699 Cherry St, Atlanta, GA 30301"
219199,AAA Batteries (4-pack),2,2.99,06/01/24 18:25,"185 Wilson St, Portland, OR 97035"
219200,USB-C Charging Cable,1,11.95,06/16/24 20:40,"868 Church St, Portland, OR 97035"
219201,Wired Headphones,1,11.99,06/27/24 21:19,"215 South St, Boston, MA 02215"
219202,AAA Batteries (4-pack),1,2.99,06/21/24 20:05,"518 Lincoln St, Portland, OR 97035"
219203,iPhone,1,700,06/05/24 13:35,"554 11th St, San Francisco, CA 94016"
219204,Lightning Charging Cable,1,14.95,06/25/24 22:42,"911 Pine St, San Francisco, CA 94016"
219205,Lightning Charging Cable,1,14.95,06/18/24 17:23,"764 Forest St, Boston, MA 02215"
219206,Bose SoundSport Headphones,1,99.99,06/29/24 17:20,"949 Sunset St, Austin, TX 73301"
219207,Lightning Charging Cable,1,14.95,06/14/24 15:04,"437 Highland St, Portland, ME 04101"
219208,AA Batteries (4-pack),1,3.84,06/25/24 13:25,"932 Cedar St, New York City, NY 10001"
219209,Wired Headphones,3,11.99,06/11/24 16:02,"85 Adams St, New York City, NY 10001"
219210,USB-C Charging Cable,1,11.95,06/11/24 18:46,"952 North St, Atlanta, GA 30301"
219211,Flatscreen TV,1,300,06/08/24 16:10,"9 Washington St, Los Angeles, CA 90001"
219212,iPhone,1,700,06/09/24 11:35,"551 Park St, San Francisco, CA 94016"
219213,USB-C Charging Cable,1,11.95,06/16/24 23:19,"734 10th St, Portland, OR 97035"
219214,iPhone,1,700,06/22/24 18:19,"959 Johnson St, Seattle, WA 98101"
219215,Lightning Charging Cable,1,14.95,06/17/24 17:07,"694 Pine St, Los Angeles, CA 90001"
219216,Bose SoundSport Headphones,1,99.99,06/17/24 18:33,"590 Dogwood St, Los Angeles, CA 90001"
219217,27in FHD Monitor,1,149.99,06/17/24 20:47,"488 Jefferson St, San Francisco, CA 94016"
219218,AAA Batteries (4-pack),1,2.99,06/29/24 13:55,"235 Chestnut St, Los Angeles, CA 90001"
219218,Wired Headphones,1,11.99,06/29/24 13:55,"235 Chestnut St, Los Angeles, CA 90001"
219219,Wired Headphones,1,11.99,06/20/24 20:49,"56 Forest St, San Francisco, CA 94016"
219220,USB-C Charging Cable,1,11.95,06/10/24 22:23,"140 9th St, Austin, TX 73301"
219221,AA Batteries (4-pack),1,3.84,06/21/24 20:52,"460 Main St, Seattle, WA 98101"
219222,27in 4K Gaming Monitor,1,389.99,06/23/24 21:12,"454 Lake St, Los Angeles, CA 90001"
219223,AA Batteries (4-pack),2,3.84,06/09/24 12:44,"61 Cedar St, Boston, MA 02215"
219224,AAA Batteries (4-pack),3,2.99,06/22/24 18:56,"502 West St, San Francisco, CA 94016"
219225,27in 4K Gaming Monitor,1,389.99,06/13/24 18:00,"566 Ridge St, Boston, MA 02215"
219226,27in 4K Gaming Monitor,1,389.99,06/26/24 09:51,"774 Chestnut St, Austin, TX 73301"
219227,AA Batteries (4-pack),1,3.84,06/19/24 16:16,"458 South St, New York City, NY 10001"
219228,Lightning Charging Cable,1,14.95,06/30/24 21:34,"281 Chestnut St, New York City, NY 10001"
219229,Wired Headphones,1,11.99,06/18/24 23:29,"411 1st St, New York City, NY 10001"
219230,AAA Batteries (4-pack),1,2.99,06/26/24 13:35,"213 Willow St, San Francisco, CA 94016"
219231,USB-C Charging Cable,1,11.95,06/12/24 11:23,"240 13th St, Los Angeles, CA 90001"
219232,Flatscreen TV,1,300,06/15/24 15:05,"454 West St, Los Angeles, CA 90001"
219233,34in Ultrawide Monitor,1,379.99,06/29/24 20:03,"457 Madison St, Seattle, WA 98101"
219234,USB-C Charging Cable,1,11.95,06/11/24 16:09,"217 Maple St, Atlanta, GA 30301"
219235,Apple Airpods Headphones,1,150,06/10/24 23:55,"843 Maple St, Seattle, WA 98101"
219236,Wired Headphones,2,11.99,06/26/24 16:29,"399 Forest St, Los Angeles, CA 90001"
219237,27in FHD Monitor,1,149.99,06/09/24 13:31,"866 Elm St, San Francisco, CA 94016"
219238,Lightning Charging Cable,1,14.95,06/04/24 15:08,"213 10th St, San Francisco, CA 94016"
219239,iPhone,1,700,06/27/24 13:44,"31 Willow St, Los Angeles, CA 90001"
219239,Lightning Charging Cable,1,14.95,06/27/24 13:44,"31 Willow St, Los Angeles, CA 90001"
219240,iPhone,1,700,06/29/24 12:45,"374 4th St, New York City, NY 10001"
219241,AAA Batteries (4-pack),2,2.99,06/28/24 20:09,"489 Hill St, San Francisco, CA 94016"
219242,Apple Airpods Headphones,1,150,06/25/24 16:11,"335 Walnut St, Dallas, TX 75001"
219243,AAA Batteries (4-pack),1,2.99,06/23/24 16:43,"241 Lincoln St, Los Angeles, CA 90001"
219244,Wired Headphones,1,11.99,06/05/24 08:18,"121 Center St, Atlanta, GA 30301"
219245,AA Batteries (4-pack),2,3.84,06/08/24 22:51,"888 Highland St, Atlanta, GA 30301"
219246,AA Batteries (4-pack),1,3.84,06/26/24 23:12,"472 Main St, San Francisco, CA 94016"
219247,USB-C Charging Cable,1,11.95,06/27/24 16:35,"979 River St, Portland, ME 04101"
219248,AAA Batteries (4-pack),1,2.99,06/30/24 16:39,"909 Sunset St, San Francisco, CA 94016"
219249,USB-C Charging Cable,1,11.95,06/02/24 19:11,"910 Hill St, San Francisco, CA 94016"
219250,Lightning Charging Cable,1,14.95,06/23/24 13:57,"273 Washington St, Los Angeles, CA 90001"
219250,Wired Headphones,1,11.99,06/23/24 13:57,"273 Washington St, Los Angeles, CA 90001"
219251,USB-C Charging Cable,1,11.95,06/19/24 21:43,"544 Johnson St, Seattle, WA 98101"
219252,AAA Batteries (4-pack),3,2.99,06/26/24 09:28,"24 Main St, Boston, MA 02215"
219253,AAA Batteries (4-pack),1,2.99,06/12/24 13:43,"526 Johnson St, San Francisco, CA 94016"
219254,Macbook Pro Laptop,1,1700,06/05/24 20:44,"114 Wilson St, New York City, NY 10001"
219255,USB-C Charging Cable,1,11.95,06/29/24 03:14,"228 14th St, Los Angeles, CA 90001"
219256,AAA Batteries (4-pack),1,2.99,06/03/24 21:55,"813 Main St, Los Angeles, CA 90001"
219257,Wired Headphones,1,11.99,06/08/24 18:25,"670 14th St, New York City, NY 10001"
219258,20in Monitor,1,109.99,06/26/24 07:34,"316 6th St, Los Angeles, CA 90001"
219259,USB-C Charging Cable,1,11.95,06/25/24 18:52,"660 Forest St, San Francisco, CA 94016"
219260,Apple Airpods Headphones,1,150,06/15/24 23:49,"346 Lincoln St, Los Angeles, CA 90001"
219261,Apple Airpods Headphones,1,150,06/23/24 09:26,"465 8th St, Los Angeles, CA 90001"
219262,AAA Batteries (4-pack),1,2.99,06/02/24 13:06,"828 North St, Seattle, WA 98101"
219263,Google Phone,1,600,06/22/24 08:59,"726 Hickory St, Atlanta, GA 30301"
219263,USB-C Charging Cable,1,11.95,06/22/24 08:59,"726 Hickory St, Atlanta, GA 30301"
219264,ThinkPad Laptop,1,999.99,06/21/24 11:52,"636 2nd St, New York City, NY 10001"
219265,Wired Headphones,1,11.99,06/09/24 12:11,"586 12th St, San Francisco, CA 94016"
219266,USB-C Charging Cable,1,11.95,06/28/24 08:19,"517 4th St, Los Angeles, CA 90001"
219267,Lightning Charging Cable,1,14.95,06/29/24 14:16,"122 Chestnut St, Austin, TX 73301"
219268,Lightning Charging Cable,1,14.95,06/14/24 15:35,"275 Highland St, Dallas, TX 75001"
219269,ThinkPad Laptop,1,999.99,06/26/24 14:15,"25 Wilson St, San Francisco, CA 94016"
219270,USB-C Charging Cable,1,11.95,06/28/24 20:50,"784 14th St, Los Angeles, CA 90001"
219271,ThinkPad Laptop,1,999.99,06/25/24 13:52,"724 Main St, Boston, MA 02215"
219272,Google Phone,1,600,06/01/24 23:41,"501 12th St, Seattle, WA 98101"
219273,LG Dryer,1,600.0,06/22/24 15:05,"320 Lincoln St, Seattle, WA 98101"
219274,27in 4K Gaming Monitor,1,389.99,06/07/24 22:03,"318 Forest St, San Francisco, CA 94016"
219275,Bose SoundSport Headphones,1,99.99,06/02/24 23:41,"854 Hickory St, San Francisco, CA 94016"
219276,Bose SoundSport Headphones,1,99.99,06/27/24 07:50,"222 Sunset St, Boston, MA 02215"
219277,27in FHD Monitor,1,149.99,06/05/24 20:10,"800 Forest St, Los Angeles, CA 90001"
219278,34in Ultrawide Monitor,1,379.99,06/25/24 16:05,"790 Cherry St, San Francisco, CA 94016"
219279,USB-C Charging Cable,1,11.95,06/26/24 11:05,"614 10th St, Los Angeles, CA 90001"
219280,Lightning Charging Cable,1,14.95,06/23/24 17:02,"982 Cherry St, Boston, MA 02215"
219281,27in 4K Gaming Monitor,1,389.99,06/17/24 09:31,"250 Cherry St, Los Angeles, CA 90001"
219282,34in Ultrawide Monitor,1,379.99,06/25/24 15:55,"932 Main St, San Francisco, CA 94016"
219283,Lightning Charging Cable,1,14.95,06/14/24 23:35,"296 5th St, Los Angeles, CA 90001"
219284,34in Ultrawide Monitor,1,379.99,06/13/24 09:28,"385 Hickory St, San Francisco, CA 94016"
219285,AAA Batteries (4-pack),2,2.99,06/19/24 13:19,"414 Park St, New York City, NY 10001"
219286,AA Batteries (4-pack),1,3.84,06/15/24 18:19,"686 Lincoln St, Los Angeles, CA 90001"
219287,34in Ultrawide Monitor,1,379.99,06/06/24 10:04,"463 Church St, San Francisco, CA 94016"
219288,Lightning Charging Cable,1,14.95,06/21/24 08:45,"652 6th St, Dallas, TX 75001"
219289,27in FHD Monitor,1,149.99,06/16/24 17:29,"596 6th St, Seattle, WA 98101"
219290,AA Batteries (4-pack),1,3.84,06/26/24 06:38,"893 North St, Seattle, WA 98101"
219291,Bose SoundSport Headphones,1,99.99,06/09/24 13:03,"561 West St, San Francisco, CA 94016"
219292,Wired Headphones,1,11.99,06/05/24 14:15,"826 Center St, Boston, MA 02215"
219293,AAA Batteries (4-pack),2,2.99,06/05/24 17:31,"906 Meadow St, New York City, NY 10001"
219294,Wired Headphones,1,11.99,06/05/24 10:21,"436 Chestnut St, Austin, TX 73301"
219295,Wired Headphones,1,11.99,06/21/24 11:55,"258 4th St, Portland, OR 97035"
219296,AAA Batteries (4-pack),1,2.99,06/04/24 15:08,"921 8th St, San Francisco, CA 94016"
219297,27in FHD Monitor,1,149.99,06/19/24 03:35,"615 5th St, Los Angeles, CA 90001"
219298,USB-C Charging Cable,1,11.95,06/14/24 08:46,"953 Highland St, Los Angeles, CA 90001"
219299,iPhone,1,700,06/27/24 20:40,"235 Hill St, San Francisco, CA 94016"
219299,Lightning Charging Cable,1,14.95,06/27/24 20:40,"235 Hill St, San Francisco, CA 94016"
219300,Apple Airpods Headphones,1,150,06/22/24 16:26,"315 Main St, Dallas, TX 75001"
219301,Apple Airpods Headphones,1,150,06/06/24 09:18,"457 North St, Portland, OR 97035"
219302,Flatscreen TV,1,300,06/05/24 17:46,"653 Madison St, San Francisco, CA 94016"
219303,27in FHD Monitor,1,149.99,06/16/24 10:07,"721 Jackson St, Austin, TX 73301"
219304,Bose SoundSport Headphones,1,99.99,06/09/24 10:46,"87 Lincoln St, San Francisco, CA 94016"
219305,USB-C Charging Cable,2,11.95,06/13/24 18:29,"17 13th St, New York City, NY 10001"
219306,AAA Batteries (4-pack),2,2.99,06/26/24 08:23,"848 Church St, Los Angeles, CA 90001"
219307,AAA Batteries (4-pack),1,2.99,06/01/24 15:12,"213 Chestnut St, Austin, TX 73301"
219308,Lightning Charging Cable,1,14.95,06/06/24 21:42,"443 Hickory St, Boston, MA 02215"
219309,Lightning Charging Cable,1,14.95,06/21/24 14:46,"506 Cherry St, Boston, MA 02215"
219310,34in Ultrawide Monitor,1,379.99,06/03/24 23:41,"115 Cherry St, Boston, MA 02215"
219311,Lightning Charging Cable,1,14.95,06/26/24 09:36,"693 7th St, Dallas, TX 75001"
219312,Lightning Charging Cable,1,14.95,06/28/24 22:05,"238 7th St, Austin, TX 73301"
219313,Apple Airpods Headphones,1,150,06/27/24 22:23,"336 Lake St, San Francisco, CA 94016"
219314,Flatscreen TV,1,300,06/03/24 10:50,"712 Madison St, Boston, MA 02215"
219315,AA Batteries (4-pack),2,3.84,06/13/24 18:42,"856 Jefferson St, Boston, MA 02215"
219316,Wired Headphones,1,11.99,06/30/24 09:46,"495 South St, Austin, TX 73301"
219317,USB-C Charging Cable,1,11.95,06/27/24 19:29,"765 North St, San Francisco, CA 94016"
219318,Bose SoundSport Headphones,1,99.99,06/21/24 22:15,"975 Lake St, New York City, NY 10001"
219319,AA Batteries (4-pack),2,3.84,06/14/24 16:24,"712 Willow St, Seattle, WA 98101"
219320,Wired Headphones,1,11.99,06/07/24 12:53,"874 Hill St, Portland, OR 97035"
219321,USB-C Charging Cable,1,11.95,06/21/24 06:41,"550 River St, New York City, NY 10001"
219322,iPhone,1,700,06/21/24 12:03,"349 Jefferson St, Portland, OR 97035"
219322,Lightning Charging Cable,1,14.95,06/21/24 12:03,"349 Jefferson St, Portland, OR 97035"
219323,Bose SoundSport Headphones,1,99.99,06/15/24 07:39,"443 South St, San Francisco, CA 94016"
219324,AAA Batteries (4-pack),1,2.99,06/15/24 04:49,"165 Park St, Dallas, TX 75001"
219325,Lightning Charging Cable,1,14.95,06/13/24 12:38,"386 9th St, New York City, NY 10001"
219326,Wired Headphones,1,11.99,06/18/24 19:02,"919 River St, New York City, NY 10001"
219327,AA Batteries (4-pack),2,3.84,06/14/24 12:47,"840 11th St, Seattle, WA 98101"
219328,20in Monitor,1,109.99,06/15/24 11:23,"785 4th St, Los Angeles, CA 90001"
219329,27in FHD Monitor,1,149.99,06/29/24 18:21,"687 10th St, Atlanta, GA 30301"
219330,27in FHD Monitor,1,149.99,06/12/24 13:45,"331 Forest St, Los Angeles, CA 90001"
219331,USB-C Charging Cable,1,11.95,06/22/24 22:17,"105 South St, Los Angeles, CA 90001"
219332,AAA Batteries (4-pack),2,2.99,06/03/24 19:31,"365 Cedar St, Atlanta, GA 30301"
219333,Wired Headphones,1,11.99,06/12/24 21:12,"228 Wilson St, New York City, NY 10001"
219334,Apple Airpods Headphones,1,150,06/21/24 13:01,"57 Park St, Portland, OR 97035"
219335,AA Batteries (4-pack),1,3.84,06/17/24 19:26,"689 Main St, San Francisco, CA 94016"
219336,27in FHD Monitor,1,149.99,06/15/24 22:17,"988 5th St, New York City, NY 10001"
219337,USB-C Charging Cable,1,11.95,06/05/24 11:32,"546 West St, Boston, MA 02215"
219338,Lightning Charging Cable,1,14.95,06/16/24 18:26,"562 Wilson St, Boston, MA 02215"
219339,USB-C Charging Cable,1,11.95,06/25/24 19:20,"803 Jefferson St, Dallas, TX 75001"
219340,Apple Airpods Headphones,1,150,06/19/24 02:37,"639 Washington St, Dallas, TX 75001"
219340,AAA Batteries (4-pack),1,2.99,06/19/24 02:37,"639 Washington St, Dallas, TX 75001"
219341,AA Batteries (4-pack),1,3.84,06/28/24 23:07,"93 8th St, Atlanta, GA 30301"
219342,LG Dryer,1,600.0,06/25/24 17:28,"580 Hill St, Atlanta, GA 30301"
219343,Wired Headphones,1,11.99,06/08/24 19:24,"703 Elm St, Seattle, WA 98101"
219344,Apple Airpods Headphones,1,150,06/06/24 05:32,"563 Lincoln St, Austin, TX 73301"
219345,Flatscreen TV,1,300,06/11/24 09:26,"972 4th St, Atlanta, GA 30301"
219346,Apple Airpods Headphones,1,150,06/29/24 13:50,"246 Jefferson St, Austin, TX 73301"
219347,Wired Headphones,1,11.99,06/02/24 11:10,"293 Willow St, Los Angeles, CA 90001"
219348,Flatscreen TV,1,300,06/26/24 14:24,"119 Maple St, New York City, NY 10001"
219349,Apple Airpods Headphones,1,150,06/07/24 19:10,"491 Pine St, Los Angeles, CA 90001"
219349,Lightning Charging Cable,1,14.95,06/07/24 19:10,"491 Pine St, Los Angeles, CA 90001"
219350,AA Batteries (4-pack),1,3.84,06/02/24 02:45,"711 11th St, Dallas, TX 75001"
219351,AA Batteries (4-pack),2,3.84,06/21/24 23:21,"824 8th St, New York City, NY 10001"
219352,34in Ultrawide Monitor,1,379.99,06/10/24 13:03,"794 9th St, Los Angeles, CA 90001"
219353,Google Phone,1,600,06/25/24 15:06,"65 Meadow St, Austin, TX 73301"
219354,Apple Airpods Headphones,1,150,06/05/24 11:34,"950 Adams St, Los Angeles, CA 90001"
219355,Wired Headphones,1,11.99,06/24/24 14:56,"980 West St, Atlanta, GA 30301"
219356,Apple Airpods Headphones,1,150,06/21/24 01:10,"866 Hickory St, New York City, NY 10001"
219357,AA Batteries (4-pack),1,3.84,06/24/24 15:58,"160 Jackson St, Seattle, WA 98101"
219358,Lightning Charging Cable,1,14.95,06/29/24 18:57,"86 Hickory St, Los Angeles, CA 90001"
219359,ThinkPad Laptop,1,999.99,06/05/24 12:39,"931 Church St, Seattle, WA 98101"
219360,27in 4K Gaming Monitor,1,389.99,06/29/24 03:24,"711 7th St, San Francisco, CA 94016"
219361,AA Batteries (4-pack),1,3.84,06/05/24 16:01,"362 2nd St, Austin, TX 73301"
219362,Vareebadd Phone,1,400,06/16/24 11:04,"812 8th St, Atlanta, GA 30301"
219363,Apple Airpods Headphones,1,150,06/12/24 19:11,"999 Wilson St, San Francisco, CA 94016"
219364,Lightning Charging Cable,1,14.95,06/19/24 19:41,"207 11th St, New York City, NY 10001"
219365,Google Phone,1,600,06/15/24 17:27,"679 14th St, Austin, TX 73301"
219366,ThinkPad Laptop,1,999.99,06/20/24 09:04,"830 Washington St, Austin, TX 73301"
219367,Bose SoundSport Headphones,1,99.99,06/24/24 17:42,"375 7th St, Los Angeles, CA 90001"
219368,Wired Headphones,1,11.99,06/08/24 10:36,"238 South St, Los Angeles, CA 90001"
219369,AAA Batteries (4-pack),1,2.99,06/18/24 11:58,"905 Church St, New York City, NY 10001"
219370,Lightning Charging Cable,1,14.95,06/30/24 21:45,"39 6th St, Los Angeles, CA 90001"
219371,USB-C Charging Cable,1,11.95,06/13/24 12:40,"136 Park St, Los Angeles, CA 90001"
219372,Lightning Charging Cable,1,14.95,06/26/24 15:11,"677 12th St, New York City, NY 10001"
219373,Apple Airpods Headphones,1,150,06/02/24 14:53,"234 Lake St, Portland, ME 04101"
219374,USB-C Charging Cable,1,11.95,06/13/24 09:51,"485 11th St, Boston, MA 02215"
219375,Lightning Charging Cable,1,14.95,06/04/24 09:49,"724 South St, San Francisco, CA 94016"
219376,Google Phone,1,600,06/20/24 17:38,"184 Ridge St, Los Angeles, CA 90001"
219377,AA Batteries (4-pack),1,3.84,06/28/24 12:08,"79 4th St, Portland, OR 97035"
219378,USB-C Charging Cable,1,11.95,06/01/24 23:16,"72 Maple St, New York City, NY 10001"
219379,34in Ultrawide Monitor,1,379.99,06/20/24 04:15,"287 6th St, Boston, MA 02215"
219380,Lightning Charging Cable,1,14.95,06/03/24 12:28,"63 Forest St, Boston, MA 02215"
219381,Lightning Charging Cable,1,14.95,06/09/24 09:28,"25 Lakeview St, San Francisco, CA 94016"
219382,ThinkPad Laptop,1,999.99,06/21/24 23:59,"798 Washington St, Los Angeles, CA 90001"
219383,Apple Airpods Headphones,1,150,06/25/24 20:51,"232 Lakeview St, Los Angeles, CA 90001"
219384,ThinkPad Laptop,1,999.99,06/11/24 07:33,"859 Walnut St, Los Angeles, CA 90001"
219385,27in 4K Gaming Monitor,1,389.99,06/24/24 23:03,"717 Dogwood St, Atlanta, GA 30301"
219386,Wired Headphones,1,11.99,06/14/24 17:39,"135 West St, Austin, TX 73301"
219387,USB-C Charging Cable,1,11.95,06/08/24 18:46,"19 Willow St, San Francisco, CA 94016"
219388,27in FHD Monitor,1,149.99,06/06/24 17:01,"917 River St, Los Angeles, CA 90001"
219389,Wired Headphones,1,11.99,06/22/24 19:17,"503 Jackson St, Dallas, TX 75001"
219390,iPhone,1,700,06/22/24 06:55,"452 11th St, San Francisco, CA 94016"
219390,Lightning Charging Cable,1,14.95,06/22/24 06:55,"452 11th St, San Francisco, CA 94016"
219391,AAA Batteries (4-pack),1,2.99,06/23/24 21:57,"559 13th St, Portland, ME 04101"
219392,Macbook Pro Laptop,1,1700,06/11/24 09:40,"235 5th St, San Francisco, CA 94016"
219393,Apple Airpods Headphones,1,150,06/02/24 12:02,"74 Johnson St, Boston, MA 02215"
219394,AA Batteries (4-pack),2,3.84,06/02/24 15:04,"260 Elm St, Boston, MA 02215"
219395,AA Batteries (4-pack),2,3.84,06/02/24 22:14,"196 Sunset St, San Francisco, CA 94016"
219396,Bose SoundSport Headphones,1,99.99,06/28/24 09:27,"45 1st St, New York City, NY 10001"
219397,27in FHD Monitor,1,149.99,06/29/24 22:31,"621 Madison St, Dallas, TX 75001"
219398,AAA Batteries (4-pack),1,2.99,06/22/24 17:09,"627 Center St, New York City, NY 10001"
219399,AAA Batteries (4-pack),1,2.99,06/06/24 04:10,"969 12th St, Seattle, WA 98101"
219400,Google Phone,1,600,06/21/24 19:53,"967 Madison St, San Francisco, CA 94016"
219401,USB-C Charging Cable,1,11.95,06/02/24 08:38,"974 Hickory St, New York City, NY 10001"
219402,USB-C Charging Cable,1,11.95,06/11/24 13:57,"897 Dogwood St, San Francisco, CA 94016"
219403,USB-C Charging Cable,1,11.95,06/28/24 08:13,"984 South St, Portland, OR 97035"
219404,Apple Airpods Headphones,1,150,06/12/24 23:32,"305 6th St, Austin, TX 73301"
219404,Vareebadd Phone,1,400,06/12/24 23:32,"305 6th St, Austin, TX 73301"
219405,AAA Batteries (4-pack),1,2.99,06/28/24 20:05,"465 10th St, San Francisco, CA 94016"
219406,Bose SoundSport Headphones,1,99.99,06/01/24 11:29,"718 Ridge St, Los Angeles, CA 90001"
219407,Wired Headphones,1,11.99,06/02/24 07:10,"229 6th St, Austin, TX 73301"
219408,USB-C Charging Cable,1,11.95,06/25/24 23:47,"758 Center St, San Francisco, CA 94016"
219409,Apple Airpods Headphones,1,150,06/05/24 16:03,"872 12th St, Atlanta, GA 30301"
219410,Lightning Charging Cable,1,14.95,06/06/24 08:54,"12 1st St, New York City, NY 10001"
219411,iPhone,1,700,06/08/24 22:37,"480 Center St, Seattle, WA 98101"
219412,Macbook Pro Laptop,1,1700,06/02/24 13:54,"587 West St, Austin, TX 73301"
219413,20in Monitor,1,109.99,06/02/24 21:34,"263 Lakeview St, Boston, MA 02215"
219414,Lightning Charging Cable,1,14.95,06/29/24 08:58,"410 Johnson St, Atlanta, GA 30301"
219415,27in 4K Gaming Monitor,1,389.99,06/18/24 21:45,"586 West St, New York City, NY 10001"
219416,Bose SoundSport Headphones,1,99.99,06/23/24 14:56,"181 Park St, Los Angeles, CA 90001"
219417,Lightning Charging Cable,1,14.95,06/11/24 10:40,"727 9th St, Los Angeles, CA 90001"
219418,Apple Airpods Headphones,1,150,06/09/24 16:28,"286 Sunset St, Los Angeles, CA 90001"
219419,Apple Airpods Headphones,1,150,06/01/24 18:54,"343 12th St, Atlanta, GA 30301"
219420,Apple Airpods Headphones,1,150,06/29/24 15:48,"479 Forest St, New York City, NY 10001"
219421,Lightning Charging Cable,1,14.95,06/04/24 13:05,"968 Washington St, Atlanta, GA 30301"
219422,Wired Headphones,1,11.99,06/20/24 11:23,"998 West St, Portland, OR 97035"
219423,AAA Batteries (4-pack),1,2.99,06/21/24 10:13,"773 Wilson St, Los Angeles, CA 90001"
219424,27in FHD Monitor,1,149.99,06/11/24 22:17,"406 Pine St, Austin, TX 73301"
219425,Lightning Charging Cable,1,14.95,06/17/24 09:21,"974 7th St, Los Angeles, CA 90001"
219426,Wired Headphones,1,11.99,06/19/24 17:45,"969 Lincoln St, Los Angeles, CA 90001"
219427,34in Ultrawide Monitor,1,379.99,06/28/24 08:25,"827 Hickory St, New York City, NY 10001"
219428,Apple Airpods Headphones,1,150,06/26/24 17:47,"821 Spruce St, San Francisco, CA 94016"
219429,Lightning Charging Cable,1,14.95,06/03/24 14:41,"637 Ridge St, New York City, NY 10001"
219430,Bose SoundSport Headphones,1,99.99,06/29/24 20:00,"678 Cherry St, New York City, NY 10001"
219431,Lightning Charging Cable,1,14.95,06/05/24 12:44,"173 11th St, San Francisco, CA 94016"
219432,Lightning Charging Cable,1,14.95,06/15/24 11:14,"213 Ridge St, New York City, NY 10001"
219433,Flatscreen TV,1,300,06/14/24 08:30,"57 Washington St, San Francisco, CA 94016"
219434,AA Batteries (4-pack),1,3.84,06/02/24 23:12,"680 Church St, Los Angeles, CA 90001"
219435,Lightning Charging Cable,1,14.95,06/16/24 15:06,"40 Main St, Austin, TX 73301"
219436,AA Batteries (4-pack),1,3.84,06/18/24 14:00,"949 Madison St, Dallas, TX 75001"
219437,LG Dryer,1,600.0,06/02/24 09:31,"62 10th St, Seattle, WA 98101"
219438,Wired Headphones,1,11.99,06/08/24 15:22,"789 13th St, Los Angeles, CA 90001"
219439,Wired Headphones,1,11.99,06/19/24 17:58,"330 Willow St, San Francisco, CA 94016"
219440,USB-C Charging Cable,1,11.95,06/05/24 21:27,"226 Wilson St, Los Angeles, CA 90001"
219441,20in Monitor,1,109.99,06/03/24 23:08,"810 Hill St, Seattle, WA 98101"
219442,27in 4K Gaming Monitor,1,389.99,06/29/24 12:28,"987 11th St, New York City, NY 10001"
219443,AA Batteries (4-pack),1,3.84,06/27/24 11:58,"283 13th St, San Francisco, CA 94016"
219444,Apple Airpods Headphones,1,150,06/08/24 19:35,"645 Cherry St, Austin, TX 73301"
219445,Bose SoundSport Headphones,1,99.99,06/02/24 20:50,"15 Lincoln St, Austin, TX 73301"
219446,Macbook Pro Laptop,1,1700,06/03/24 19:57,"306 Park St, Portland, OR 97035"
219447,USB-C Charging Cable,2,11.95,06/10/24 18:39,"589 Washington St, Seattle, WA 98101"
219448,AA Batteries (4-pack),2,3.84,06/02/24 09:20,"768 Hickory St, San Francisco, CA 94016"
219449,AA Batteries (4-pack),1,3.84,06/26/24 01:13,"621 Willow St, Los Angeles, CA 90001"
219450,27in 4K Gaming Monitor,1,389.99,06/08/24 11:00,"954 5th St, Boston, MA 02215"
219451,Lightning Charging Cable,1,14.95,06/27/24 14:55,"695 Lakeview St, Los Angeles, CA 90001"
219452,Google Phone,1,600,06/05/24 07:16,"568 Church St, San Francisco, CA 94016"
219452,USB-C Charging Cable,1,11.95,06/05/24 07:16,"568 Church St, San Francisco, CA 94016"
219453,iPhone,1,700,06/28/24 13:15,"857 Madison St, Los Angeles, CA 90001"
219454,Wired Headphones,1,11.99,06/21/24 18:10,"462 Highland St, New York City, NY 10001"
219455,iPhone,1,700,06/12/24 21:01,"814 Madison St, Seattle, WA 98101"
219456,Bose SoundSport Headphones,1,99.99,06/23/24 11:02,"261 North St, San Francisco, CA 94016"
219457,iPhone,1,700,06/18/24 08:20,"543 Johnson St, Dallas, TX 75001"
219458,ThinkPad Laptop,1,999.99,06/18/24 20:18,"257 Elm St, San Francisco, CA 94016"
219459,Bose SoundSport Headphones,1,99.99,06/02/24 19:13,"364 4th St, Seattle, WA 98101"
219460,USB-C Charging Cable,1,11.95,06/30/24 17:15,"755 2nd St, Dallas, TX 75001"
219461,USB-C Charging Cable,1,11.95,06/21/24 21:02,"640 South St, Los Angeles, CA 90001"
219462,USB-C Charging Cable,1,11.95,06/16/24 18:32,"921 Dogwood St, Los Angeles, CA 90001"
219463,Apple Airpods Headphones,1,150,06/20/24 10:56,"505 Walnut St, Boston, MA 02215"
219464,Vareebadd Phone,1,400,06/15/24 20:29,"882 South St, Boston, MA 02215"
219465,LG Washing Machine,1,600.0,06/11/24 14:34,"272 Spruce St, New York City, NY 10001"
219466,AA Batteries (4-pack),1,3.84,06/29/24 13:15,"672 Center St, Seattle, WA 98101"
219467,Wired Headphones,1,11.99,06/09/24 14:36,"952 Chestnut St, Dallas, TX 75001"
219468,Lightning Charging Cable,1,14.95,06/29/24 11:22,"752 Dogwood St, Los Angeles, CA 90001"
219469,Wired Headphones,1,11.99,06/28/24 18:33,"116 River St, San Francisco, CA 94016"
219470,Macbook Pro Laptop,1,1700,06/22/24 18:57,"414 Hickory St, Boston, MA 02215"
219471,Google Phone,1,600,06/13/24 17:57,"985 Washington St, Boston, MA 02215"
219472,AA Batteries (4-pack),1,3.84,06/15/24 21:33,"332 2nd St, New York City, NY 10001"
219473,Flatscreen TV,1,300,06/11/24 07:50,"851 Pine St, San Francisco, CA 94016"
219474,Wired Headphones,2,11.99,06/14/24 12:00,"145 South St, San Francisco, CA 94016"
219475,Wired Headphones,1,11.99,06/19/24 12:00,"839 11th St, Atlanta, GA 30301"
219476,AAA Batteries (4-pack),1,2.99,06/11/24 06:52,"146 1st St, Boston, MA 02215"
219477,Macbook Pro Laptop,1,1700,06/13/24 21:25,"205 Hill St, Portland, OR 97035"
219478,Google Phone,1,600,06/23/24 11:01,"951 Willow St, San Francisco, CA 94016"
219479,Lightning Charging Cable,1,14.95,06/29/24 01:07,"177 Washington St, Los Angeles, CA 90001"
219480,iPhone,1,700,06/17/24 12:03,"278 Dogwood St, New York City, NY 10001"
219480,USB-C Charging Cable,2,11.95,06/17/24 12:03,"278 Dogwood St, New York City, NY 10001"
219481,Lightning Charging Cable,1,14.95,06/09/24 21:51,"524 5th St, Dallas, TX 75001"
219482,Bose SoundSport Headphones,1,99.99,06/12/24 16:12,"618 Chestnut St, Dallas, TX 75001"
219483,Apple Airpods Headphones,1,150,06/19/24 10:21,"456 Lakeview St, New York City, NY 10001"
219484,34in Ultrawide Monitor,1,379.99,06/16/24 13:03,"688 Main St, San Francisco, CA 94016"
219485,Apple Airpods Headphones,1,150,06/27/24 11:58,"774 Willow St, New York City, NY 10001"
219486,Apple Airpods Headphones,1,150,06/13/24 14:24,"949 1st St, New York City, NY 10001"
219487,34in Ultrawide Monitor,1,379.99,06/26/24 11:55,"336 West St, New York City, NY 10001"
219488,USB-C Charging Cable,1,11.95,06/26/24 20:28,"52 Hill St, Los Angeles, CA 90001"
219489,ThinkPad Laptop,1,999.99,06/13/24 13:34,"350 Willow St, San Francisco, CA 94016"
219489,Flatscreen TV,1,300,06/13/24 13:34,"350 Willow St, San Francisco, CA 94016"
219490,AAA Batteries (4-pack),4,2.99,06/04/24 12:05,"88 14th St, Boston, MA 02215"
219491,USB-C Charging Cable,1,11.95,06/05/24 08:03,"742 Forest St, Portland, OR 97035"
219492,Bose SoundSport Headphones,1,99.99,06/06/24 08:37,"433 Park St, Seattle, WA 98101"
219493,AAA Batteries (4-pack),3,2.99,06/05/24 12:21,"136 Forest St, New York City, NY 10001"
219494,27in 4K Gaming Monitor,1,389.99,06/11/24 13:13,"569 Spruce St, Portland, OR 97035"
219495,Bose SoundSport Headphones,1,99.99,06/10/24 12:18,"379 4th St, Los Angeles, CA 90001"
219496,AA Batteries (4-pack),1,3.84,06/08/24 15:50,"526 Meadow St, Los Angeles, CA 90001"
219497,Lightning Charging Cable,1,14.95,06/16/24 10:00,"111 Meadow St, Los Angeles, CA 90001"
219498,Lightning Charging Cable,1,14.95,06/24/24 13:02,"700 Hill St, Atlanta, GA 30301"
219499,Lightning Charging Cable,1,14.95,06/19/24 14:37,"738 Main St, Los Angeles, CA 90001"
219500,27in FHD Monitor,1,149.99,06/01/24 14:34,"810 10th St, Dallas, TX 75001"
219501,AAA Batteries (4-pack),2,2.99,06/27/24 22:20,"290 Forest St, Boston, MA 02215"
219502,Lightning Charging Cable,1,14.95,06/07/24 20:44,"905 Wilson St, San Francisco, CA 94016"
219503,Wired Headphones,1,11.99,06/25/24 18:39,"916 Highland St, Boston, MA 02215"
219504,34in Ultrawide Monitor,1,379.99,06/25/24 19:34,"50 Johnson St, Dallas, TX 75001"
219505,USB-C Charging Cable,1,11.95,06/18/24 20:18,"128 Walnut St, San Francisco, CA 94016"
219506,ThinkPad Laptop,1,999.99,06/23/24 07:09,"216 Ridge St, Dallas, TX 75001"
219507,27in FHD Monitor,1,149.99,06/04/24 00:17,"669 14th St, Dallas, TX 75001"
219508,27in 4K Gaming Monitor,1,389.99,06/04/24 17:46,"130 Hill St, Atlanta, GA 30301"
219509,Apple Airpods Headphones,2,150,06/29/24 17:59,"697 13th St, New York City, NY 10001"
219510,Bose SoundSport Headphones,1,99.99,06/24/24 02:45,"891 Washington St, Dallas, TX 75001"
219511,Apple Airpods Headphones,1,150,06/25/24 11:53,"713 Spruce St, Austin, TX 73301"
219512,AA Batteries (4-pack),1,3.84,06/03/24 17:50,"161 Maple St, San Francisco, CA 94016"
219513,Wired Headphones,1,11.99,06/30/24 05:41,"639 8th St, Boston, MA 02215"
219514,Bose SoundSport Headphones,1,99.99,06/25/24 23:38,"945 8th St, Portland, ME 04101"
219515,LG Washing Machine,1,600.0,06/22/24 13:30,"566 5th St, Los Angeles, CA 90001"
219516,AAA Batteries (4-pack),2,2.99,06/15/24 23:13,"784 14th St, San Francisco, CA 94016"
219517,Apple Airpods Headphones,1,150,06/07/24 12:02,"643 8th St, San Francisco, CA 94016"
219518,iPhone,1,700,06/17/24 08:43,"595 Adams St, Austin, TX 73301"
219519,Lightning Charging Cable,1,14.95,06/19/24 17:48,"121 Lake St, Boston, MA 02215"
219520,AAA Batteries (4-pack),1,2.99,06/11/24 18:57,"496 River St, Los Angeles, CA 90001"
219521,Vareebadd Phone,1,400,06/05/24 00:35,"845 Highland St, San Francisco, CA 94016"
219522,AAA Batteries (4-pack),2,2.99,06/14/24 21:06,"259 North St, Austin, TX 73301"
219523,AA Batteries (4-pack),1,3.84,06/27/24 20:11,"796 7th St, New York City, NY 10001"
219524,Apple Airpods Headphones,1,150,06/09/24 11:58,"616 Ridge St, Atlanta, GA 30301"
219525,iPhone,1,700,06/22/24 19:57,"598 10th St, San Francisco, CA 94016"
219526,AAA Batteries (4-pack),1,2.99,06/10/24 20:57,"853 Pine St, San Francisco, CA 94016"
219527,AA Batteries (4-pack),2,3.84,06/28/24 07:54,"425 Main St, Seattle, WA 98101"
219528,Bose SoundSport Headphones,1,99.99,06/27/24 17:37,"92 Church St, Atlanta, GA 30301"
219529,AA Batteries (4-pack),2,3.84,06/05/24 14:23,"859 South St, Boston, MA 02215"
219530,Wired Headphones,1,11.99,06/17/24 11:58,"881 2nd St, San Francisco, CA 94016"
219531,Lightning Charging Cable,1,14.95,06/10/24 20:26,"514 Sunset St, Portland, OR 97035"
219532,AAA Batteries (4-pack),2,2.99,06/02/24 03:49,"410 South St, Atlanta, GA 30301"
219533,Lightning Charging Cable,1,14.95,06/08/24 23:47,"608 Chestnut St, Los Angeles, CA 90001"
219534,ThinkPad Laptop,1,999.99,06/07/24 12:03,"501 2nd St, Los Angeles, CA 90001"
219535,Wired Headphones,1,11.99,06/28/24 11:03,"464 Maple St, New York City, NY 10001"
219536,Flatscreen TV,1,300,06/08/24 21:36,"823 7th St, New York City, NY 10001"
219537,AAA Batteries (4-pack),1,2.99,06/19/24 12:05,"232 West St, San Francisco, CA 94016"
219538,Lightning Charging Cable,1,14.95,06/11/24 18:56,"520 Meadow St, Portland, ME 04101"
219539,27in 4K Gaming Monitor,1,389.99,06/29/24 19:36,"85 Pine St, San Francisco, CA 94016"
219540,Google Phone,1,600,06/11/24 23:53,"848 Madison St, San Francisco, CA 94016"
219541,Bose SoundSport Headphones,1,99.99,06/26/24 11:30,"201 Elm St, Austin, TX 73301"
219541,Google Phone,1,600,06/26/24 11:30,"201 Elm St, Austin, TX 73301"
219542,AA Batteries (4-pack),1,3.84,06/05/24 00:06,"33 Highland St, Los Angeles, CA 90001"
219543,USB-C Charging Cable,1,11.95,06/14/24 11:29,"224 Jefferson St, San Francisco, CA 94016"
219544,LG Washing Machine,1,600.0,06/10/24 07:29,"894 10th St, Atlanta, GA 30301"
219545,AAA Batteries (4-pack),1,2.99,06/02/24 07:01,"544 Madison St, Los Angeles, CA 90001"
219546,AA Batteries (4-pack),2,3.84,06/03/24 13:40,"266 Madison St, Boston, MA 02215"
219547,Apple Airpods Headphones,1,150,06/30/24 23:09,"410 Lake St, Portland, OR 97035"
219548,Bose SoundSport Headphones,1,99.99,06/09/24 13:27,"717 Dogwood St, Atlanta, GA 30301"
219549,Lightning Charging Cable,1,14.95,06/05/24 17:23,"367 Hill St, Dallas, TX 75001"
219550,AA Batteries (4-pack),1,3.84,06/05/24 15:12,"816 12th St, San Francisco, CA 94016"
219551,AA Batteries (4-pack),1,3.84,06/09/24 21:44,"471 12th St, Austin, TX 73301"
219552,AA Batteries (4-pack),1,3.84,06/15/24 08:18,"290 Jackson St, San Francisco, CA 94016"
219553,Wired Headphones,1,11.99,06/24/24 14:43,"127 8th St, Austin, TX 73301"
219554,27in FHD Monitor,1,149.99,06/05/24 23:36,"257 Willow St, Atlanta, GA 30301"
219555,USB-C Charging Cable,1,11.95,06/21/24 16:26,"797 Sunset St, Los Angeles, CA 90001"
219556,USB-C Charging Cable,1,11.95,06/14/24 08:56,"137 Park St, San Francisco, CA 94016"
219557,Lightning Charging Cable,1,14.95,06/19/24 13:36,"811 Main St, San Francisco, CA 94016"
219558,Google Phone,1,600,06/29/24 13:26,"827 7th St, Seattle, WA 98101"
219559,27in 4K Gaming Monitor,1,389.99,06/14/24 02:06,"550 Lakeview St, New York City, NY 10001"
219560,Macbook Pro Laptop,1,1700,06/18/24 20:37,"937 6th St, Los Angeles, CA 90001"
219561,Lightning Charging Cable,1,14.95,06/01/24 11:23,"310 Washington St, Dallas, TX 75001"
219562,27in FHD Monitor,1,149.99,06/13/24 00:27,"859 Sunset St, San Francisco, CA 94016"
219563,Bose SoundSport Headphones,1,99.99,06/05/24 18:04,"872 Lincoln St, Los Angeles, CA 90001"
219564,Bose SoundSport Headphones,1,99.99,06/03/24 17:29,"488 Johnson St, Dallas, TX 75001"
219564,USB-C Charging Cable,1,11.95,06/03/24 17:29,"488 Johnson St, Dallas, TX 75001"
219565,Lightning Charging Cable,3,14.95,06/23/24 14:39,"939 Ridge St, San Francisco, CA 94016"
219566,AA Batteries (4-pack),2,3.84,06/23/24 21:04,"88 Lakeview St, Boston, MA 02215"
219567,AA Batteries (4-pack),1,3.84,06/21/24 16:47,"989 Highland St, New York City, NY 10001"
219567,AAA Batteries (4-pack),1,2.99,06/21/24 16:47,"989 Highland St, New York City, NY 10001"
219568,Macbook Pro Laptop,1,1700,06/01/24 16:03,"955 13th St, Los Angeles, CA 90001"
219569,Bose SoundSport Headphones,1,99.99,06/10/24 22:14,"715 Meadow St, New York City, NY 10001"
219570,Lightning Charging Cable,1,14.95,06/02/24 16:05,"123 11th St, Boston, MA 02215"
219571,Wired Headphones,1,11.99,06/18/24 02:34,"368 Washington St, San Francisco, CA 94016"
219572,Wired Headphones,1,11.99,06/28/24 13:41,"388 6th St, San Francisco, CA 94016"
219573,AAA Batteries (4-pack),1,2.99,06/11/24 09:02,"908 Adams St, San Francisco, CA 94016"
219574,AAA Batteries (4-pack),1,2.99,06/01/24 14:57,"990 South St, New York City, NY 10001"
219575,LG Dryer,1,600.0,06/06/24 23:37,"849 1st St, Portland, OR 97035"
219576,USB-C Charging Cable,1,11.95,06/06/24 11:43,"229 8th St, Seattle, WA 98101"
219577,Apple Airpods Headphones,1,150,06/09/24 14:25,"256 Main St, Austin, TX 73301"
219578,iPhone,1,700,06/15/24 17:32,"568 Adams St, Austin, TX 73301"
219579,34in Ultrawide Monitor,1,379.99,06/21/24 12:59,"507 5th St, Atlanta, GA 30301"
219580,34in Ultrawide Monitor,1,379.99,06/12/24 16:31,"412 Maple St, Los Angeles, CA 90001"
219581,34in Ultrawide Monitor,1,379.99,06/18/24 20:34,"573 Johnson St, New York City, NY 10001"
219582,USB-C Charging Cable,1,11.95,06/22/24 19:23,"584 North St, San Francisco, CA 94016"
219583,Vareebadd Phone,1,400,06/22/24 09:39,"47 Johnson St, Atlanta, GA 30301"
219583,Bose SoundSport Headphones,1,99.99,06/22/24 09:39,"47 Johnson St, Atlanta, GA 30301"
219584,27in FHD Monitor,1,149.99,06/05/24 08:44,"578 Walnut St, Dallas, TX 75001"
219585,AAA Batteries (4-pack),3,2.99,06/21/24 21:41,"678 12th St, Seattle, WA 98101"
219586,Flatscreen TV,1,300,06/12/24 14:25,"941 Pine St, Dallas, TX 75001"
219587,iPhone,1,700,06/10/24 21:10,"258 Adams St, Dallas, TX 75001"
219588,34in Ultrawide Monitor,1,379.99,06/17/24 04:17,"38 8th St, Atlanta, GA 30301"
219589,iPhone,1,700,06/19/24 01:16,"502 Dogwood St, Los Angeles, CA 90001"
219589,Lightning Charging Cable,1,14.95,06/19/24 01:16,"502 Dogwood St, Los Angeles, CA 90001"
219590,AA Batteries (4-pack),1,3.84,06/21/24 10:37,"368 8th St, Portland, OR 97035"
219591,Lightning Charging Cable,1,14.95,06/18/24 13:08,"448 4th St, Portland, ME 04101"
219592,AA Batteries (4-pack),1,3.84,06/28/24 23:34,"498 13th St, Austin, TX 73301"
219593,USB-C Charging Cable,1,11.95,06/12/24 17:59,"288 South St, Portland, ME 04101"
219594,27in FHD Monitor,1,149.99,06/23/24 11:26,"969 5th St, Los Angeles, CA 90001"
219595,USB-C Charging Cable,1,11.95,06/25/24 10:54,"511 14th St, New York City, NY 10001"
219596,iPhone,1,700,06/10/24 14:57,"205 River St, New York City, NY 10001"
219596,Lightning Charging Cable,1,14.95,06/10/24 14:57,"205 River St, New York City, NY 10001"
219596,Apple Airpods Headphones,1,150,06/10/24 14:57,"205 River St, New York City, NY 10001"
219597,USB-C Charging Cable,1,11.95,06/30/24 09:58,"38 South St, San Francisco, CA 94016"
219598,Bose SoundSport Headphones,1,99.99,06/09/24 13:03,"298 Willow St, San Francisco, CA 94016"
219599,iPhone,1,700,06/25/24 23:15,"704 14th St, New York City, NY 10001"
219600,Lightning Charging Cable,2,14.95,06/28/24 02:41,"449 Meadow St, Los Angeles, CA 90001"
219601,AA Batteries (4-pack),1,3.84,06/06/24 14:47,"447 Center St, Los Angeles, CA 90001"
219602,AA Batteries (4-pack),2,3.84,06/01/24 11:28,"23 Ridge St, San Francisco, CA 94016"
219603,Apple Airpods Headphones,1,150,06/06/24 19:01,"511 7th St, San Francisco, CA 94016"
219604,34in Ultrawide Monitor,1,379.99,06/14/24 09:47,"526 Cedar St, Los Angeles, CA 90001"
219605,AAA Batteries (4-pack),2,2.99,06/02/24 19:33,"593 Johnson St, Los Angeles, CA 90001"
219606,Google Phone,1,600,06/11/24 08:51,"528 Lincoln St, Atlanta, GA 30301"
219607,AA Batteries (4-pack),1,3.84,06/01/24 17:22,"815 Meadow St, San Francisco, CA 94016"
219608,ThinkPad Laptop,1,999.99,06/03/24 14:40,"658 Sunset St, San Francisco, CA 94016"
219609,AAA Batteries (4-pack),2,2.99,06/24/24 23:14,"850 Hickory St, San Francisco, CA 94016"
219610,Flatscreen TV,1,300,06/30/24 12:10,"759 4th St, Boston, MA 02215"
219611,USB-C Charging Cable,2,11.95,06/11/24 10:32,"407 10th St, San Francisco, CA 94016"
219612,AAA Batteries (4-pack),1,2.99,06/09/24 15:39,"380 Spruce St, San Francisco, CA 94016"
219613,USB-C Charging Cable,1,11.95,06/09/24 16:15,"219 Willow St, Portland, ME 04101"
219614,AA Batteries (4-pack),1,3.84,06/05/24 21:57,"472 Adams St, Seattle, WA 98101"
219615,Bose SoundSport Headphones,1,99.99,06/02/24 14:41,"121 Cherry St, Boston, MA 02215"
219616,27in FHD Monitor,1,149.99,06/26/24 20:41,"275 Ridge St, Dallas, TX 75001"
219617,Google Phone,1,600,06/21/24 08:11,"954 South St, Atlanta, GA 30301"
219618,USB-C Charging Cable,1,11.95,06/01/24 14:04,"444 8th St, Atlanta, GA 30301"
219619,Flatscreen TV,1,300,06/25/24 12:37,"195 Washington St, Dallas, TX 75001"
219620,Flatscreen TV,1,300,06/22/24 18:06,"224 West St, Austin, TX 73301"
219621,Bose SoundSport Headphones,1,99.99,06/08/24 17:46,"102 River St, Los Angeles, CA 90001"
219622,AAA Batteries (4-pack),2,2.99,06/05/24 10:50,"649 Main St, San Francisco, CA 94016"
219623,Vareebadd Phone,1,400,06/06/24 14:46,"889 Center St, San Francisco, CA 94016"
219624,27in 4K Gaming Monitor,1,389.99,06/06/24 17:48,"757 Sunset St, San Francisco, CA 94016"
219625,USB-C Charging Cable,1,11.95,06/16/24 15:36,"785 8th St, Los Angeles, CA 90001"
219626,Bose SoundSport Headphones,1,99.99,06/02/24 12:18,"498 Park St, San Francisco, CA 94016"
219627,ThinkPad Laptop,1,999.99,06/04/24 09:56,"406 5th St, Los Angeles, CA 90001"
219627,Wired Headphones,1,11.99,06/04/24 09:56,"406 5th St, Los Angeles, CA 90001"
219628,Apple Airpods Headphones,1,150,06/12/24 13:03,"140 Church St, New York City, NY 10001"
219629,AA Batteries (4-pack),1,3.84,06/16/24 18:03,"216 14th St, Seattle, WA 98101"
219630,Lightning Charging Cable,1,14.95,06/06/24 15:36,"787 Cedar St, Austin, TX 73301"
219631,USB-C Charging Cable,2,11.95,06/12/24 17:23,"563 Ridge St, San Francisco, CA 94016"
219631,USB-C Charging Cable,1,11.95,06/12/24 17:23,"563 Ridge St, San Francisco, CA 94016"
219632,AA Batteries (4-pack),1,3.84,06/12/24 19:10,"124 Johnson St, Boston, MA 02215"
219633,Lightning Charging Cable,1,14.95,06/06/24 15:41,"455 14th St, Atlanta, GA 30301"
219634,AAA Batteries (4-pack),5,2.99,06/19/24 12:34,"191 14th St, Los Angeles, CA 90001"
219635,27in 4K Gaming Monitor,1,389.99,06/26/24 14:14,"654 Johnson St, Dallas, TX 75001"
219636,27in FHD Monitor,1,149.99,06/14/24 18:16,"366 Forest St, Dallas, TX 75001"
219637,Apple Airpods Headphones,1,150,06/04/24 15:16,"713 Washington St, New York City, NY 10001"
219638,Apple Airpods Headphones,1,150,06/17/24 13:24,"233 River St, San Francisco, CA 94016"
219639,AA Batteries (4-pack),1,3.84,06/30/24 19:35,"12 6th St, Atlanta, GA 30301"
219640,AAA Batteries (4-pack),1,2.99,06/30/24 12:58,"434 Jefferson St, Austin, TX 73301"
219641,AA Batteries (4-pack),1,3.84,06/19/24 17:34,"404 Pine St, San Francisco, CA 94016"
219642,20in Monitor,1,109.99,06/13/24 10:11,"191 Madison St, New York City, NY 10001"
219643,Lightning Charging Cable,1,14.95,06/28/24 15:34,"621 Maple St, Austin, TX 73301"
219644,Bose SoundSport Headphones,1,99.99,06/11/24 13:46,"976 2nd St, Atlanta, GA 30301"
219645,AA Batteries (4-pack),2,3.84,06/29/24 12:03,"244 Adams St, Dallas, TX 75001"
219646,27in FHD Monitor,1,149.99,06/30/24 10:38,"66 Cherry St, Atlanta, GA 30301"
219647,Lightning Charging Cable,1,14.95,06/14/24 10:41,"144 2nd St, Dallas, TX 75001"
219648,Apple Airpods Headphones,1,150,06/07/24 03:14,"103 South St, Portland, OR 97035"
219649,AA Batteries (4-pack),1,3.84,06/02/24 12:04,"119 Dogwood St, New York City, NY 10001"
219650,USB-C Charging Cable,1,11.95,06/18/24 07:46,"800 Cedar St, San Francisco, CA 94016"
219651,Lightning Charging Cable,1,14.95,06/17/24 15:28,"284 Highland St, Los Angeles, CA 90001"
219652,20in Monitor,1,109.99,06/21/24 17:42,"408 North St, Los Angeles, CA 90001"
219653,Google Phone,1,600,06/30/24 12:47,"793 Center St, Los Angeles, CA 90001"
219654,27in FHD Monitor,1,149.99,06/02/24 16:33,"967 Hill St, Austin, TX 73301"
219655,AA Batteries (4-pack),1,3.84,06/10/24 13:04,"523 6th St, Los Angeles, CA 90001"
219656,AAA Batteries (4-pack),1,2.99,06/03/24 09:18,"414 West St, Dallas, TX 75001"
219657,Apple Airpods Headphones,1,150,06/25/24 19:15,"653 Park St, New York City, NY 10001"
219658,Wired Headphones,1,11.99,06/09/24 19:43,"337 Highland St, New York City, NY 10001"
219659,AA Batteries (4-pack),2,3.84,06/25/24 12:46,"373 Madison St, San Francisco, CA 94016"
219660,Apple Airpods Headphones,1,150,06/08/24 22:04,"146 Maple St, Atlanta, GA 30301"
219661,AAA Batteries (4-pack),1,2.99,06/08/24 03:33,"637 Meadow St, Portland, ME 04101"
219662,USB-C Charging Cable,2,11.95,06/26/24 14:39,"935 North St, Boston, MA 02215"
219663,Apple Airpods Headphones,1,150,06/13/24 20:03,"219 River St, Dallas, TX 75001"
219664,AA Batteries (4-pack),1,3.84,06/26/24 16:25,"759 Jefferson St, Los Angeles, CA 90001"
219665,AA Batteries (4-pack),2,3.84,06/15/24 15:50,"940 6th St, Boston, MA 02215"
219666,AA Batteries (4-pack),1,3.84,06/03/24 16:42,"597 Washington St, Atlanta, GA 30301"
219667,Lightning Charging Cable,1,14.95,06/02/24 17:09,"429 11th St, San Francisco, CA 94016"
219668,Wired Headphones,1,11.99,06/15/24 08:55,"220 Adams St, Austin, TX 73301"
219669,ThinkPad Laptop,1,999.99,06/25/24 07:51,"965 Jackson St, Seattle, WA 98101"
219670,AAA Batteries (4-pack),1,2.99,06/12/24 18:53,"514 8th St, Atlanta, GA 30301"
219671,Bose SoundSport Headphones,1,99.99,06/20/24 22:25,"954 12th St, San Francisco, CA 94016"
219672,Apple Airpods Headphones,1,150,06/30/24 13:19,"427 Willow St, San Francisco, CA 94016"
219673,AAA Batteries (4-pack),1,2.99,06/09/24 03:31,"198 Main St, Seattle, WA 98101"
219674,Flatscreen TV,1,300,06/29/24 21:02,"506 South St, San Francisco, CA 94016"
219675,Lightning Charging Cable,1,14.95,06/04/24 23:03,"38 Washington St, San Francisco, CA 94016"
219676,AA Batteries (4-pack),1,3.84,06/11/24 17:24,"235 Lake St, New York City, NY 10001"
219677,Lightning Charging Cable,1,14.95,06/28/24 22:46,"473 12th St, Dallas, TX 75001"
219678,Flatscreen TV,1,300,06/20/24 19:12,"526 Madison St, Boston, MA 02215"
219679,USB-C Charging Cable,3,11.95,06/01/24 18:22,"610 Lake St, Los Angeles, CA 90001"
219680,Lightning Charging Cable,2,14.95,06/14/24 08:30,"313 Cherry St, San Francisco, CA 94016"
219681,USB-C Charging Cable,1,11.95,06/28/24 06:29,"538 Hill St, Los Angeles, CA 90001"
219682,27in 4K Gaming Monitor,1,389.99,06/26/24 17:51,"336 Johnson St, San Francisco, CA 94016"
219683,USB-C Charging Cable,1,11.95,06/14/24 18:38,"803 Willow St, Los Angeles, CA 90001"
219684,Wired Headphones,1,11.99,06/22/24 11:18,"15 Walnut St, Dallas, TX 75001"
219685,AAA Batteries (4-pack),1,2.99,06/22/24 19:12,"376 North St, Portland, OR 97035"
219686,AAA Batteries (4-pack),1,2.99,06/15/24 11:33,"176 Main St, San Francisco, CA 94016"
219687,Google Phone,1,600,06/05/24 00:01,"139 9th St, Portland, OR 97035"
219688,Apple Airpods Headphones,1,150,06/17/24 00:58,"229 Spruce St, Los Angeles, CA 90001"
219689,Apple Airpods Headphones,1,150,06/17/24 18:31,"492 7th St, New York City, NY 10001"
219690,AA Batteries (4-pack),2,3.84,06/21/24 12:30,"468 Hickory St, San Francisco, CA 94016"
219691,Lightning Charging Cable,1,14.95,06/27/24 14:05,"151 Lakeview St, New York City, NY 10001"
219692,Bose SoundSport Headphones,1,99.99,06/03/24 20:12,"643 River St, New York City, NY 10001"
219693,20in Monitor,1,109.99,06/27/24 15:16,"385 Cherry St, San Francisco, CA 94016"
219694,AA Batteries (4-pack),1,3.84,06/03/24 17:15,"328 Adams St, San Francisco, CA 94016"
219695,AAA Batteries (4-pack),1,2.99,06/27/24 18:38,"956 Church St, New York City, NY 10001"
219696,AA Batteries (4-pack),1,3.84,06/07/24 14:17,"398 North St, Los Angeles, CA 90001"
219697,AA Batteries (4-pack),5,3.84,06/11/24 06:53,"369 South St, New York City, NY 10001"
219698,Apple Airpods Headphones,1,150,06/21/24 01:44,"31 Dogwood St, Seattle, WA 98101"
219699,Bose SoundSport Headphones,1,99.99,06/29/24 18:27,"389 Dogwood St, Atlanta, GA 30301"
219700,Bose SoundSport Headphones,1,99.99,06/08/24 09:45,"543 8th St, San Francisco, CA 94016"
219701,AAA Batteries (4-pack),1,2.99,06/30/24 00:26,"277 Church St, New York City, NY 10001"
219702,AAA Batteries (4-pack),3,2.99,06/11/24 18:02,"476 Willow St, Portland, ME 04101"
219703,AAA Batteries (4-pack),2,2.99,06/09/24 14:13,"4 Church St, Dallas, TX 75001"
219704,iPhone,1,700,06/02/24 19:32,"399 Hill St, San Francisco, CA 94016"
219705,Apple Airpods Headphones,1,150,06/06/24 09:41,"210 Main St, Boston, MA 02215"
219706,Flatscreen TV,1,300,06/20/24 06:59,"618 2nd St, San Francisco, CA 94016"
219707,Apple Airpods Headphones,1,150,06/09/24 02:58,"477 Highland St, Atlanta, GA 30301"
219708,34in Ultrawide Monitor,1,379.99,06/03/24 19:16,"4 Cedar St, Austin, TX 73301"
219709,AA Batteries (4-pack),2,3.84,06/15/24 12:43,"329 5th St, Seattle, WA 98101"
219710,AAA Batteries (4-pack),1,2.99,06/11/24 10:48,"968 1st St, Boston, MA 02215"
219711,Apple Airpods Headphones,1,150,06/28/24 04:59,"341 Highland St, Seattle, WA 98101"
219712,Lightning Charging Cable,1,14.95,06/12/24 17:42,"379 Maple St, Los Angeles, CA 90001"
219713,AAA Batteries (4-pack),1,2.99,06/23/24 16:16,"54 Forest St, New York City, NY 10001"
219714,34in Ultrawide Monitor,1,379.99,06/09/24 20:09,"249 Highland St, Portland, OR 97035"
219715,Wired Headphones,1,11.99,06/16/24 12:44,"65 Park St, Seattle, WA 98101"
219716,27in FHD Monitor,1,149.99,06/23/24 12:26,"104 5th St, San Francisco, CA 94016"
219717,Apple Airpods Headphones,1,150,06/15/24 10:22,"350 North St, San Francisco, CA 94016"
219718,AA Batteries (4-pack),1,3.84,06/17/24 10:55,"511 Maple St, San Francisco, CA 94016"
219719,27in 4K Gaming Monitor,1,389.99,06/19/24 09:46,"841 Washington St, Los Angeles, CA 90001"
219720,Apple Airpods Headphones,1,150,06/28/24 00:13,"572 Lake St, New York City, NY 10001"
219721,Bose SoundSport Headphones,1,99.99,06/25/24 18:27,"100 11th St, Seattle, WA 98101"
219722,Bose SoundSport Headphones,1,99.99,06/22/24 15:48,"865 5th St, Atlanta, GA 30301"
219723,Lightning Charging Cable,1,14.95,06/27/24 19:02,"201 Sunset St, San Francisco, CA 94016"
219724,AAA Batteries (4-pack),1,2.99,06/23/24 06:58,"571 West St, San Francisco, CA 94016"
219725,USB-C Charging Cable,1,11.95,06/25/24 16:57,"30 14th St, Boston, MA 02215"
219726,LG Dryer,1,600.0,06/24/24 20:27,"344 4th St, Los Angeles, CA 90001"
219727,AAA Batteries (4-pack),3,2.99,06/12/24 19:26,"961 Adams St, Atlanta, GA 30301"
219728,Lightning Charging Cable,1,14.95,06/24/24 23:48,"610 Center St, Austin, TX 73301"
219729,USB-C Charging Cable,1,11.95,06/22/24 08:43,"61 West St, Austin, TX 73301"
219730,AAA Batteries (4-pack),1,2.99,06/07/24 09:27,"532 5th St, New York City, NY 10001"
219731,Apple Airpods Headphones,1,150,06/14/24 22:15,"413 Ridge St, Los Angeles, CA 90001"
219732,AAA Batteries (4-pack),2,2.99,06/09/24 12:34,"33 Ridge St, Boston, MA 02215"
219733,Apple Airpods Headphones,1,150,06/26/24 21:11,"507 8th St, Dallas, TX 75001"
219734,Bose SoundSport Headphones,1,99.99,06/28/24 11:55,"846 West St, New York City, NY 10001"
219735,Lightning Charging Cable,1,14.95,06/25/24 09:43,"156 Hickory St, Los Angeles, CA 90001"
219736,Wired Headphones,1,11.99,06/28/24 12:41,"614 Ridge St, San Francisco, CA 94016"
219737,Flatscreen TV,1,300,06/13/24 22:11,"472 4th St, Atlanta, GA 30301"
219738,AA Batteries (4-pack),2,3.84,06/06/24 11:10,"668 Wilson St, San Francisco, CA 94016"
219739,Wired Headphones,1,11.99,06/15/24 22:07,"394 Cedar St, Dallas, TX 75001"
219740,Flatscreen TV,1,300,06/08/24 12:08,"248 Forest St, Portland, ME 04101"
219741,Wired Headphones,1,11.99,06/24/24 15:44,"392 Walnut St, Atlanta, GA 30301"
219742,Lightning Charging Cable,1,14.95,06/13/24 21:56,"755 Maple St, Dallas, TX 75001"
219743,27in 4K Gaming Monitor,1,389.99,06/06/24 14:46,"990 9th St, Dallas, TX 75001"
219744,Bose SoundSport Headphones,1,99.99,06/02/24 12:15,"181 9th St, Atlanta, GA 30301"
219745,USB-C Charging Cable,1,11.95,06/03/24 10:51,"342 7th St, Portland, OR 97035"
219746,USB-C Charging Cable,1,11.95,06/17/24 20:53,"700 10th St, Portland, ME 04101"
219747,27in FHD Monitor,1,149.99,06/21/24 10:32,"20 5th St, Atlanta, GA 30301"
219748,USB-C Charging Cable,1,11.95,06/11/24 00:50,"412 9th St, New York City, NY 10001"
219749,AA Batteries (4-pack),1,3.84,06/29/24 01:23,"983 Dogwood St, Los Angeles, CA 90001"
219750,Bose SoundSport Headphones,1,99.99,06/04/24 22:07,"321 Chestnut St, New York City, NY 10001"
219751,Vareebadd Phone,1,400,06/01/24 15:44,"887 4th St, Austin, TX 73301"
219751,USB-C Charging Cable,1,11.95,06/01/24 15:44,"887 4th St, Austin, TX 73301"
219752,Lightning Charging Cable,1,14.95,06/25/24 22:52,"980 Madison St, San Francisco, CA 94016"
219753,AA Batteries (4-pack),1,3.84,06/01/24 20:11,"913 8th St, Dallas, TX 75001"
219754,Bose SoundSport Headphones,1,99.99,06/23/24 18:15,"287 Church St, New York City, NY 10001"
219755,20in Monitor,1,109.99,06/30/24 00:04,"577 West St, New York City, NY 10001"
219756,Wired Headphones,1,11.99,06/09/24 10:57,"255 Spruce St, San Francisco, CA 94016"
219757,Apple Airpods Headphones,1,150,06/08/24 10:29,"138 Cherry St, Los Angeles, CA 90001"
219758,AA Batteries (4-pack),1,3.84,06/12/24 20:07,"773 Jefferson St, San Francisco, CA 94016"
219759,USB-C Charging Cable,1,11.95,06/05/24 15:22,"651 8th St, Los Angeles, CA 90001"
219760,USB-C Charging Cable,1,11.95,06/21/24 23:26,"515 11th St, Los Angeles, CA 90001"
219761,AAA Batteries (4-pack),3,2.99,06/02/24 09:01,"770 Hill St, Boston, MA 02215"
219762,AA Batteries (4-pack),3,3.84,06/11/24 15:30,"412 Elm St, Austin, TX 73301"
219763,34in Ultrawide Monitor,1,379.99,06/01/24 22:05,"420 Center St, New York City, NY 10001"
219764,20in Monitor,1,109.99,06/14/24 14:54,"919 Meadow St, San Francisco, CA 94016"
219765,Apple Airpods Headphones,1,150,06/10/24 17:22,"122 South St, Portland, OR 97035"
219766,Google Phone,1,600,06/22/24 13:44,"323 10th St, Dallas, TX 75001"
219766,USB-C Charging Cable,1,11.95,06/22/24 13:44,"323 10th St, Dallas, TX 75001"
219767,Apple Airpods Headphones,1,150,06/03/24 07:53,"506 Main St, Dallas, TX 75001"
219768,USB-C Charging Cable,1,11.95,06/06/24 18:50,"47 Cedar St, New York City, NY 10001"
219769,Apple Airpods Headphones,1,150,06/23/24 18:51,"41 Cedar St, New York City, NY 10001"
219770,USB-C Charging Cable,1,11.95,06/03/24 07:22,"727 Park St, Atlanta, GA 30301"
219771,USB-C Charging Cable,1,11.95,06/20/24 14:03,"197 2nd St, San Francisco, CA 94016"
219772,Wired Headphones,1,11.99,06/10/24 19:24,"273 Highland St, San Francisco, CA 94016"
219773,AAA Batteries (4-pack),1,2.99,06/06/24 19:03,"196 1st St, Boston, MA 02215"
219774,34in Ultrawide Monitor,1,379.99,06/16/24 08:33,"332 9th St, San Francisco, CA 94016"
219775,AAA Batteries (4-pack),2,2.99,06/16/24 21:56,"619 Cherry St, Los Angeles, CA 90001"
219776,Bose SoundSport Headphones,1,99.99,06/19/24 11:31,"623 7th St, Seattle, WA 98101"
219777,USB-C Charging Cable,1,11.95,06/05/24 17:18,"368 5th St, San Francisco, CA 94016"
219778,Bose SoundSport Headphones,1,99.99,06/05/24 14:44,"267 Spruce St, Los Angeles, CA 90001"
219779,Lightning Charging Cable,1,14.95,06/24/24 12:48,"591 12th St, Dallas, TX 75001"
219780,34in Ultrawide Monitor,1,379.99,06/06/24 17:53,"645 Meadow St, Boston, MA 02215"
219781,27in FHD Monitor,1,149.99,06/11/24 09:42,"337 Walnut St, Los Angeles, CA 90001"
219782,iPhone,1,700,06/08/24 16:00,"376 Johnson St, Seattle, WA 98101"
219782,Lightning Charging Cable,1,14.95,06/08/24 16:00,"376 Johnson St, Seattle, WA 98101"
219783,27in FHD Monitor,1,149.99,06/28/24 00:45,"209 South St, Austin, TX 73301"
219784,Bose SoundSport Headphones,1,99.99,06/30/24 13:53,"670 Lakeview St, Austin, TX 73301"
219785,Apple Airpods Headphones,1,150,06/01/24 19:47,"189 4th St, Atlanta, GA 30301"
219786,Bose SoundSport Headphones,1,99.99,06/23/24 08:10,"98 5th St, New York City, NY 10001"
219787,27in FHD Monitor,1,149.99,06/17/24 08:24,"536 Ridge St, San Francisco, CA 94016"
219788,Apple Airpods Headphones,1,150,06/10/24 16:40,"772 14th St, Austin, TX 73301"
219789,Wired Headphones,1,11.99,06/09/24 10:36,"532 11th St, Boston, MA 02215"
219790,Flatscreen TV,1,300,06/13/24 10:05,"901 8th St, Atlanta, GA 30301"
219791,Bose SoundSport Headphones,1,99.99,06/08/24 11:31,"335 River St, Portland, OR 97035"
219792,27in 4K Gaming Monitor,1,389.99,06/24/24 15:27,"189 Lake St, San Francisco, CA 94016"
219793,Lightning Charging Cable,1,14.95,06/08/24 01:03,"166 Highland St, Dallas, TX 75001"
219794,Google Phone,1,600,06/29/24 19:31,"866 Walnut St, Atlanta, GA 30301"
219795,USB-C Charging Cable,1,11.95,06/23/24 09:16,"633 Cherry St, Los Angeles, CA 90001"
219796,Bose SoundSport Headphones,1,99.99,06/26/24 16:28,"233 Cedar St, San Francisco, CA 94016"
219797,USB-C Charging Cable,1,11.95,06/18/24 21:26,"119 West St, Portland, OR 97035"
219798,Apple Airpods Headphones,1,150,06/08/24 17:12,"76 Spruce St, Los Angeles, CA 90001"
219799,AAA Batteries (4-pack),1,2.99,06/23/24 22:47,"606 Park St, Dallas, TX 75001"
219800,AA Batteries (4-pack),1,3.84,06/22/24 21:50,"210 Willow St, Los Angeles, CA 90001"
219801,AAA Batteries (4-pack),1,2.99,06/20/24 20:48,"253 Hickory St, New York City, NY 10001"
219802,USB-C Charging Cable,1,11.95,06/20/24 22:50,"793 Hill St, San Francisco, CA 94016"
219803,Wired Headphones,1,11.99,06/08/24 07:04,"954 2nd St, Los Angeles, CA 90001"
219804,USB-C Charging Cable,1,11.95,06/04/24 09:45,"680 Pine St, San Francisco, CA 94016"
219805,USB-C Charging Cable,1,11.95,06/16/24 18:39,"143 River St, San Francisco, CA 94016"
219806,USB-C Charging Cable,1,11.95,06/30/24 08:34,"521 West St, Los Angeles, CA 90001"
219807,Lightning Charging Cable,1,14.95,06/30/24 21:00,"382 10th St, New York City, NY 10001"
219808,Lightning Charging Cable,1,14.95,06/10/24 20:01,"859 West St, San Francisco, CA 94016"
219809,AA Batteries (4-pack),1,3.84,06/16/24 19:42,"814 Jackson St, Austin, TX 73301"
219810,Apple Airpods Headphones,1,150,06/05/24 23:15,"553 7th St, Los Angeles, CA 90001"
219811,Wired Headphones,1,11.99,06/20/24 21:36,"939 Meadow St, Austin, TX 73301"
219812,Lightning Charging Cable,2,14.95,06/25/24 01:30,"250 13th St, Austin, TX 73301"
219813,Apple Airpods Headphones,1,150,06/15/24 21:48,"34 Main St, San Francisco, CA 94016"
219814,34in Ultrawide Monitor,1,379.99,06/06/24 20:55,"172 7th St, San Francisco, CA 94016"
219815,Apple Airpods Headphones,1,150,06/17/24 09:01,"819 Walnut St, New York City, NY 10001"
219816,27in FHD Monitor,1,149.99,06/09/24 07:58,"847 Dogwood St, Atlanta, GA 30301"
219817,Lightning Charging Cable,2,14.95,07/01/24 00:31,"292 Cherry St, Los Angeles, CA 90001"
219818,Google Phone,1,600,06/08/24 17:37,"619 Jefferson St, Seattle, WA 98101"
219818,USB-C Charging Cable,1,11.95,06/08/24 17:37,"619 Jefferson St, Seattle, WA 98101"
219819,USB-C Charging Cable,1,11.95,06/03/24 21:03,"71 Church St, Dallas, TX 75001"
219820,AAA Batteries (4-pack),1,2.99,06/18/24 17:59,"748 Willow St, Seattle, WA 98101"
219821,USB-C Charging Cable,2,11.95,06/13/24 17:07,"599 Elm St, San Francisco, CA 94016"
219822,27in FHD Monitor,1,149.99,06/22/24 19:11,"279 Wilson St, San Francisco, CA 94016"
219823,20in Monitor,1,109.99,06/20/24 05:31,"29 Chestnut St, New York City, NY 10001"
219824,Macbook Pro Laptop,1,1700,06/05/24 22:04,"280 Highland St, Los Angeles, CA 90001"
219825,Wired Headphones,1,11.99,06/11/24 08:25,"757 2nd St, Los Angeles, CA 90001"
219826,34in Ultrawide Monitor,1,379.99,06/21/24 20:40,"386 Spruce St, Atlanta, GA 30301"
219827,Wired Headphones,1,11.99,06/29/24 14:17,"148 Elm St, Boston, MA 02215"
219828,Macbook Pro Laptop,1,1700,06/14/24 01:15,"58 Dogwood St, Los Angeles, CA 90001"
219829,Flatscreen TV,1,300,06/09/24 17:04,"612 Main St, Dallas, TX 75001"
219830,Bose SoundSport Headphones,1,99.99,06/09/24 14:52,"360 Jackson St, San Francisco, CA 94016"
219831,iPhone,1,700,06/07/24 14:54,"425 North St, Dallas, TX 75001"
219832,AAA Batteries (4-pack),2,2.99,06/14/24 08:00,"244 Forest St, Los Angeles, CA 90001"
219833,Wired Headphones,1,11.99,06/06/24 12:06,"945 Meadow St, San Francisco, CA 94016"
219834,Wired Headphones,1,11.99,06/15/24 19:29,"41 Spruce St, Los Angeles, CA 90001"
219835,Lightning Charging Cable,1,14.95,06/29/24 15:34,"860 River St, Los Angeles, CA 90001"
219836,USB-C Charging Cable,1,11.95,06/07/24 18:12,"383 11th St, New York City, NY 10001"
219837,Flatscreen TV,1,300,06/16/24 06:59,"724 Hickory St, New York City, NY 10001"
219838,AA Batteries (4-pack),1,3.84,06/21/24 12:57,"627 Spruce St, New York City, NY 10001"
219839,27in 4K Gaming Monitor,1,389.99,06/04/24 19:22,"365 Meadow St, Boston, MA 02215"
219840,iPhone,1,700,06/15/24 11:07,"69 Chestnut St, Dallas, TX 75001"
219841,27in 4K Gaming Monitor,1,389.99,06/11/24 10:07,"440 4th St, Seattle, WA 98101"
219842,USB-C Charging Cable,1,11.95,06/08/24 18:40,"770 Maple St, New York City, NY 10001"
219843,Lightning Charging Cable,2,14.95,06/29/24 11:15,"378 Sunset St, Atlanta, GA 30301"
219844,Bose SoundSport Headphones,1,99.99,06/23/24 08:20,"153 Hill St, San Francisco, CA 94016"
219845,Apple Airpods Headphones,1,150,06/25/24 17:43,"615 8th St, New York City, NY 10001"
219846,AA Batteries (4-pack),2,3.84,06/20/24 11:07,"139 Pine St, San Francisco, CA 94016"
219847,Macbook Pro Laptop,1,1700,06/11/24 19:09,"193 1st St, Portland, OR 97035"
219848,34in Ultrawide Monitor,1,379.99,06/21/24 08:31,"911 Maple St, Seattle, WA 98101"
219849,Google Phone,1,600,06/16/24 20:39,"388 Main St, Los Angeles, CA 90001"
219850,AA Batteries (4-pack),1,3.84,06/30/24 11:58,"616 8th St, Seattle, WA 98101"
219851,Bose SoundSport Headphones,1,99.99,06/23/24 17:46,"815 River St, Austin, TX 73301"
219852,27in 4K Gaming Monitor,1,389.99,06/04/24 17:49,"157 14th St, Austin, TX 73301"
219853,ThinkPad Laptop,1,999.99,06/14/24 20:16,"531 Cherry St, Portland, OR 97035"
219854,AA Batteries (4-pack),2,3.84,06/24/24 18:24,"596 14th St, Austin, TX 73301"
219855,AA Batteries (4-pack),2,3.84,06/26/24 21:53,"800 Washington St, Los Angeles, CA 90001"
219856,Lightning Charging Cable,1,14.95,06/23/24 11:23,"954 Dogwood St, Boston, MA 02215"
219857,Wired Headphones,1,11.99,06/19/24 16:36,"106 4th St, Los Angeles, CA 90001"
219858,AAA Batteries (4-pack),1,2.99,06/10/24 22:21,"164 1st St, Los Angeles, CA 90001"
219859,iPhone,1,700,06/14/24 19:09,"794 Chestnut St, Portland, OR 97035"
219860,Lightning Charging Cable,1,14.95,06/19/24 20:02,"497 1st St, Seattle, WA 98101"
219861,Bose SoundSport Headphones,1,99.99,06/14/24 11:09,"845 Willow St, Portland, OR 97035"
219862,AAA Batteries (4-pack),1,2.99,06/22/24 12:06,"699 10th St, San Francisco, CA 94016"
219863,Bose SoundSport Headphones,1,99.99,06/30/24 19:49,"969 River St, New York City, NY 10001"
219864,AA Batteries (4-pack),1,3.84,06/24/24 22:01,"483 12th St, Los Angeles, CA 90001"
219865,AAA Batteries (4-pack),1,2.99,06/24/24 19:36,"950 North St, New York City, NY 10001"
219866,iPhone,1,700,06/30/24 14:03,"804 Church St, San Francisco, CA 94016"
219867,Apple Airpods Headphones,1,150,06/05/24 13:51,"640 Lake St, Dallas, TX 75001"
219868,Wired Headphones,1,11.99,06/25/24 09:29,"824 North St, San Francisco, CA 94016"
219869,34in Ultrawide Monitor,1,379.99,06/13/24 11:50,"978 Wilson St, San Francisco, CA 94016"
219870,USB-C Charging Cable,1,11.95,06/27/24 11:17,"797 7th St, Seattle, WA 98101"
219871,AAA Batteries (4-pack),2,2.99,06/11/24 05:44,"980 Jefferson St, New York City, NY 10001"
219872,Wired Headphones,1,11.99,06/27/24 13:49,"846 9th St, Seattle, WA 98101"
219873,AAA Batteries (4-pack),1,2.99,06/18/24 09:42,"838 12th St, Los Angeles, CA 90001"
219874,USB-C Charging Cable,1,11.95,06/13/24 06:40,"925 Chestnut St, Atlanta, GA 30301"
219875,Wired Headphones,1,11.99,06/13/24 12:07,"692 9th St, Boston, MA 02215"
219876,Apple Airpods Headphones,1,150,06/12/24 00:45,"693 Spruce St, Dallas, TX 75001"
219877,Lightning Charging Cable,1,14.95,06/19/24 12:38,"637 Park St, Dallas, TX 75001"
219878,ThinkPad Laptop,1,999.99,06/10/24 19:05,"692 Lake St, Boston, MA 02215"
Order ID,Product,Quantity Ordered,Price Each,Order Date,Purchase Address
219879,Lightning Charging Cable,1,14.95,06/10/24 13:26,"12 13th St, Boston, MA 02215"
219880,AA Batteries (4-pack),1,3.84,06/21/24 17:41,"928 12th St, San Francisco, CA 94016"
219881,Lightning Charging Cable,1,14.95,06/27/24 21:32,"45 Meadow St, San Francisco, CA 94016"
219882,AAA Batteries (4-pack),1,2.99,06/14/24 20:28,"656 9th St, Boston, MA 02215"
219883,AAA Batteries (4-pack),1,2.99,06/17/24 19:32,"305 Park St, Boston, MA 02215"
219884,Wired Headphones,2,11.99,06/03/24 11:40,"594 Hill St, Boston, MA 02215"
219885,20in Monitor,1,109.99,06/28/24 14:33,"381 Hickory St, Dallas, TX 75001"
219886,USB-C Charging Cable,1,11.95,06/26/24 14:04,"812 Hill St, Los Angeles, CA 90001"
219887,Lightning Charging Cable,1,14.95,06/18/24 20:20,"486 1st St, New York City, NY 10001"
219888,Lightning Charging Cable,1,14.95,06/29/24 23:31,"704 6th St, Austin, TX 73301"
219889,34in Ultrawide Monitor,1,379.99,06/27/24 09:08,"57 Maple St, New York City, NY 10001"
219890,Lightning Charging Cable,1,14.95,06/21/24 10:41,"829 Chestnut St, San Francisco, CA 94016"
219891,Google Phone,1,600,06/07/24 14:54,"445 River St, Dallas, TX 75001"
219892,Lightning Charging Cable,1,14.95,06/06/24 14:50,"353 Wilson St, New York City, NY 10001"
219893,USB-C Charging Cable,1,11.95,06/16/24 22:42,"338 Adams St, Austin, TX 73301"
219894,AAA Batteries (4-pack),2,2.99,06/22/24 15:50,"490 Maple St, New York City, NY 10001"
219895,27in 4K Gaming Monitor,1,389.99,06/04/24 20:32,"848 7th St, Seattle, WA 98101"
219896,Lightning Charging Cable,1,14.95,06/18/24 13:26,"636 13th St, Austin, TX 73301"
219897,Wired Headphones,1,11.99,06/29/24 15:45,"496 Sunset St, Seattle, WA 98101"
219898,Wired Headphones,1,11.99,06/15/24 08:34,"50 6th St, Boston, MA 02215"
219899,USB-C Charging Cable,1,11.95,06/14/24 11:06,"672 12th St, Atlanta, GA 30301"
219900,Apple Airpods Headphones,1,150,06/06/24 11:35,"659 7th St, Los Angeles, CA 90001"
219901,Apple Airpods Headphones,1,150,06/08/24 20:13,"899 West St, Los Angeles, CA 90001"
219902,USB-C Charging Cable,1,11.95,06/17/24 14:37,"181 Lakeview St, Boston, MA 02215"
219903,AA Batteries (4-pack),3,3.84,06/09/24 12:14,"954 Maple St, Portland, ME 04101"
219904,iPhone,1,700,06/28/24 16:28,"79 12th St, Atlanta, GA 30301"
219904,Lightning Charging Cable,1,14.95,06/28/24 16:28,"79 12th St, Atlanta, GA 30301"
219905,AA Batteries (4-pack),1,3.84,06/09/24 11:13,"843 Wilson St, San Francisco, CA 94016"
219906,Lightning Charging Cable,1,14.95,06/06/24 10:25,"338 Lincoln St, Boston, MA 02215"
219907,ThinkPad Laptop,1,999.99,06/24/24 17:55,"240 Park St, Boston, MA 02215"
219908,AAA Batteries (4-pack),2,2.99,06/05/24 09:16,"93 Ridge St, San Francisco, CA 94016"
219909,27in FHD Monitor,1,149.99,06/04/24 12:31,"926 14th St, New York City, NY 10001"
219910,USB-C Charging Cable,1,11.95,06/01/24 16:59,"296 Church St, Atlanta, GA 30301"
219911,Apple Airpods Headphones,1,150,06/01/24 23:50,"208 Center St, San Francisco, CA 94016"
219912,AA Batteries (4-pack),1,3.84,06/21/24 16:49,"981 Hill St, Austin, TX 73301"
219913,AAA Batteries (4-pack),1,2.99,06/01/24 20:17,"255 South St, San Francisco, CA 94016"
219914,Flatscreen TV,1,300,06/15/24 23:42,"471 North St, Dallas, TX 75001"
219915,Bose SoundSport Headphones,1,99.99,06/22/24 20:54,"213 10th St, Los Angeles, CA 90001"
219916,Apple Airpods Headphones,1,150,06/14/24 09:58,"416 Center St, Austin, TX 73301"
219917,USB-C Charging Cable,1,11.95,06/01/24 08:59,"905 Highland St, Portland, ME 04101"
219918,AA Batteries (4-pack),5,3.84,06/27/24 17:56,"203 River St, New York City, NY 10001"
219919,Flatscreen TV,1,300,06/23/24 20:30,"83 River St, Boston, MA 02215"
219920,34in Ultrawide Monitor,1,379.99,06/06/24 09:17,"214 Maple St, New York City, NY 10001"
219921,Wired Headphones,1,11.99,06/21/24 22:08,"384 Hill St, Atlanta, GA 30301"
219922,USB-C Charging Cable,1,11.95,06/26/24 18:49,"167 Spruce St, Seattle, WA 98101"
219923,Lightning Charging Cable,1,14.95,06/06/24 08:40,"360 Spruce St, San Francisco, CA 94016"
219924,USB-C Charging Cable,1,11.95,06/14/24 12:40,"190 Main St, Dallas, TX 75001"
219925,USB-C Charging Cable,1,11.95,06/05/24 12:37,"857 Cedar St, Atlanta, GA 30301"
219926,27in 4K Gaming Monitor,1,389.99,06/03/24 22:37,"848 Center St, Los Angeles, CA 90001"
219927,Bose SoundSport Headphones,1,99.99,06/14/24 19:09,"563 Washington St, Dallas, TX 75001"
219928,20in Monitor,1,109.99,06/23/24 12:35,"843 Forest St, Boston, MA 02215"
219929,Bose SoundSport Headphones,1,99.99,06/13/24 12:39,"671 9th St, Los Angeles, CA 90001"
219930,Apple Airpods Headphones,1,150,06/29/24 19:08,"859 11th St, Los Angeles, CA 90001"
219931,Google Phone,1,600,06/04/24 10:46,"471 Madison St, Seattle, WA 98101"
219932,USB-C Charging Cable,1,11.95,06/24/24 18:42,"848 1st St, Boston, MA 02215"
219933,iPhone,1,700,06/07/24 14:10,"347 Lakeview St, San Francisco, CA 94016"
219934,Bose SoundSport Headphones,1,99.99,06/18/24 17:42,"313 6th St, San Francisco, CA 94016"
219935,Lightning Charging Cable,1,14.95,06/17/24 15:16,"159 Willow St, Los Angeles, CA 90001"
219936,Apple Airpods Headphones,1,150,06/16/24 02:02,"716 River St, Austin, TX 73301"
219937,Apple Airpods Headphones,1,150,06/08/24 16:05,"810 6th St, Boston, MA 02215"
219938,Vareebadd Phone,1,400,06/11/24 09:22,"297 Washington St, Boston, MA 02215"
219939,27in FHD Monitor,1,149.99,06/11/24 10:52,"715 South St, New York City, NY 10001"
219940,AAA Batteries (4-pack),3,2.99,06/03/24 10:22,"999 Willow St, Boston, MA 02215"
219941,AA Batteries (4-pack),2,3.84,06/10/24 12:28,"997 Park St, San Francisco, CA 94016"
219942,USB-C Charging Cable,1,11.95,06/02/24 21:46,"83 Walnut St, Los Angeles, CA 90001"
219943,AA Batteries (4-pack),1,3.84,06/02/24 12:19,"152 Spruce St, San Francisco, CA 94016"
219944,USB-C Charging Cable,1,11.95,06/13/24 18:32,"567 North St, Seattle, WA 98101"
219945,AAA Batteries (4-pack),1,2.99,06/04/24 14:18,"151 Ridge St, San Francisco, CA 94016"
219946,Bose SoundSport Headphones,1,99.99,06/24/24 14:44,"545 6th St, New York City, NY 10001"
219947,Apple Airpods Headphones,1,150,06/19/24 22:50,"485 2nd St, New York City, NY 10001"
219948,USB-C Charging Cable,1,11.95,06/21/24 17:50,"211 Cedar St, San Francisco, CA 94016"
219949,Google Phone,1,600,06/19/24 22:54,"524 Washington St, Austin, TX 73301"
219950,Flatscreen TV,1,300,06/11/24 12:45,"357 Elm St, Austin, TX 73301"
219950,AAA Batteries (4-pack),3,2.99,06/11/24 12:45,"357 Elm St, Austin, TX 73301"
219951,AA Batteries (4-pack),2,3.84,06/25/24 20:01,"688 West St, Seattle, WA 98101"
219952,27in 4K Gaming Monitor,1,389.99,06/28/24 15:40,"580 5th St, San Francisco, CA 94016"
219953,Lightning Charging Cable,2,14.95,06/15/24 20:34,"948 Washington St, Atlanta, GA 30301"
219954,ThinkPad Laptop,1,999.99,06/17/24 20:08,"805 Spruce St, Boston, MA 02215"
219955,Bose SoundSport Headphones,1,99.99,06/04/24 11:47,"695 Ridge St, Atlanta, GA 30301"
219956,AA Batteries (4-pack),1,3.84,06/07/24 19:02,"886 Hickory St, San Francisco, CA 94016"
219956,Lightning Charging Cable,1,14.95,06/07/24 19:02,"886 Hickory St, San Francisco, CA 94016"
219957,Wired Headphones,1,11.99,06/10/24 10:11,"65 Lakeview St, Seattle, WA 98101"
219958,AA Batteries (4-pack),1,3.84,06/02/24 21:52,"307 Ridge St, New York City, NY 10001"
219959,AAA Batteries (4-pack),3,2.99,06/30/24 16:00,"945 Lake St, Portland, OR 97035"
219960,Lightning Charging Cable,1,14.95,06/18/24 14:32,"688 Lincoln St, Atlanta, GA 30301"
219961,USB-C Charging Cable,1,11.95,06/01/24 21:01,"845 10th St, Portland, ME 04101"
219962,AAA Batteries (4-pack),1,2.99,06/27/24 21:07,"8 Jefferson St, Los Angeles, CA 90001"
219963,USB-C Charging Cable,1,11.95,06/04/24 11:03,"905 South St, Boston, MA 02215"
219964,Lightning Charging Cable,1,14.95,06/19/24 00:26,"352 2nd St, San Francisco, CA 94016"
219965,iPhone,1,700,06/08/24 17:42,"170 2nd St, San Francisco, CA 94016"
219966,34in Ultrawide Monitor,1,379.99,06/12/24 10:36,"571 Walnut St, Austin, TX 73301"
219967,Bose SoundSport Headphones,1,99.99,06/15/24 09:00,"712 Highland St, Atlanta, GA 30301"
219968,27in 4K Gaming Monitor,1,389.99,06/01/24 16:34,"255 Sunset St, Portland, OR 97035"
219969,USB-C Charging Cable,1,11.95,06/10/24 11:12,"971 5th St, New York City, NY 10001"
219970,Lightning Charging Cable,1,14.95,06/08/24 12:05,"975 Highland St, New York City, NY 10001"
219971,Bose SoundSport Headphones,1,99.99,06/17/24 12:14,"919 Elm St, Boston, MA 02215"
219972,AA Batteries (4-pack),1,3.84,06/12/24 23:45,"869 River St, Los Angeles, CA 90001"
219973,Google Phone,1,600,06/01/24 19:49,"579 Jefferson St, Los Angeles, CA 90001"
219974,Apple Airpods Headphones,1,150,06/18/24 20:35,"498 Lakeview St, New York City, NY 10001"
219975,Lightning Charging Cable,1,14.95,06/20/24 01:53,"540 5th St, San Francisco, CA 94016"
219976,Vareebadd Phone,1,400,06/23/24 13:19,"439 Madison St, Seattle, WA 98101"
219977,Lightning Charging Cable,1,14.95,06/21/24 09:24,"797 8th St, San Francisco, CA 94016"
219978,Lightning Charging Cable,1,14.95,06/06/24 14:39,"805 7th St, New York City, NY 10001"
219979,27in FHD Monitor,1,149.99,06/22/24 15:58,"786 9th St, Portland, OR 97035"
219980,AAA Batteries (4-pack),1,2.99,06/06/24 20:37,"850 9th St, San Francisco, CA 94016"
219981,Bose SoundSport Headphones,1,99.99,06/28/24 09:10,"859 Hickory St, Boston, MA 02215"
219982,AAA Batteries (4-pack),3,2.99,06/03/24 11:34,"322 1st St, New York City, NY 10001"
219983,Apple Airpods Headphones,1,150,06/18/24 20:04,"807 Meadow St, Atlanta, GA 30301"
219984,Lightning Charging Cable,2,14.95,06/07/24 01:31,"474 Hickory St, Los Angeles, CA 90001"
219985,Wired Headphones,1,11.99,06/19/24 21:29,"456 Chestnut St, Boston, MA 02215"
219986,Wired Headphones,1,11.99,06/09/24 09:55,"503 5th St, Atlanta, GA 30301"
219987,Wired Headphones,1,11.99,06/05/24 11:47,"626 4th St, Seattle, WA 98101"
219988,Apple Airpods Headphones,1,150,06/15/24 14:39,"192 Washington St, Los Angeles, CA 90001"
219989,Lightning Charging Cable,1,14.95,06/21/24 15:48,"565 7th St, Dallas, TX 75001"
219990,AAA Batteries (4-pack),1,2.99,06/11/24 01:29,"757 Forest St, New York City, NY 10001"
219991,Lightning Charging Cable,1,14.95,06/29/24 22:52,"100 Church St, San Francisco, CA 94016"
219992,AA Batteries (4-pack),2,3.84,06/26/24 18:13,"829 14th St, New York City, NY 10001"
219993,iPhone,1,700,06/28/24 14:40,"528 Spruce St, Boston, MA 02215"
219994,Flatscreen TV,1,300,06/08/24 06:34,"679 Cedar St, San Francisco, CA 94016"
219995,iPhone,1,700,06/01/24 20:18,"130 Park St, Los Angeles, CA 90001"
219996,AA Batteries (4-pack),3,3.84,06/26/24 08:35,"396 Lincoln St, New York City, NY 10001"
219997,Wired Headphones,1,11.99,06/21/24 13:23,"715 Highland St, Austin, TX 73301"
219998,27in FHD Monitor,1,149.99,06/10/24 09:16,"330 Wilson St, New York City, NY 10001"
219999,Lightning Charging Cable,1,14.95,06/08/24 02:21,"477 Lake St, Atlanta, GA 30301"
220000,Lightning Charging Cable,1,14.95,06/27/24 08:31,"881 10th St, Atlanta, GA 30301"
220001,Lightning Charging Cable,1,14.95,06/26/24 21:53,"999 Jackson St, New York City, NY 10001"
220002,Lightning Charging Cable,1,14.95,06/26/24 22:57,"307 West St, New York City, NY 10001"
220003,AA Batteries (4-pack),2,3.84,06/08/24 14:48,"27 13th St, Seattle, WA 98101"
220004,27in FHD Monitor,1,149.99,06/05/24 20:09,"183 Pine St, Seattle, WA 98101"
220005,AAA Batteries (4-pack),2,2.99,06/15/24 13:40,"951 6th St, New York City, NY 10001"
220006,AA Batteries (4-pack),1,3.84,06/12/24 10:28,"86 Willow St, New York City, NY 10001"
220007,USB-C Charging Cable,1,11.95,06/22/24 08:51,"368 2nd St, New York City, NY 10001"
220008,Lightning Charging Cable,1,14.95,06/12/24 19:32,"720 Elm St, New York City, NY 10001"
220009,34in Ultrawide Monitor,1,379.99,06/02/24 17:34,"601 10th St, Seattle, WA 98101"
220010,Lightning Charging Cable,1,14.95,06/02/24 13:00,"591 Willow St, Atlanta, GA 30301"
220011,Lightning Charging Cable,1,14.95,06/07/24 07:26,"642 8th St, Boston, MA 02215"
220012,Bose SoundSport Headphones,1,99.99,06/22/24 10:32,"295 Hill St, Seattle, WA 98101"
220013,Google Phone,1,600,06/27/24 16:59,"79 4th St, San Francisco, CA 94016"
220013,Bose SoundSport Headphones,1,99.99,06/27/24 16:59,"79 4th St, San Francisco, CA 94016"
220013,27in FHD Monitor,1,149.99,06/27/24 16:59,"79 4th St, San Francisco, CA 94016"
220014,Flatscreen TV,1,300,06/02/24 22:47,"503 Madison St, Los Angeles, CA 90001"
220015,Lightning Charging Cable,1,14.95,06/17/24 14:42,"731 Forest St, Atlanta, GA 30301"
220016,AA Batteries (4-pack),3,3.84,06/25/24 08:43,"836 Pine St, Dallas, TX 75001"
220017,AAA Batteries (4-pack),1,2.99,06/22/24 12:52,"751 Jefferson St, Portland, ME 04101"
220018,AAA Batteries (4-pack),1,2.99,06/25/24 22:50,"337 11th St, Seattle, WA 98101"
220019,20in Monitor,1,109.99,06/10/24 15:25,"330 West St, Los Angeles, CA 90001"
220020,Bose SoundSport Headphones,1,99.99,06/28/24 16:10,"697 West St, Seattle, WA 98101"
220021,USB-C Charging Cable,1,11.95,06/17/24 14:32,"992 Park St, New York City, NY 10001"
220022,Lightning Charging Cable,1,14.95,06/07/24 12:19,"89 Lake St, Los Angeles, CA 90001"
220023,USB-C Charging Cable,1,11.95,06/13/24 20:31,"199 4th St, San Francisco, CA 94016"
220024,34in Ultrawide Monitor,1,379.99,06/12/24 11:03,"36 14th St, Dallas, TX 75001"
220025,Macbook Pro Laptop,1,1700,06/09/24 13:23,"35 5th St, San Francisco, CA 94016"
220026,Wired Headphones,2,11.99,06/02/24 14:33,"751 14th St, Boston, MA 02215"
220027,iPhone,1,700,06/02/24 11:38,"407 Chestnut St, Dallas, TX 75001"
220028,AA Batteries (4-pack),1,3.84,06/19/24 10:30,"519 6th St, Dallas, TX 75001"
220029,AA Batteries (4-pack),2,3.84,06/29/24 15:50,"505 Hickory St, Portland, OR 97035"
220030,AAA Batteries (4-pack),1,2.99,06/21/24 10:20,"161 11th St, Atlanta, GA 30301"
220031,Wired Headphones,1,11.99,06/15/24 20:21,"546 9th St, Dallas, TX 75001"
220032,27in 4K Gaming Monitor,1,389.99,06/09/24 20:52,"821 South St, Los Angeles, CA 90001"
220033,34in Ultrawide Monitor,1,379.99,06/29/24 20:21,"984 Meadow St, Seattle, WA 98101"
220034,34in Ultrawide Monitor,1,379.99,06/19/24 16:45,"153 West St, San Francisco, CA 94016"
220035,USB-C Charging Cable,1,11.95,06/03/24 19:39,"754 11th St, New York City, NY 10001"
220036,USB-C Charging Cable,1,11.95,06/06/24 17:22,"218 Center St, San Francisco, CA 94016"
220037,Lightning Charging Cable,1,14.95,06/22/24 17:43,"664 14th St, Austin, TX 73301"
220038,Bose SoundSport Headphones,1,99.99,06/22/24 21:41,"181 Pine St, San Francisco, CA 94016"
220039,AAA Batteries (4-pack),2,2.99,06/11/24 22:08,"748 Sunset St, New York City, NY 10001"
220040,Apple Airpods Headphones,1,150,06/23/24 09:27,"908 River St, Austin, TX 73301"
220041,Flatscreen TV,1,300,06/21/24 23:10,"475 1st St, Seattle, WA 98101"
220042,Wired Headphones,1,11.99,06/12/24 17:03,"427 Main St, Los Angeles, CA 90001"
220043,20in Monitor,1,109.99,06/03/24 22:19,"184 Lake St, Portland, OR 97035"
220044,AAA Batteries (4-pack),2,2.99,06/18/24 14:35,"612 Wilson St, Dallas, TX 75001"
220045,Lightning Charging Cable,1,14.95,06/10/24 10:25,"412 Johnson St, New York City, NY 10001"
220046,Macbook Pro Laptop,1,1700,06/10/24 21:53,"740 Hickory St, Dallas, TX 75001"
220047,27in 4K Gaming Monitor,1,389.99,06/17/24 13:00,"284 2nd St, Los Angeles, CA 90001"
220048,Bose SoundSport Headphones,1,99.99,06/15/24 16:01,"770 Chestnut St, New York City, NY 10001"
220049,Bose SoundSport Headphones,1,99.99,06/08/24 09:39,"892 10th St, San Francisco, CA 94016"
220050,20in Monitor,1,109.99,06/27/24 17:09,"875 10th St, Dallas, TX 75001"
220051,20in Monitor,1,109.99,06/09/24 21:18,"434 Highland St, Los Angeles, CA 90001"
220052,iPhone,1,700,06/11/24 22:32,"794 1st St, Boston, MA 02215"
220052,Lightning Charging Cable,1,14.95,06/11/24 22:32,"794 1st St, Boston, MA 02215"
220053,USB-C Charging Cable,1,11.95,06/25/24 16:13,"138 9th St, San Francisco, CA 94016"
220054,AAA Batteries (4-pack),2,2.99,06/13/24 15:56,"200 Highland St, New York City, NY 10001"
220055,Lightning Charging Cable,1,14.95,06/28/24 22:29,"929 10th St, Atlanta, GA 30301"
220056,Flatscreen TV,1,300,06/17/24 10:14,"189 Adams St, San Francisco, CA 94016"
220057,Lightning Charging Cable,1,14.95,06/29/24 21:17,"910 9th St, Los Angeles, CA 90001"
220058,Vareebadd Phone,1,400,06/04/24 21:44,"616 Sunset St, Dallas, TX 75001"
220059,20in Monitor,1,109.99,06/23/24 14:49,"391 Cedar St, Los Angeles, CA 90001"
220060,ThinkPad Laptop,1,999.99,06/30/24 10:21,"350 Lake St, Seattle, WA 98101"
220061,Wired Headphones,1,11.99,06/26/24 17:20,"797 4th St, Portland, OR 97035"
220062,ThinkPad Laptop,1,999.99,06/06/24 15:51,"600 Cedar St, Los Angeles, CA 90001"
220063,34in Ultrawide Monitor,1,379.99,06/27/24 10:22,"561 7th St, New York City, NY 10001"
220064,Lightning Charging Cable,1,14.95,06/06/24 17:24,"800 Jackson St, Boston, MA 02215"
220065,Apple Airpods Headphones,1,150,06/28/24 23:01,"545 River St, Seattle, WA 98101"
220066,AA Batteries (4-pack),1,3.84,06/17/24 08:46,"585 Walnut St, Austin, TX 73301"
220067,27in FHD Monitor,1,149.99,06/14/24 00:36,"694 Willow St, Seattle, WA 98101"
220068,AAA Batteries (4-pack),1,2.99,06/25/24 00:20,"232 Wilson St, San Francisco, CA 94016"
220069,Macbook Pro Laptop,1,1700,06/28/24 20:21,"715 Washington St, New York City, NY 10001"
220070,Apple Airpods Headphones,1,150,06/16/24 19:29,"87 6th St, Los Angeles, CA 90001"
220070,Bose SoundSport Headphones,1,99.99,06/16/24 19:29,"87 6th St, Los Angeles, CA 90001"
220071,Flatscreen TV,1,300,06/07/24 10:17,"639 12th St, Portland, OR 97035"
220072,iPhone,1,700,06/09/24 19:05,"585 1st St, Seattle, WA 98101"
220073,Flatscreen TV,1,300,06/23/24 22:24,"280 Meadow St, Austin, TX 73301"
220074,Apple Airpods Headphones,1,150,06/28/24 07:45,"989 Elm St, Dallas, TX 75001"
220075,Wired Headphones,1,11.99,06/01/24 11:09,"751 5th St, Dallas, TX 75001"
220076,AA Batteries (4-pack),2,3.84,06/14/24 17:57,"30 Hickory St, New York City, NY 10001"
220077,27in 4K Gaming Monitor,1,389.99,06/02/24 20:28,"49 West St, New York City, NY 10001"
220078,27in 4K Gaming Monitor,1,389.99,06/27/24 10:50,"302 Cedar St, Los Angeles, CA 90001"
220079,USB-C Charging Cable,1,11.95,06/18/24 07:49,"622 Madison St, Seattle, WA 98101"
220080,Lightning Charging Cable,1,14.95,06/19/24 14:26,"959 9th St, Austin, TX 73301"
220081,Lightning Charging Cable,1,14.95,06/12/24 10:33,"887 Sunset St, New York City, NY 10001"
220082,34in Ultrawide Monitor,1,379.99,06/13/24 18:07,"226 Cedar St, Atlanta, GA 30301"
220083,AA Batteries (4-pack),1,3.84,06/24/24 13:02,"351 Cherry St, Austin, TX 73301"
220084,USB-C Charging Cable,1,11.95,06/22/24 14:14,"994 Spruce St, Seattle, WA 98101"
220085,AAA Batteries (4-pack),2,2.99,06/04/24 16:58,"165 Dogwood St, Seattle, WA 98101"
220086,34in Ultrawide Monitor,1,379.99,06/28/24 13:53,"568 Lake St, New York City, NY 10001"
220087,Flatscreen TV,1,300,06/13/24 09:11,"216 Cherry St, Los Angeles, CA 90001"
220088,ThinkPad Laptop,1,999.99,06/30/24 11:49,"393 Forest St, Austin, TX 73301"
220089,Wired Headphones,1,11.99,06/21/24 16:06,"103 Willow St, San Francisco, CA 94016"
220090,Wired Headphones,1,11.99,06/16/24 18:26,"500 Madison St, Los Angeles, CA 90001"
220091,Lightning Charging Cable,1,14.95,06/11/24 17:11,"239 Madison St, Boston, MA 02215"
220092,27in 4K Gaming Monitor,1,389.99,06/04/24 21:33,"953 Main St, Austin, TX 73301"
220093,27in FHD Monitor,1,149.99,06/07/24 21:23,"529 Pine St, San Francisco, CA 94016"
220094,Lightning Charging Cable,1,14.95,06/03/24 21:18,"876 Dogwood St, Los Angeles, CA 90001"
220095,USB-C Charging Cable,1,11.95,06/11/24 21:02,"986 Maple St, Seattle, WA 98101"
220096,ThinkPad Laptop,1,999.99,06/12/24 08:14,"791 Church St, Dallas, TX 75001"
220097,Wired Headphones,1,11.99,06/19/24 14:25,"169 8th St, Los Angeles, CA 90001"
220098,USB-C Charging Cable,1,11.95,06/30/24 13:57,"147 Cedar St, San Francisco, CA 94016"
220099,Apple Airpods Headphones,1,150,06/27/24 17:20,"271 Adams St, San Francisco, CA 94016"
220100,Apple Airpods Headphones,1,150,06/25/24 18:18,"547 Jackson St, Atlanta, GA 30301"
220101,USB-C Charging Cable,1,11.95,06/03/24 18:18,"140 Hickory St, Los Angeles, CA 90001"
220102,ThinkPad Laptop,1,999.99,06/21/24 13:30,"507 Washington St, Los Angeles, CA 90001"
220103,Apple Airpods Headphones,1,150,06/26/24 12:18,"288 South St, Austin, TX 73301"
220104,Bose SoundSport Headphones,1,99.99,06/02/24 09:19,"280 Lakeview St, San Francisco, CA 94016"
220105,iPhone,1,700,06/21/24 11:29,"14 Washington St, Austin, TX 73301"
220106,AAA Batteries (4-pack),1,2.99,06/11/24 19:52,"285 Forest St, Los Angeles, CA 90001"
220107,USB-C Charging Cable,1,11.95,06/08/24 21:48,"327 Main St, Dallas, TX 75001"
220108,Lightning Charging Cable,1,14.95,06/05/24 12:26,"390 Lake St, New York City, NY 10001"
220109,Wired Headphones,1,11.99,06/04/24 23:34,"34 Chestnut St, Los Angeles, CA 90001"
220110,Apple Airpods Headphones,1,150,06/24/24 08:57,"179 8th St, Seattle, WA 98101"
220111,27in 4K Gaming Monitor,1,389.99,06/13/24 20:14,"356 2nd St, San Francisco, CA 94016"
220112,AAA Batteries (4-pack),1,2.99,06/22/24 19:48,"231 Sunset St, San Francisco, CA 94016"
220113,AAA Batteries (4-pack),1,2.99,06/17/24 18:38,"80 7th St, San Francisco, CA 94016"
220114,Lightning Charging Cable,1,14.95,07/01/24 01:31,"419 Walnut St, Dallas, TX 75001"
220115,Vareebadd Phone,1,400,06/16/24 09:49,"176 14th St, Dallas, TX 75001"
220116,Bose SoundSport Headphones,1,99.99,06/20/24 01:36,"575 7th St, Los Angeles, CA 90001"
220117,Lightning Charging Cable,1,14.95,06/12/24 14:05,"854 Lincoln St, New York City, NY 10001"
220118,ThinkPad Laptop,1,999.99,06/19/24 23:08,"359 14th St, New York City, NY 10001"
220119,27in 4K Gaming Monitor,1,389.99,06/14/24 09:16,"80 7th St, San Francisco, CA 94016"
220120,Bose SoundSport Headphones,1,99.99,06/06/24 14:27,"441 Chestnut St, Portland, OR 97035"
220121,20in Monitor,1,109.99,06/22/24 10:30,"41 13th St, New York City, NY 10001"
220122,Wired Headphones,1,11.99,06/27/24 17:10,"781 Cedar St, New York City, NY 10001"
220123,Wired Headphones,2,11.99,06/17/24 05:59,"522 Jackson St, Austin, TX 73301"
220124,USB-C Charging Cable,1,11.95,06/12/24 21:02,"525 Jackson St, San Francisco, CA 94016"
220125,Macbook Pro Laptop,1,1700,06/06/24 11:34,"560 Elm St, San Francisco, CA 94016"
220126,AAA Batteries (4-pack),1,2.99,06/04/24 16:07,"174 Wilson St, Dallas, TX 75001"
220127,Wired Headphones,1,11.99,06/10/24 09:25,"803 Church St, Los Angeles, CA 90001"
220128,USB-C Charging Cable,1,11.95,06/17/24 12:58,"687 Lincoln St, San Francisco, CA 94016"
220129,27in FHD Monitor,1,149.99,06/06/24 10:06,"754 11th St, San Francisco, CA 94016"
220130,AAA Batteries (4-pack),1,2.99,06/08/24 18:44,"228 South St, Atlanta, GA 30301"
220131,AA Batteries (4-pack),2,3.84,06/06/24 18:28,"214 Dogwood St, San Francisco, CA 94016"
220132,20in Monitor,1,109.99,06/02/24 12:24,"282 Cedar St, Seattle, WA 98101"
220133,Apple Airpods Headphones,1,150,06/18/24 21:36,"240 4th St, Los Angeles, CA 90001"
220134,Google Phone,1,600,06/28/24 23:32,"751 11th St, Atlanta, GA 30301"
220135,20in Monitor,1,109.99,06/21/24 13:12,"634 Chestnut St, Atlanta, GA 30301"
220136,AA Batteries (4-pack),3,3.84,06/10/24 12:19,"485 Walnut St, Los Angeles, CA 90001"
220137,20in Monitor,1,109.99,06/13/24 12:24,"76 13th St, Los Angeles, CA 90001"
220138,AA Batteries (4-pack),1,3.84,06/05/24 15:41,"655 Willow St, San Francisco, CA 94016"
220139,AAA Batteries (4-pack),1,2.99,06/04/24 10:50,"135 Highland St, Los Angeles, CA 90001"
220140,Macbook Pro Laptop,1,1700,06/07/24 07:49,"125 Park St, Austin, TX 73301"
220141,27in FHD Monitor,1,149.99,06/03/24 18:20,"116 West St, Los Angeles, CA 90001"
220142,27in FHD Monitor,1,149.99,06/23/24 20:59,"392 Cherry St, Seattle, WA 98101"
220143,Wired Headphones,1,11.99,06/12/24 10:42,"395 11th St, Boston, MA 02215"
220144,Vareebadd Phone,1,400,06/06/24 13:28,"834 Main St, Boston, MA 02215"
220145,Wired Headphones,1,11.99,06/22/24 13:43,"275 5th St, San Francisco, CA 94016"
220146,Apple Airpods Headphones,1,150,06/13/24 21:21,"288 South St, Seattle, WA 98101"
220147,Lightning Charging Cable,1,14.95,06/30/24 16:01,"103 Johnson St, San Francisco, CA 94016"
220148,AA Batteries (4-pack),1,3.84,06/13/24 20:22,"479 6th St, San Francisco, CA 94016"
220149,Apple Airpods Headphones,1,150,06/15/24 15:43,"597 Spruce St, Boston, MA 02215"
220150,AA Batteries (4-pack),2,3.84,06/16/24 17:17,"535 Spruce St, Boston, MA 02215"
220151,AAA Batteries (4-pack),1,2.99,06/04/24 19:06,"137 Chestnut St, New York City, NY 10001"
220152,Apple Airpods Headphones,1,150,06/06/24 11:18,"592 Hickory St, San Francisco, CA 94016"
220153,Lightning Charging Cable,1,14.95,06/05/24 22:08,"829 North St, San Francisco, CA 94016"
220153,Bose SoundSport Headphones,1,99.99,06/05/24 22:08,"829 North St, San Francisco, CA 94016"
220154,34in Ultrawide Monitor,1,379.99,06/22/24 17:15,"492 South St, Austin, TX 73301"
220155,iPhone,1,700,06/27/24 22:35,"163 Washington St, San Francisco, CA 94016"
220155,Apple Airpods Headphones,1,150,06/27/24 22:35,"163 Washington St, San Francisco, CA 94016"
220156,Lightning Charging Cable,1,14.95,06/04/24 20:19,"466 10th St, Dallas, TX 75001"
220157,Bose SoundSport Headphones,1,99.99,06/15/24 20:46,"423 Center St, San Francisco, CA 94016"
220158,Macbook Pro Laptop,1,1700,06/07/24 17:38,"892 Sunset St, Austin, TX 73301"
220159,AAA Batteries (4-pack),2,2.99,06/20/24 02:23,"248 Forest St, New York City, NY 10001"
220160,AA Batteries (4-pack),1,3.84,06/22/24 18:59,"720 5th St, San Francisco, CA 94016"
220161,AA Batteries (4-pack),2,3.84,06/29/24 13:56,"627 Lincoln St, San Francisco, CA 94016"
220162,AAA Batteries (4-pack),4,2.99,06/25/24 14:57,"953 1st St, Seattle, WA 98101"
220163,USB-C Charging Cable,1,11.95,06/26/24 11:12,"52 Forest St, Atlanta, GA 30301"
220164,20in Monitor,1,109.99,06/25/24 12:14,"438 5th St, San Francisco, CA 94016"
220165,27in FHD Monitor,1,149.99,06/26/24 10:49,"435 Spruce St, San Francisco, CA 94016"
220166,Bose SoundSport Headphones,1,99.99,06/18/24 11:02,"754 12th St, Seattle, WA 98101"
220167,AA Batteries (4-pack),1,3.84,06/25/24 22:14,"353 5th St, New York City, NY 10001"
220168,AA Batteries (4-pack),1,3.84,06/15/24 12:37,"88 Lincoln St, New York City, NY 10001"
220169,USB-C Charging Cable,1,11.95,06/21/24 20:57,"366 Elm St, San Francisco, CA 94016"
220170,Apple Airpods Headphones,1,150,06/03/24 12:05,"113 Meadow St, Dallas, TX 75001"
220171,AAA Batteries (4-pack),1,2.99,06/01/24 16:18,"700 Ridge St, Los Angeles, CA 90001"
220172,AAA Batteries (4-pack),1,2.99,06/29/24 12:01,"658 Washington St, Dallas, TX 75001"
220173,Bose SoundSport Headphones,1,99.99,06/26/24 16:10,"926 Chestnut St, Los Angeles, CA 90001"
220174,Apple Airpods Headphones,1,150,06/24/24 17:06,"234 12th St, Dallas, TX 75001"
220175,AAA Batteries (4-pack),1,2.99,06/04/24 20:28,"269 South St, Los Angeles, CA 90001"
220176,AAA Batteries (4-pack),2,2.99,06/23/24 23:34,"155 4th St, San Francisco, CA 94016"
220177,AA Batteries (4-pack),1,3.84,06/15/24 08:59,"410 6th St, San Francisco, CA 94016"
220178,AA Batteries (4-pack),1,3.84,06/11/24 13:02,"512 Meadow St, Portland, OR 97035"
220179,AAA Batteries (4-pack),2,2.99,06/18/24 18:58,"817 Hill St, Boston, MA 02215"
220180,Wired Headphones,1,11.99,06/24/24 01:01,"352 Main St, Portland, ME 04101"
,,,,,
220181,AAA Batteries (4-pack),1,2.99,06/14/24 20:26,"554 1st St, San Francisco, CA 94016"
220182,Flatscreen TV,1,300,06/23/24 21:02,"68 Forest St, Seattle, WA 98101"
220183,Bose SoundSport Headphones,1,99.99,06/23/24 10:53,"575 14th St, San Francisco, CA 94016"
220184,Wired Headphones,1,11.99,06/06/24 22:05,"144 8th St, New York City, NY 10001"
220185,AAA Batteries (4-pack),2,2.99,06/05/24 17:22,"257 8th St, Los Angeles, CA 90001"
220185,Wired Headphones,1,11.99,06/05/24 17:22,"257 8th St, Los Angeles, CA 90001"
220186,AA Batteries (4-pack),1,3.84,06/01/24 19:05,"431 Lincoln St, Seattle, WA 98101"
220187,Apple Airpods Headphones,1,150,06/30/24 17:30,"79 10th St, San Francisco, CA 94016"
220188,AAA Batteries (4-pack),1,2.99,06/13/24 13:30,"230 Maple St, Los Angeles, CA 90001"
220189,Apple Airpods Headphones,1,150,06/21/24 23:52,"349 Willow St, Los Angeles, CA 90001"
220190,USB-C Charging Cable,1,11.95,06/16/24 07:18,"277 Jackson St, San Francisco, CA 94016"
220191,ThinkPad Laptop,1,999.99,06/17/24 08:38,"516 13th St, Seattle, WA 98101"
220192,Apple Airpods Headphones,1,150,06/02/24 16:40,"963 Hickory St, San Francisco, CA 94016"
220193,Lightning Charging Cable,1,14.95,06/11/24 07:47,"764 Hill St, Boston, MA 02215"
220194,Bose SoundSport Headphones,1,99.99,06/02/24 14:09,"396 Maple St, San Francisco, CA 94016"
220195,Lightning Charging Cable,1,14.95,06/12/24 18:50,"230 Jackson St, San Francisco, CA 94016"
220196,Wired Headphones,1,11.99,06/07/24 19:35,"927 Forest St, Los Angeles, CA 90001"
220197,USB-C Charging Cable,1,11.95,06/01/24 16:19,"47 Walnut St, San Francisco, CA 94016"
220198,AAA Batteries (4-pack),1,2.99,06/30/24 11:05,"408 Elm St, Los Angeles, CA 90001"
220199,Lightning Charging Cable,1,14.95,06/29/24 00:11,"843 Hickory St, Los Angeles, CA 90001"
220200,AA Batteries (4-pack),1,3.84,06/22/24 11:13,"725 Adams St, Portland, OR 97035"
220201,Flatscreen TV,1,300,06/08/24 08:33,"239 11th St, San Francisco, CA 94016"
220202,AAA Batteries (4-pack),1,2.99,06/16/24 07:36,"865 Lincoln St, Los Angeles, CA 90001"
220203,AA Batteries (4-pack),1,3.84,06/24/24 20:35,"928 Ridge St, Boston, MA 02215"
220204,Lightning Charging Cable,1,14.95,06/13/24 11:05,"716 Maple St, Portland, OR 97035"
220205,Apple Airpods Headphones,1,150,06/27/24 14:35,"783 Center St, Los Angeles, CA 90001"
220206,Bose SoundSport Headphones,1,99.99,06/19/24 21:25,"315 Center St, Seattle, WA 98101"
220207,Bose SoundSport Headphones,1,99.99,06/13/24 07:24,"152 Main St, San Francisco, CA 94016"
Order ID,Product,Quantity Ordered,Price Each,Order Date,Purchase Address
220208,iPhone,1,700,06/19/24 10:14,"569 Hickory St, Los Angeles, CA 90001"
220208,Wired Headphones,1,11.99,06/19/24 10:14,"569 Hickory St, Los Angeles, CA 90001"
220209,Apple Airpods Headphones,1,150,06/27/24 21:15,"769 Park St, New York City, NY 10001"
220210,AAA Batteries (4-pack),2,2.99,06/01/24 09:13,"27 Pine St, San Francisco, CA 94016"
220211,Wired Headphones,1,11.99,06/14/24 23:15,"914 12th St, Portland, OR 97035"
220212,AAA Batteries (4-pack),1,2.99,06/08/24 07:53,"824 Madison St, Portland, OR 97035"
220213,AAA Batteries (4-pack),3,2.99,06/15/24 21:47,"839 Main St, New York City, NY 10001"
220214,Wired Headphones,1,11.99,06/09/24 23:05,"844 Highland St, San Francisco, CA 94016"
220215,AA Batteries (4-pack),1,3.84,06/06/24 09:54,"621 10th St, San Francisco, CA 94016"
220216,Wired Headphones,2,11.99,06/07/24 11:40,"989 7th St, San Francisco, CA 94016"
220217,AAA Batteries (4-pack),2,2.99,06/30/24 18:07,"166 South St, Boston, MA 02215"
220218,Lightning Charging Cable,1,14.95,06/15/24 08:02,"829 Pine St, Boston, MA 02215"
220219,Macbook Pro Laptop,1,1700,06/24/24 08:29,"569 12th St, Atlanta, GA 30301"
220220,Wired Headphones,2,11.99,06/01/24 14:15,"79 South St, Los Angeles, CA 90001"
220221,Bose SoundSport Headphones,1,99.99,06/01/24 12:22,"843 12th St, Seattle, WA 98101"
220222,Bose SoundSport Headphones,1,99.99,06/29/24 12:21,"755 Center St, San Francisco, CA 94016"
220223,Wired Headphones,2,11.99,06/19/24 15:20,"995 Spruce St, Austin, TX 73301"
220223,AAA Batteries (4-pack),3,2.99,06/19/24 15:20,"995 Spruce St, Austin, TX 73301"
220224,ThinkPad Laptop,1,999.99,06/18/24 14:45,"103 Lincoln St, San Francisco, CA 94016"
220225,Apple Airpods Headphones,1,150,06/17/24 09:03,"761 Park St, New York City, NY 10001"
220226,27in FHD Monitor,1,149.99,06/02/24 09:54,"704 Church St, Los Angeles, CA 90001"
220227,iPhone,1,700,06/03/24 15:04,"174 Adams St, New York City, NY 10001"
220228,AA Batteries (4-pack),1,3.84,06/03/24 18:59,"354 Lake St, Dallas, TX 75001"
220229,Bose SoundSport Headphones,1,99.99,06/12/24 11:08,"432 North St, Portland, OR 97035"
220230,Apple Airpods Headphones,1,150,06/28/24 19:29,"965 10th St, Los Angeles, CA 90001"
220231,iPhone,1,700,06/11/24 14:09,"66 Cherry St, Austin, TX 73301"
220232,Flatscreen TV,1,300,06/11/24 19:07,"294 Church St, Dallas, TX 75001"
220233,Lightning Charging Cable,1,14.95,06/18/24 14:15,"318 South St, San Francisco, CA 94016"
Order ID,Product,Quantity Ordered,Price Each,Order Date,Purchase Address
220234,Wired Headphones,1,11.99,06/03/24 11:23,"950 Hill St, Atlanta, GA 30301"
220235,27in FHD Monitor,1,149.99,06/06/24 18:35,"778 Elm St, New York City, NY 10001"
220236,Bose SoundSport Headphones,1,99.99,06/21/24 11:15,"985 Maple St, San Francisco, CA 94016"
220237,Apple Airpods Headphones,1,150,06/09/24 21:26,"439 Jackson St, New York City, NY 10001"
220238,ThinkPad Laptop,1,999.99,06/10/24 12:24,"986 2nd St, Portland, OR 97035"
220239,USB-C Charging Cable,1,11.95,06/08/24 17:14,"146 Hickory St, Boston, MA 02215"
220240,34in Ultrawide Monitor,1,379.99,06/27/24 20:52,"266 Johnson St, San Francisco, CA 94016"
220241,Google Phone,1,600,06/02/24 18:47,"302 West St, San Francisco, CA 94016"
220241,Bose SoundSport Headphones,1,99.99,06/02/24 18:47,"302 West St, San Francisco, CA 94016"
220242,AAA Batteries (4-pack),6,2.99,06/28/24 10:37,"121 Park St, Seattle, WA 98101"
220243,AAA Batteries (4-pack),1,2.99,06/14/24 13:41,"325 Church St, New York City, NY 10001"
220244,Google Phone,1,600,06/15/24 18:43,"957 North St, Dallas, TX 75001"
220245,Wired Headphones,1,11.99,06/17/24 21:52,"801 Jackson St, Portland, OR 97035"
220246,iPhone,1,700,06/10/24 14:11,"10 Jefferson St, Atlanta, GA 30301"
220246,Apple Airpods Headphones,1,150,06/10/24 14:11,"10 Jefferson St, Atlanta, GA 30301"
220247,Bose SoundSport Headphones,1,99.99,06/03/24 10:30,"228 13th St, Atlanta, GA 30301"
220248,Flatscreen TV,1,300,06/13/24 19:04,"971 7th St, Boston, MA 02215"
220249,Wired Headphones,1,11.99,06/29/24 16:03,"808 Highland St, Austin, TX 73301"
220250,Bose SoundSport Headphones,1,99.99,06/28/24 15:17,"934 Lakeview St, Atlanta, GA 30301"
220251,Bose SoundSport Headphones,1,99.99,06/18/24 22:37,"882 Cedar St, Los Angeles, CA 90001"
220252,Apple Airpods Headphones,1,150,06/04/24 16:17,"241 5th St, Atlanta, GA 30301"
220253,Wired Headphones,1,11.99,06/28/24 17:10,"321 Walnut St, Boston, MA 02215"
220254,Wired Headphones,2,11.99,06/10/24 16:04,"472 Elm St, Austin, TX 73301"
220255,USB-C Charging Cable,1,11.95,06/16/24 11:05,"21 Forest St, Seattle, WA 98101"
220256,AAA Batteries (4-pack),2,2.99,06/17/24 14:41,"763 Lakeview St, Atlanta, GA 30301"
220257,AAA Batteries (4-pack),1,2.99,06/08/24 00:09,"499 Walnut St, New York City, NY 10001"
220258,AA Batteries (4-pack),3,3.84,06/16/24 00:08,"880 South St, New York City, NY 10001"
220259,ThinkPad Laptop,1,999.99,06/07/24 03:23,"980 River St, San Francisco, CA 94016"
220260,AAA Batteries (4-pack),1,2.99,06/16/24 11:37,"819 Walnut St, San Francisco, CA 94016"
220261,Bose SoundSport Headphones,1,99.99,06/16/24 22:08,"958 Sunset St, San Francisco, CA 94016"
220262,27in FHD Monitor,1,149.99,06/14/24 12:58,"718 9th St, San Francisco, CA 94016"
220263,AAA Batteries (4-pack),3,2.99,06/20/24 23:37,"685 13th St, Los Angeles, CA 90001"
220264,iPhone,1,700,06/17/24 15:10,"471 Hill St, Boston, MA 02215"
220265,AA Batteries (4-pack),2,3.84,06/25/24 22:47,"396 Cedar St, Dallas, TX 75001"
220266,AA Batteries (4-pack),1,3.84,06/12/24 11:11,"839 Highland St, San Francisco, CA 94016"
220267,Google Phone,1,600,06/01/24 18:47,"78 Jackson St, Los Angeles, CA 90001"
220267,USB-C Charging Cable,1,11.95,06/01/24 18:47,"78 Jackson St, Los Angeles, CA 90001"
220268,Wired Headphones,1,11.99,06/04/24 00:32,"328 13th St, Boston, MA 02215"
220269,Bose SoundSport Headphones,1,99.99,06/13/24 20:41,"457 Spruce St, San Francisco, CA 94016"
220270,Wired Headphones,1,11.99,06/06/24 07:05,"613 7th St, Atlanta, GA 30301"
220271,Lightning Charging Cable,1,14.95,06/27/24 20:55,"747 Park St, Dallas, TX 75001"
220272,USB-C Charging Cable,1,11.95,06/13/24 13:20,"160 Church St, San Francisco, CA 94016"
220273,Lightning Charging Cable,1,14.95,06/07/24 12:12,"423 Jackson St, San Francisco, CA 94016"
220274,Lightning Charging Cable,1,14.95,06/14/24 10:57,"864 Willow St, Atlanta, GA 30301"
220275,34in Ultrawide Monitor,1,379.99,06/01/24 10:20,"290 Walnut St, Los Angeles, CA 90001"
220276,AA Batteries (4-pack),1,3.84,06/25/24 21:51,"336 9th St, Los Angeles, CA 90001"
220276,USB-C Charging Cable,1,11.95,06/25/24 21:51,"336 9th St, Los Angeles, CA 90001"
220277,ThinkPad Laptop,1,999.99,06/15/24 15:34,"499 Hickory St, Atlanta, GA 30301"
220278,iPhone,1,700,06/09/24 04:43,"473 Spruce St, Boston, MA 02215"
220279,Vareebadd Phone,1,400,06/03/24 12:38,"98 Jefferson St, San Francisco, CA 94016"
220280,Wired Headphones,1,11.99,06/26/24 01:07,"437 Chestnut St, Atlanta, GA 30301"
220281,AAA Batteries (4-pack),1,2.99,06/18/24 16:55,"243 4th St, San Francisco, CA 94016"
220282,USB-C Charging Cable,1,11.95,06/04/24 23:25,"787 8th St, Dallas, TX 75001"
220283,AAA Batteries (4-pack),1,2.99,06/16/24 11:49,"555 10th St, Atlanta, GA 30301"
220284,Lightning Charging Cable,2,14.95,06/28/24 15:19,"896 Adams St, San Francisco, CA 94016"
220285,Macbook Pro Laptop,1,1700,06/11/24 10:52,"192 10th St, San Francisco, CA 94016"
220286,Wired Headphones,1,11.99,06/07/24 14:39,"935 7th St, Boston, MA 02215"
220287,AA Batteries (4-pack),2,3.84,06/14/24 00:01,"300 Hill St, Los Angeles, CA 90001"
220288,AA Batteries (4-pack),2,3.84,06/13/24 13:36,"765 11th St, Seattle, WA 98101"
220289,Apple Airpods Headphones,1,150,06/16/24 00:03,"307 Walnut St, Los Angeles, CA 90001"
220290,AA Batteries (4-pack),2,3.84,06/09/24 20:13,"329 Elm St, San Francisco, CA 94016"
220291,Google Phone,1,600,06/17/24 13:03,"528 6th St, San Francisco, CA 94016"
220292,AA Batteries (4-pack),1,3.84,06/02/24 13:15,"892 Highland St, Dallas, TX 75001"
220293,AAA Batteries (4-pack),3,2.99,06/04/24 21:12,"687 12th St, New York City, NY 10001"
220293,iPhone,1,700,06/04/24 21:12,"687 12th St, New York City, NY 10001"
220294,Wired Headphones,1,11.99,06/23/24 10:53,"200 Maple St, Austin, TX 73301"
220295,20in Monitor,1,109.99,06/07/24 09:57,"387 Maple St, San Francisco, CA 94016"
220296,Lightning Charging Cable,1,14.95,06/13/24 09:53,"437 Meadow St, Los Angeles, CA 90001"
220297,Apple Airpods Headphones,1,150,06/12/24 22:31,"457 12th St, Austin, TX 73301"
220298,iPhone,1,700,06/10/24 10:27,"278 Center St, Los Angeles, CA 90001"
220299,ThinkPad Laptop,1,999.99,06/25/24 21:34,"417 Lakeview St, Atlanta, GA 30301"
220300,Apple Airpods Headphones,1,150,06/17/24 17:01,"450 Lake St, Dallas, TX 75001"
220301,USB-C Charging Cable,1,11.95,06/28/24 20:16,"161 6th St, Dallas, TX 75001"
220302,27in FHD Monitor,1,149.99,06/02/24 13:11,"532 Lakeview St, Atlanta, GA 30301"
220303,27in FHD Monitor,1,149.99,06/19/24 17:06,"949 West St, San Francisco, CA 94016"
220304,iPhone,1,700,06/04/24 09:15,"431 Wilson St, Portland, OR 97035"
220305,AA Batteries (4-pack),2,3.84,06/28/24 22:55,"660 Wilson St, Austin, TX 73301"
220306,34in Ultrawide Monitor,1,379.99,06/28/24 09:22,"577 River St, Seattle, WA 98101"
220307,USB-C Charging Cable,1,11.95,06/26/24 11:14,"628 Cedar St, San Francisco, CA 94016"
220308,USB-C Charging Cable,1,11.95,06/22/24 14:25,"67 Willow St, Los Angeles, CA 90001"
220309,Wired Headphones,1,11.99,06/28/24 22:06,"429 Chestnut St, San Francisco, CA 94016"
220310,iPhone,1,700,06/28/24 11:47,"190 Walnut St, San Francisco, CA 94016"
220310,Wired Headphones,1,11.99,06/28/24 11:47,"190 Walnut St, San Francisco, CA 94016"
220311,ThinkPad Laptop,1,999.99,06/05/24 07:15,"450 Center St, San Francisco, CA 94016"
220312,AA Batteries (4-pack),1,3.84,06/24/24 11:48,"6 Pine St, San Francisco, CA 94016"
220313,AAA Batteries (4-pack),1,2.99,06/02/24 14:03,"888 9th St, San Francisco, CA 94016"
220314,Apple Airpods Headphones,1,150,06/21/24 07:05,"986 Highland St, San Francisco, CA 94016"
220315,34in Ultrawide Monitor,1,379.99,06/01/24 20:07,"5 Lincoln St, Portland, OR 97035"
220316,Lightning Charging Cable,1,14.95,06/11/24 21:07,"998 Jefferson St, San Francisco, CA 94016"
220317,Wired Headphones,1,11.99,06/11/24 09:58,"550 5th St, Dallas, TX 75001"
220318,Apple Airpods Headphones,1,150,06/05/24 11:08,"819 Adams St, Austin, TX 73301"
220319,Lightning Charging Cable,1,14.95,06/19/24 20:46,"809 Walnut St, Boston, MA 02215"
220320,iPhone,1,700,06/06/24 08:49,"485 4th St, Boston, MA 02215"
220320,Lightning Charging Cable,1,14.95,06/06/24 08:49,"485 4th St, Boston, MA 02215"
220321,AAA Batteries (4-pack),1,2.99,06/17/24 09:57,"299 South St, Los Angeles, CA 90001"
220322,Lightning Charging Cable,1,14.95,06/20/24 12:35,"167 Sunset St, Seattle, WA 98101"
220323,27in FHD Monitor,1,149.99,06/15/24 13:27,"367 Meadow St, Seattle, WA 98101"
220324,Apple Airpods Headphones,1,150,06/20/24 15:39,"63 West St, Portland, ME 04101"
220325,Vareebadd Phone,1,400,06/14/24 13:00,"765 Lakeview St, San Francisco, CA 94016"
220326,Wired Headphones,1,11.99,06/16/24 15:10,"481 Church St, Seattle, WA 98101"
220327,Apple Airpods Headphones,1,150,06/12/24 22:42,"532 7th St, Los Angeles, CA 90001"
220328,AAA Batteries (4-pack),2,2.99,06/11/24 17:54,"324 Dogwood St, San Francisco, CA 94016"
220329,Macbook Pro Laptop,1,1700,06/30/24 13:24,"169 Lincoln St, Boston, MA 02215"
220330,USB-C Charging Cable,1,11.95,06/27/24 19:48,"108 5th St, Los Angeles, CA 90001"
220331,Apple Airpods Headphones,1,150,06/05/24 15:10,"562 14th St, Seattle, WA 98101"
220332,ThinkPad Laptop,1,999.99,06/06/24 18:14,"263 Lakeview St, Seattle, WA 98101"
220333,Apple Airpods Headphones,1,150,06/12/24 08:20,"954 2nd St, San Francisco, CA 94016"
220334,Google Phone,1,600,06/30/24 05:49,"633 Chestnut St, New York City, NY 10001"
220335,Flatscreen TV,1,300,06/26/24 18:20,"856 Adams St, San Francisco, CA 94016"
220336,AAA Batteries (4-pack),1,2.99,06/18/24 21:12,"949 5th St, San Francisco, CA 94016"
220337,Wired Headphones,1,11.99,06/13/24 23:52,"492 Lake St, Atlanta, GA 30301"
220338,34in Ultrawide Monitor,1,379.99,06/22/24 07:16,"243 Madison St, San Francisco, CA 94016"
220339,Wired Headphones,1,11.99,06/23/24 21:33,"404 Park St, Seattle, WA 98101"
220340,Apple Airpods Headphones,1,150,06/03/24 00:11,"905 Lakeview St, Boston, MA 02215"
220341,Apple Airpods Headphones,1,150,06/03/24 09:53,"589 1st St, Los Angeles, CA 90001"
220342,Apple Airpods Headphones,1,150,06/01/24 13:12,"229 Dogwood St, Los Angeles, CA 90001"
220343,AAA Batteries (4-pack),1,2.99,06/06/24 21:47,"969 Cherry St, Dallas, TX 75001"
220344,AAA Batteries (4-pack),1,2.99,06/22/24 08:40,"420 Willow St, San Francisco, CA 94016"
220345,Bose SoundSport Headphones,1,99.99,06/09/24 22:36,"327 9th St, Portland, OR 97035"
220346,ThinkPad Laptop,1,999.99,06/09/24 21:41,"846 Spruce St, Los Angeles, CA 90001"
220347,Wired Headphones,1,11.99,06/02/24 18:31,"760 Lincoln St, Boston, MA 02215"
220348,Bose SoundSport Headphones,1,99.99,06/24/24 10:09,"269 Chestnut St, Los Angeles, CA 90001"
220349,Macbook Pro Laptop,1,1700,06/06/24 11:28,"865 8th St, Austin, TX 73301"
220350,AA Batteries (4-pack),2,3.84,06/15/24 21:49,"995 Washington St, New York City, NY 10001"
220351,AA Batteries (4-pack),1,3.84,06/14/24 12:58,"889 Cedar St, New York City, NY 10001"
220352,Bose SoundSport Headphones,1,99.99,06/13/24 21:14,"432 Lake St, Boston, MA 02215"
220353,Bose SoundSport Headphones,1,99.99,07/01/24 02:03,"70 Pine St, New York City, NY 10001"
220354,Lightning Charging Cable,1,14.95,06/16/24 19:01,"332 Lakeview St, Seattle, WA 98101"
220355,Apple Airpods Headphones,1,150,06/09/24 22:06,"314 Highland St, San Francisco, CA 94016"
220356,AA Batteries (4-pack),1,3.84,06/06/24 14:38,"570 Center St, Austin, TX 73301"
220357,27in 4K Gaming Monitor,1,389.99,06/12/24 21:43,"972 Cedar St, Seattle, WA 98101"
220358,34in Ultrawide Monitor,1,379.99,06/27/24 08:14,"725 5th St, New York City, NY 10001"
220359,Bose SoundSport Headphones,1,99.99,06/10/24 14:36,"539 Spruce St, Boston, MA 02215"
220360,Bose SoundSport Headphones,1,99.99,06/17/24 10:40,"559 6th St, Los Angeles, CA 90001"
220361,AAA Batteries (4-pack),2,2.99,06/29/24 07:50,"579 South St, New York City, NY 10001"
220362,AA Batteries (4-pack),1,3.84,06/02/24 21:51,"417 Chestnut St, San Francisco, CA 94016"
220363,Apple Airpods Headphones,1,150,06/13/24 20:18,"618 6th St, New York City, NY 10001"
220364,Apple Airpods Headphones,1,150,06/12/24 23:50,"379 9th St, Atlanta, GA 30301"
220365,USB-C Charging Cable,1,11.95,06/24/24 18:24,"393 Forest St, Boston, MA 02215"
220366,27in FHD Monitor,1,149.99,06/30/24 19:46,"255 Johnson St, Boston, MA 02215"
220367,20in Monitor,1,109.99,06/15/24 22:22,"938 Hill St, Los Angeles, CA 90001"
220368,Wired Headphones,1,11.99,06/22/24 10:25,"631 Jefferson St, San Francisco, CA 94016"
220369,20in Monitor,1,109.99,06/07/24 16:39,"635 Jackson St, San Francisco, CA 94016"
220370,Wired Headphones,1,11.99,06/02/24 10:47,"725 7th St, San Francisco, CA 94016"
220371,Macbook Pro Laptop,1,1700,06/18/24 16:09,"637 Hickory St, New York City, NY 10001"
220372,Wired Headphones,1,11.99,06/22/24 10:25,"13 Cherry St, San Francisco, CA 94016"
220373,Apple Airpods Headphones,1,150,06/23/24 09:03,"528 Spruce St, Los Angeles, CA 90001"
220374,Lightning Charging Cable,1,14.95,06/05/24 09:56,"578 13th St, Portland, ME 04101"
220374,AAA Batteries (4-pack),2,2.99,06/05/24 09:56,"578 13th St, Portland, ME 04101"
220375,USB-C Charging Cable,1,11.95,06/15/24 20:42,"657 Adams St, Los Angeles, CA 90001"
220376,AA Batteries (4-pack),1,3.84,06/22/24 13:43,"700 Johnson St, San Francisco, CA 94016"
220377,Bose SoundSport Headphones,1,99.99,06/03/24 09:43,"498 8th St, Dallas, TX 75001"
220378,Lightning Charging Cable,1,14.95,06/18/24 09:20,"405 5th St, Los Angeles, CA 90001"
220379,27in FHD Monitor,1,149.99,06/08/24 01:24,"531 5th St, New York City, NY 10001"
220380,AAA Batteries (4-pack),1,2.99,06/01/24 16:49,"575 Ridge St, Atlanta, GA 30301"
220381,iPhone,1,700,06/26/24 21:12,"976 Walnut St, Seattle, WA 98101"
220381,Apple Airpods Headphones,1,150,06/26/24 21:12,"976 Walnut St, Seattle, WA 98101"
220382,AAA Batteries (4-pack),1,2.99,06/12/24 18:26,"895 Washington St, Los Angeles, CA 90001"
220383,27in FHD Monitor,1,149.99,06/29/24 14:50,"803 Jackson St, Atlanta, GA 30301"
220384,Lightning Charging Cable,1,14.95,06/04/24 16:44,"405 Chestnut St, San Francisco, CA 94016"
220385,Google Phone,1,600,06/18/24 15:04,"25 Main St, San Francisco, CA 94016"
220386,Lightning Charging Cable,1,14.95,06/03/24 11:09,"381 6th St, San Francisco, CA 94016"
,,,,,
220387,AA Batteries (4-pack),1,3.84,06/11/24 15:08,"509 Elm St, Austin, TX 73301"
220388,USB-C Charging Cable,1,11.95,06/13/24 00:37,"655 14th St, San Francisco, CA 94016"
220389,Lightning Charging Cable,1,14.95,06/09/24 13:27,"320 Jackson St, Boston, MA 02215"
220390,AAA Batteries (4-pack),1,2.99,06/15/24 23:12,"9 13th St, Los Angeles, CA 90001"
220391,Apple Airpods Headphones,1,150,06/02/24 12:38,"124 5th St, Portland, OR 97035"
220392,Lightning Charging Cable,1,14.95,06/08/24 17:13,"472 8th St, Portland, ME 04101"
220392,Lightning Charging Cable,1,14.95,06/08/24 17:13,"472 8th St, Portland, ME 04101"
220393,Bose SoundSport Headphones,1,99.99,06/21/24 21:01,"841 Cedar St, Los Angeles, CA 90001"
220394,AAA Batteries (4-pack),1,2.99,06/13/24 11:30,"21 Forest St, Los Angeles, CA 90001"
220395,USB-C Charging Cable,1,11.95,06/24/24 23:41,"722 13th St, Austin, TX 73301"
220396,Wired Headphones,1,11.99,06/11/24 21:26,"488 Dogwood St, Los Angeles, CA 90001"
220397,AAA Batteries (4-pack),2,2.99,06/02/24 23:26,"748 Cherry St, San Francisco, CA 94016"
220398,AA Batteries (4-pack),2,3.84,06/20/24 17:19,"402 Johnson St, Dallas, TX 75001"
220399,Apple Airpods Headphones,1,150,06/16/24 18:57,"91 South St, New York City, NY 10001"
220400,20in Monitor,1,109.99,06/25/24 18:57,"618 12th St, New York City, NY 10001"
220401,USB-C Charging Cable,1,11.95,06/11/24 04:29,"335 Willow St, San Francisco, CA 94016"
220402,Flatscreen TV,1,300,06/17/24 10:02,"444 Pine St, San Francisco, CA 94016"
220403,20in Monitor,1,109.99,06/28/24 10:05,"407 Spruce St, Boston, MA 02215"
220404,USB-C Charging Cable,1,11.95,06/11/24 09:20,"794 Cedar St, Seattle, WA 98101"
220405,USB-C Charging Cable,1,11.95,06/17/24 22:26,"488 Spruce St, Austin, TX 73301"
220406,AA Batteries (4-pack),1,3.84,06/15/24 13:21,"87 Cedar St, Los Angeles, CA 90001"
220407,Apple Airpods Headphones,1,150,06/01/24 15:11,"25 Cedar St, San Francisco, CA 94016"
220408,Lightning Charging Cable,1,14.95,06/22/24 12:43,"358 5th St, Boston, MA 02215"
220409,Lightning Charging Cable,1,14.95,06/27/24 20:56,"132 Wilson St, Los Angeles, CA 90001"
220410,AAA Batteries (4-pack),1,2.99,06/14/24 19:17,"516 Church St, Dallas, TX 75001"
220411,Bose SoundSport Headphones,1,99.99,06/02/24 12:32,"507 Highland St, Atlanta, GA 30301"
220412,Apple Airpods Headphones,1,150,06/17/24 12:41,"592 Madison St, San Francisco, CA 94016"
220413,27in FHD Monitor,1,149.99,06/13/24 12:00,"567 Chestnut St, Austin, TX 73301"
220414,Bose SoundSport Headphones,1,99.99,06/21/24 09:34,"288 Jefferson St, Boston, MA 02215"
220415,Bose SoundSport Headphones,1,99.99,06/14/24 10:59,"788 Walnut St, New York City, NY 10001"
220416,Lightning Charging Cable,1,14.95,06/01/24 18:51,"975 1st St, San Francisco, CA 94016"
220417,AAA Batteries (4-pack),1,2.99,06/27/24 10:32,"184 Park St, Boston, MA 02215"
220418,USB-C Charging Cable,1,11.95,06/28/24 10:12,"213 Lakeview St, Los Angeles, CA 90001"
220419,Macbook Pro Laptop,1,1700,06/06/24 11:12,"162 4th St, San Francisco, CA 94016"
220420,AAA Batteries (4-pack),1,2.99,06/18/24 16:14,"905 Pine St, Dallas, TX 75001"
220421,Lightning Charging Cable,1,14.95,06/09/24 18:49,"632 8th St, Seattle, WA 98101"
220422,27in 4K Gaming Monitor,1,389.99,06/19/24 20:39,"260 Dogwood St, Seattle, WA 98101"
220423,Flatscreen TV,1,300,06/23/24 12:14,"112 Hill St, Atlanta, GA 30301"
220424,AA Batteries (4-pack),1,3.84,06/25/24 12:11,"601 7th St, Atlanta, GA 30301"
220425,Apple Airpods Headphones,1,150,06/13/24 18:57,"418 Dogwood St, San Francisco, CA 94016"
220426,AA Batteries (4-pack),1,3.84,06/06/24 09:00,"417 Dogwood St, San Francisco, CA 94016"
220427,AAA Batteries (4-pack),1,2.99,06/26/24 14:11,"217 Sunset St, Dallas, TX 75001"
220428,Apple Airpods Headphones,1,150,06/18/24 19:47,"983 13th St, New York City, NY 10001"
220429,ThinkPad Laptop,1,999.99,06/18/24 17:47,"763 Washington St, San Francisco, CA 94016"
220430,ThinkPad Laptop,1,999.99,06/17/24 15:22,"997 6th St, Los Angeles, CA 90001"
220431,AA Batteries (4-pack),2,3.84,06/08/24 08:07,"518 South St, New York City, NY 10001"
220432,Wired Headphones,1,11.99,06/15/24 18:30,"45 Elm St, San Francisco, CA 94016"
220433,27in 4K Gaming Monitor,1,389.99,06/08/24 19:38,"916 7th St, Dallas, TX 75001"
220434,Wired Headphones,1,11.99,06/28/24 16:50,"891 Maple St, Boston, MA 02215"
220435,ThinkPad Laptop,1,999.99,06/18/24 20:01,"95 6th St, Los Angeles, CA 90001"
220436,AA Batteries (4-pack),1,3.84,06/23/24 17:16,"660 Meadow St, San Francisco, CA 94016"
220437,Lightning Charging Cable,1,14.95,06/21/24 11:53,"180 12th St, Boston, MA 02215"
220438,20in Monitor,1,109.99,06/07/24 08:17,"982 Chestnut St, San Francisco, CA 94016"
220439,AA Batteries (4-pack),2,3.84,06/23/24 19:03,"65 10th St, Los Angeles, CA 90001"
220440,34in Ultrawide Monitor,1,379.99,06/13/24 10:14,"845 Cedar St, Seattle, WA 98101"
220441,iPhone,1,700,06/25/24 08:36,"562 Adams St, New York City, NY 10001"
220442,Lightning Charging Cable,1,14.95,06/12/24 09:18,"885 Pine St, Seattle, WA 98101"
220443,iPhone,1,700,06/18/24 14:46,"623 Johnson St, Los Angeles, CA 90001"
220444,Vareebadd Phone,1,400,06/26/24 20:23,"666 Ridge St, New York City, NY 10001"
220445,27in FHD Monitor,1,149.99,06/29/24 12:12,"853 Lakeview St, Los Angeles, CA 90001"
220446,Bose SoundSport Headphones,1,99.99,06/29/24 18:46,"139 Pine St, San Francisco, CA 94016"
220447,ThinkPad Laptop,1,999.99,06/04/24 22:13,"647 Main St, Portland, OR 97035"
220448,Lightning Charging Cable,1,14.95,06/13/24 21:48,"640 South St, San Francisco, CA 94016"
220449,27in 4K Gaming Monitor,1,389.99,06/20/24 12:15,"580 Park St, Dallas, TX 75001"
220450,USB-C Charging Cable,1,11.95,06/16/24 10:47,"885 Dogwood St, Los Angeles, CA 90001"
220451,USB-C Charging Cable,1,11.95,06/01/24 17:23,"730 Hill St, Los Angeles, CA 90001"
220452,USB-C Charging Cable,1,11.95,06/19/24 03:59,"460 Spruce St, Boston, MA 02215"
220453,Apple Airpods Headphones,1,150,06/20/24 19:23,"425 Hickory St, Austin, TX 73301"
220454,AAA Batteries (4-pack),1,2.99,06/05/24 09:55,"864 Lincoln St, Dallas, TX 75001"
220455,Lightning Charging Cable,1,14.95,06/09/24 11:08,"259 River St, Seattle, WA 98101"
Order ID,Product,Quantity Ordered,Price Each,Order Date,Purchase Address
220456,AAA Batteries (4-pack),1,2.99,06/12/24 20:46,"219 Pine St, San Francisco, CA 94016"
220457,Google Phone,1,600,06/08/24 21:05,"66 Sunset St, Los Angeles, CA 90001"
220458,Bose SoundSport Headphones,1,99.99,06/18/24 00:38,"603 River St, Atlanta, GA 30301"
220459,Lightning Charging Cable,1,14.95,06/16/24 16:49,"903 Hill St, San Francisco, CA 94016"
220460,Apple Airpods Headphones,1,150,06/01/24 10:38,"602 West St, Atlanta, GA 30301"
220461,Flatscreen TV,1,300,06/03/24 05:20,"632 1st St, San Francisco, CA 94016"
220462,Apple Airpods Headphones,1,150,06/25/24 21:11,"869 11th St, New York City, NY 10001"
220463,27in 4K Gaming Monitor,1,389.99,06/25/24 16:56,"839 Sunset St, Los Angeles, CA 90001"
220464,AAA Batteries (4-pack),2,2.99,06/07/24 19:23,"363 Lake St, Austin, TX 73301"
220465,USB-C Charging Cable,1,11.95,06/15/24 01:34,"518 Jackson St, Portland, ME 04101"
220466,iPhone,1,700,06/01/24 16:30,"233 Ridge St, Los Angeles, CA 90001"
220467,Wired Headphones,1,11.99,06/09/24 19:26,"348 Park St, San Francisco, CA 94016"
220468,ThinkPad Laptop,1,999.99,06/26/24 19:55,"487 Washington St, Seattle, WA 98101"
220469,Wired Headphones,1,11.99,06/18/24 06:16,"625 South St, Boston, MA 02215"
220470,Lightning Charging Cable,1,14.95,06/19/24 23:15,"579 2nd St, San Francisco, CA 94016"
220471,Lightning Charging Cable,1,14.95,06/26/24 16:22,"848 Park St, San Francisco, CA 94016"
220472,Bose SoundSport Headphones,1,99.99,06/18/24 14:44,"624 Dogwood St, Boston, MA 02215"
220473,USB-C Charging Cable,1,11.95,06/06/24 13:28,"315 11th St, Portland, OR 97035"
220474,Bose SoundSport Headphones,1,99.99,06/14/24 17:43,"272 North St, San Francisco, CA 94016"
220475,Lightning Charging Cable,1,14.95,06/22/24 10:13,"167 12th St, Dallas, TX 75001"
220476,Bose SoundSport Headphones,1,99.99,06/02/24 21:53,"47 Hickory St, Atlanta, GA 30301"
220477,Wired Headphones,1,11.99,06/14/24 21:35,"933 Dogwood St, Dallas, TX 75001"
220478,AAA Batteries (4-pack),3,2.99,06/20/24 21:50,"629 Dogwood St, Atlanta, GA 30301"
220479,Vareebadd Phone,1,400,06/08/24 14:05,"459 Forest St, New York City, NY 10001"
220480,AA Batteries (4-pack),2,3.84,06/03/24 03:27,"261 6th St, San Francisco, CA 94016"
220481,Lightning Charging Cable,2,14.95,06/14/24 20:43,"596 4th St, San Francisco, CA 94016"
220482,AAA Batteries (4-pack),1,2.99,06/03/24 03:04,"742 South St, New York City, NY 10001"
220483,AA Batteries (4-pack),1,3.84,06/17/24 19:46,"852 Washington St, New York City, NY 10001"
220484,Apple Airpods Headphones,1,150,06/09/24 14:36,"123 Willow St, Los Angeles, CA 90001"
220484,AAA Batteries (4-pack),2,2.99,06/09/24 14:36,"123 Willow St, Los Angeles, CA 90001"
220485,Lightning Charging Cable,1,14.95,06/17/24 17:37,"419 Johnson St, Los Angeles, CA 90001"
220486,27in FHD Monitor,1,149.99,06/30/24 14:14,"200 Center St, San Francisco, CA 94016"
220487,Apple Airpods Headphones,1,150,06/20/24 22:47,"759 Lake St, San Francisco, CA 94016"
220488,Lightning Charging Cable,1,14.95,06/04/24 17:54,"159 Church St, San Francisco, CA 94016"
220489,Bose SoundSport Headphones,1,99.99,06/19/24 09:26,"550 Hickory St, Seattle, WA 98101"
220490,Vareebadd Phone,1,400,06/03/24 21:55,"410 Jefferson St, San Francisco, CA 94016"
220491,USB-C Charging Cable,1,11.95,06/16/24 08:43,"654 8th St, New York City, NY 10001"
220492,USB-C Charging Cable,1,11.95,06/04/24 17:30,"811 Sunset St, Portland, OR 97035"
220493,USB-C Charging Cable,1,11.95,06/17/24 19:45,"299 Cedar St, San Francisco, CA 94016"
220494,Bose SoundSport Headphones,1,99.99,06/15/24 11:42,"831 5th St, San Francisco, CA 94016"
220495,ThinkPad Laptop,1,999.99,06/29/24 13:16,"613 Park St, San Francisco, CA 94016"
220496,20in Monitor,1,109.99,06/20/24 15:39,"889 Church St, Los Angeles, CA 90001"
220497,AAA Batteries (4-pack),1,2.99,06/16/24 13:48,"105 Madison St, New York City, NY 10001"
220498,Wired Headphones,1,11.99,06/13/24 06:30,"202 4th St, Boston, MA 02215"
220499,Lightning Charging Cable,1,14.95,06/12/24 06:56,"356 Maple St, Los Angeles, CA 90001"
220500,USB-C Charging Cable,1,11.95,06/05/24 18:44,"558 11th St, Los Angeles, CA 90001"
220501,AA Batteries (4-pack),1,3.84,06/08/24 19:57,"461 Wilson St, Atlanta, GA 30301"
220502,Lightning Charging Cable,2,14.95,06/12/24 19:25,"766 Spruce St, San Francisco, CA 94016"
220503,AA Batteries (4-pack),3,3.84,06/27/24 12:09,"907 Spruce St, Dallas, TX 75001"
220504,Bose SoundSport Headphones,1,99.99,06/04/24 12:00,"514 Park St, San Francisco, CA 94016"
220505,27in 4K Gaming Monitor,1,389.99,06/21/24 17:25,"650 12th St, Seattle, WA 98101"
220506,AAA Batteries (4-pack),1,2.99,06/04/24 00:22,"267 8th St, Los Angeles, CA 90001"
220507,USB-C Charging Cable,1,11.95,06/06/24 17:45,"686 Elm St, Boston, MA 02215"
220508,Flatscreen TV,1,300,06/14/24 12:41,"437 10th St, Boston, MA 02215"
220509,Lightning Charging Cable,2,14.95,06/25/24 10:26,"103 11th St, Portland, OR 97035"
220510,USB-C Charging Cable,1,11.95,06/27/24 16:20,"197 11th St, San Francisco, CA 94016"
220511,AA Batteries (4-pack),1,3.84,06/18/24 17:50,"833 Cedar St, Los Angeles, CA 90001"
220512,Lightning Charging Cable,1,14.95,06/27/24 19:19,"961 7th St, Los Angeles, CA 90001"
220513,Bose SoundSport Headphones,1,99.99,06/22/24 21:18,"947 Walnut St, Atlanta, GA 30301"
220514,AA Batteries (4-pack),1,3.84,06/23/24 15:55,"271 Madison St, Los Angeles, CA 90001"
220515,Wired Headphones,1,11.99,06/29/24 19:16,"296 Sunset St, Portland, OR 97035"
220516,27in FHD Monitor,1,149.99,06/12/24 20:49,"730 North St, San Francisco, CA 94016"
220517,iPhone,1,700,06/06/24 06:57,"592 Center St, San Francisco, CA 94016"
220518,AAA Batteries (4-pack),2,2.99,06/12/24 15:36,"265 Lake St, Boston, MA 02215"
220519,AA Batteries (4-pack),2,3.84,06/09/24 11:19,"172 2nd St, New York City, NY 10001"
220520,AA Batteries (4-pack),1,3.84,06/02/24 12:03,"244 Madison St, San Francisco, CA 94016"
220521,Apple Airpods Headphones,1,150,06/01/24 10:59,"482 9th St, New York City, NY 10001"
220522,27in 4K Gaming Monitor,1,389.99,06/03/24 15:54,"689 12th St, Atlanta, GA 30301"
220523,Apple Airpods Headphones,1,150,06/29/24 22:40,"902 Cedar St, Los Angeles, CA 90001"
220524,AA Batteries (4-pack),1,3.84,06/04/24 17:26,"670 10th St, Atlanta, GA 30301"
220525,iPhone,1,700,06/17/24 13:58,"814 9th St, Dallas, TX 75001"
220526,iPhone,1,700,06/01/24 16:23,"814 6th St, Los Angeles, CA 90001"
220526,Apple Airpods Headphones,1,150,06/01/24 16:23,"814 6th St, Los Angeles, CA 90001"
220527,AAA Batteries (4-pack),1,2.99,06/29/24 17:59,"410 Cherry St, Boston, MA 02215"
220528,Wired Headphones,1,11.99,06/10/24 11:26,"745 Forest St, San Francisco, CA 94016"
220529,USB-C Charging Cable,1,11.95,06/19/24 12:00,"936 Adams St, Dallas, TX 75001"
220530,AA Batteries (4-pack),4,3.84,06/03/24 08:28,"913 Spruce St, Los Angeles, CA 90001"
220531,27in FHD Monitor,1,149.99,06/13/24 19:14,"792 Lake St, Boston, MA 02215"
220532,Bose SoundSport Headphones,1,99.99,06/09/24 15:10,"688 Dogwood St, San Francisco, CA 94016"
220533,AA Batteries (4-pack),1,3.84,06/27/24 19:19,"539 Wilson St, New York City, NY 10001"
220534,Wired Headphones,1,11.99,06/20/24 18:56,"224 Center St, Seattle, WA 98101"
220535,ThinkPad Laptop,1,999.99,06/22/24 22:26,"901 Main St, New York City, NY 10001"
220536,Bose SoundSport Headphones,1,99.99,06/14/24 16:06,"484 Meadow St, Atlanta, GA 30301"
220537,Wired Headphones,1,11.99,06/09/24 00:00,"356 8th St, San Francisco, CA 94016"
220538,27in 4K Gaming Monitor,1,389.99,06/26/24 16:47,"86 Highland St, New York City, NY 10001"
220539,Wired Headphones,1,11.99,06/02/24 17:03,"552 Johnson St, Los Angeles, CA 90001"
220540,Lightning Charging Cable,1,14.95,06/26/24 07:45,"15 Ridge St, San Francisco, CA 94016"
220541,Lightning Charging Cable,1,14.95,06/12/24 14:41,"400 8th St, San Francisco, CA 94016"
220542,Lightning Charging Cable,2,14.95,06/21/24 17:44,"8 Spruce St, Los Angeles, CA 90001"
220543,AAA Batteries (4-pack),1,2.99,06/28/24 17:58,"387 Adams St, Los Angeles, CA 90001"
220544,Wired Headphones,1,11.99,06/20/24 11:54,"967 Center St, Portland, OR 97035"
220545,USB-C Charging Cable,1,11.95,06/11/24 09:15,"675 Elm St, Seattle, WA 98101"
220546,Apple Airpods Headphones,1,150,06/02/24 17:16,"382 Lakeview St, Atlanta, GA 30301"
220547,Google Phone,1,600,06/06/24 17:33,"650 Jackson St, San Francisco, CA 94016"
220548,Apple Airpods Headphones,1,150,06/10/24 20:47,"844 Lincoln St, San Francisco, CA 94016"
220549,Macbook Pro Laptop,1,1700,06/09/24 20:56,"209 Main St, Seattle, WA 98101"
220550,LG Dryer,1,600.0,06/17/24 16:55,"281 Church St, Boston, MA 02215"
220551,USB-C Charging Cable,1,11.95,06/05/24 18:18,"868 Washington St, Los Angeles, CA 90001"
220552,USB-C Charging Cable,2,11.95,06/04/24 10:47,"186 Hickory St, San Francisco, CA 94016"
220553,AAA Batteries (4-pack),1,2.99,06/01/24 08:26,"79 14th St, Boston, MA 02215"
220554,Bose SoundSport Headphones,1,99.99,06/26/24 14:47,"726 Meadow St, San Francisco, CA 94016"
220555,Wired Headphones,2,11.99,06/02/24 16:44,"95 Cedar St, Portland, OR 97035"
220556,Bose SoundSport Headphones,1,99.99,06/13/24 12:56,"710 South St, San Francisco, CA 94016"
220556,Lightning Charging Cable,1,14.95,06/13/24 12:56,"710 South St, San Francisco, CA 94016"
220557,AA Batteries (4-pack),2,3.84,06/16/24 16:45,"813 Washington St, San Francisco, CA 94016"
220558,Wired Headphones,1,11.99,06/15/24 09:35,"499 1st St, Atlanta, GA 30301"
220559,USB-C Charging Cable,1,11.95,06/08/24 17:12,"933 Jefferson St, San Francisco, CA 94016"
220560,Lightning Charging Cable,1,14.95,06/19/24 00:39,"993 Hill St, Portland, OR 97035"
220561,Bose SoundSport Headphones,1,99.99,06/26/24 14:51,"371 4th St, Los Angeles, CA 90001"
220562,Wired Headphones,1,11.99,06/12/24 20:50,"724 Center St, San Francisco, CA 94016"
220563,USB-C Charging Cable,1,11.95,06/07/24 16:54,"337 South St, San Francisco, CA 94016"
220564,USB-C Charging Cable,1,11.95,06/26/24 17:38,"588 Johnson St, Dallas, TX 75001"
220565,Lightning Charging Cable,1,14.95,06/22/24 08:01,"921 Washington St, Austin, TX 73301"
220566,Wired Headphones,1,11.99,06/27/24 19:23,"166 Dogwood St, Portland, OR 97035"
220567,34in Ultrawide Monitor,1,379.99,06/16/24 11:41,"950 Center St, Austin, TX 73301"
220568,Apple Airpods Headphones,1,150,06/22/24 08:27,"99 8th St, San Francisco, CA 94016"
220569,Wired Headphones,1,11.99,06/27/24 19:16,"928 Johnson St, Atlanta, GA 30301"
220570,27in FHD Monitor,1,149.99,06/20/24 14:11,"898 Lakeview St, San Francisco, CA 94016"
220571,Apple Airpods Headphones,1,150,06/03/24 21:22,"924 Adams St, Atlanta, GA 30301"
220572,AAA Batteries (4-pack),1,2.99,06/24/24 00:43,"96 Dogwood St, San Francisco, CA 94016"
220573,Wired Headphones,1,11.99,06/20/24 13:45,"538 Cedar St, San Francisco, CA 94016"
220574,Bose SoundSport Headphones,1,99.99,06/19/24 17:29,"26 Sunset St, San Francisco, CA 94016"
220575,Flatscreen TV,1,300,06/20/24 22:59,"799 7th St, Boston, MA 02215"
220576,Wired Headphones,2,11.99,06/02/24 10:27,"250 8th St, Los Angeles, CA 90001"
220577,AAA Batteries (4-pack),3,2.99,06/05/24 11:31,"140 7th St, New York City, NY 10001"
220578,AA Batteries (4-pack),2,3.84,06/18/24 15:05,"463 Willow St, Los Angeles, CA 90001"
220579,AAA Batteries (4-pack),1,2.99,06/27/24 16:01,"21 6th St, Los Angeles, CA 90001"
220580,Lightning Charging Cable,1,14.95,06/23/24 15:54,"553 Park St, San Francisco, CA 94016"
220581,AA Batteries (4-pack),1,3.84,06/19/24 11:29,"149 Washington St, San Francisco, CA 94016"
220582,Flatscreen TV,1,300,06/07/24 13:53,"311 Chestnut St, San Francisco, CA 94016"
220583,Macbook Pro Laptop,1,1700,06/29/24 19:27,"737 South St, New York City, NY 10001"
220584,Lightning Charging Cable,1,14.95,06/25/24 09:44,"13 Willow St, Atlanta, GA 30301"
220585,Apple Airpods Headphones,1,150,06/01/24 05:16,"158 Dogwood St, New York City, NY 10001"
220586,Wired Headphones,1,11.99,06/04/24 16:19,"921 Lake St, Seattle, WA 98101"
220587,Apple Airpods Headphones,1,150,06/03/24 21:47,"265 9th St, Portland, OR 97035"
220588,Apple Airpods Headphones,1,150,06/01/24 17:50,"671 5th St, Dallas, TX 75001"
220589,USB-C Charging Cable,1,11.95,06/27/24 18:06,"317 7th St, San Francisco, CA 94016"
220590,Apple Airpods Headphones,1,150,06/08/24 19:25,"117 10th St, Los Angeles, CA 90001"
220591,27in 4K Gaming Monitor,1,389.99,06/03/24 17:08,"84 Forest St, San Francisco, CA 94016"
220592,34in Ultrawide Monitor,1,379.99,06/08/24 11:43,"513 Main St, San Francisco, CA 94016"
220593,27in 4K Gaming Monitor,1,389.99,06/13/24 16:38,"25 Main St, San Francisco, CA 94016"
220594,Lightning Charging Cable,1,14.95,06/06/24 18:28,"50 Park St, Los Angeles, CA 90001"
220595,Macbook Pro Laptop,1,1700,06/03/24 06:49,"114 Pine St, Portland, OR 97035"
220596,Google Phone,1,600,06/13/24 22:35,"178 Church St, Dallas, TX 75001"
220597,AA Batteries (4-pack),1,3.84,06/11/24 07:52,"176 Hickory St, Portland, ME 04101"
220598,AAA Batteries (4-pack),1,2.99,06/01/24 18:37,"136 14th St, San Francisco, CA 94016"
220599,Wired Headphones,1,11.99,06/07/24 20:19,"882 Dogwood St, Seattle, WA 98101"
220600,27in 4K Gaming Monitor,1,389.99,06/08/24 23:20,"277 Jefferson St, Los Angeles, CA 90001"
220601,Bose SoundSport Headphones,1,99.99,06/21/24 00:13,"418 Madison St, Dallas, TX 75001"
220602,27in FHD Monitor,1,149.99,06/06/24 21:36,"755 Spruce St, San Francisco, CA 94016"
220603,USB-C Charging Cable,1,11.95,06/22/24 17:39,"677 Pine St, Boston, MA 02215"
220604,USB-C Charging Cable,1,11.95,06/21/24 17:55,"289 13th St, San Francisco, CA 94016"
220605,AA Batteries (4-pack),1,3.84,06/27/24 03:31,"994 South St, New York City, NY 10001"
220606,USB-C Charging Cable,1,11.95,06/22/24 10:29,"481 5th St, San Francisco, CA 94016"
220607,Lightning Charging Cable,1,14.95,06/01/24 16:25,"397 Hickory St, San Francisco, CA 94016"
220608,Lightning Charging Cable,1,14.95,06/24/24 18:31,"513 12th St, San Francisco, CA 94016"
220609,AAA Batteries (4-pack),1,2.99,06/19/24 05:41,"548 Madison St, New York City, NY 10001"
220610,Apple Airpods Headphones,1,150,06/17/24 13:31,"866 Adams St, New York City, NY 10001"
220611,Wired Headphones,1,11.99,06/07/24 12:44,"746 Lakeview St, Los Angeles, CA 90001"
220612,Bose SoundSport Headphones,1,99.99,06/22/24 16:23,"477 Adams St, San Francisco, CA 94016"
220613,Vareebadd Phone,1,400,06/28/24 08:29,"150 Ridge St, Dallas, TX 75001"
220614,AA Batteries (4-pack),2,3.84,06/13/24 13:33,"579 Cherry St, Los Angeles, CA 90001"
220615,AAA Batteries (4-pack),1,2.99,06/13/24 12:20,"528 Willow St, Los Angeles, CA 90001"
220616,Wired Headphones,1,11.99,06/19/24 10:45,"186 11th St, Portland, OR 97035"
220617,AAA Batteries (4-pack),1,2.99,06/28/24 21:19,"46 Hickory St, Boston, MA 02215"
220618,Apple Airpods Headphones,2,150,06/22/24 13:13,"664 Willow St, San Francisco, CA 94016"
220619,AA Batteries (4-pack),1,3.84,06/14/24 12:00,"718 Ridge St, Dallas, TX 75001"
220620,27in FHD Monitor,1,149.99,06/15/24 13:36,"671 Elm St, San Francisco, CA 94016"
220621,Bose SoundSport Headphones,1,99.99,06/07/24 18:30,"776 10th St, San Francisco, CA 94016"
220622,Wired Headphones,1,11.99,06/19/24 15:29,"972 South St, Los Angeles, CA 90001"
220623,AA Batteries (4-pack),1,3.84,06/30/24 23:12,"793 8th St, San Francisco, CA 94016"
220624,Lightning Charging Cable,1,14.95,06/23/24 16:32,"762 11th St, Los Angeles, CA 90001"
220625,USB-C Charging Cable,1,11.95,06/07/24 09:04,"475 Maple St, Seattle, WA 98101"
220626,27in FHD Monitor,1,149.99,06/06/24 05:09,"109 Spruce St, Atlanta, GA 30301"
220627,Flatscreen TV,1,300,06/11/24 12:59,"825 Walnut St, Los Angeles, CA 90001"
220628,AAA Batteries (4-pack),1,2.99,06/14/24 15:53,"623 14th St, San Francisco, CA 94016"
220629,AAA Batteries (4-pack),3,2.99,06/11/24 18:44,"13 2nd St, Portland, OR 97035"
220630,Apple Airpods Headphones,1,150,06/26/24 21:46,"630 Pine St, New York City, NY 10001"
220631,AA Batteries (4-pack),1,3.84,06/09/24 23:49,"365 Hill St, San Francisco, CA 94016"
220632,27in 4K Gaming Monitor,1,389.99,06/18/24 19:21,"252 6th St, Los Angeles, CA 90001"
220633,Vareebadd Phone,1,400,06/28/24 09:11,"608 12th St, San Francisco, CA 94016"
220634,USB-C Charging Cable,1,11.95,06/07/24 18:04,"347 14th St, San Francisco, CA 94016"
220635,USB-C Charging Cable,1,11.95,06/05/24 09:15,"578 2nd St, Boston, MA 02215"
220636,Lightning Charging Cable,1,14.95,06/05/24 09:20,"159 Jefferson St, Atlanta, GA 30301"
220637,Lightning Charging Cable,2,14.95,06/10/24 09:54,"980 7th St, Atlanta, GA 30301"
220638,Wired Headphones,2,11.99,06/17/24 22:28,"420 Walnut St, Austin, TX 73301"
220639,Apple Airpods Headphones,1,150,06/06/24 10:14,"356 South St, San Francisco, CA 94016"
220640,AAA Batteries (4-pack),1,2.99,06/17/24 10:11,"788 9th St, New York City, NY 10001"
220641,34in Ultrawide Monitor,1,379.99,06/27/24 20:51,"657 Hickory St, San Francisco, CA 94016"
220642,AA Batteries (4-pack),1,3.84,06/11/24 17:35,"485 Sunset St, Los Angeles, CA 90001"
220643,34in Ultrawide Monitor,1,379.99,06/30/24 11:37,"60 North St, Los Angeles, CA 90001"
220644,AAA Batteries (4-pack),2,2.99,06/22/24 21:19,"142 Sunset St, Portland, OR 97035"
220645,AA Batteries (4-pack),2,3.84,06/05/24 11:40,"822 4th St, Los Angeles, CA 90001"
220646,Apple Airpods Headphones,1,150,06/22/24 08:51,"440 Hill St, San Francisco, CA 94016"
220647,Macbook Pro Laptop,1,1700,06/01/24 13:11,"832 14th St, Austin, TX 73301"
220648,Bose SoundSport Headphones,1,99.99,06/13/24 20:31,"262 Church St, Seattle, WA 98101"
220649,LG Washing Machine,1,600.0,06/19/24 12:11,"490 Adams St, New York City, NY 10001"
220650,USB-C Charging Cable,1,11.95,06/15/24 10:12,"906 River St, Dallas, TX 75001"
220651,Wired Headphones,1,11.99,06/25/24 20:01,"204 11th St, San Francisco, CA 94016"
220652,USB-C Charging Cable,1,11.95,06/26/24 19:48,"5 River St, Portland, OR 97035"
220653,AA Batteries (4-pack),1,3.84,06/18/24 11:01,"111 Center St, San Francisco, CA 94016"
220654,AAA Batteries (4-pack),1,2.99,06/16/24 14:03,"399 13th St, San Francisco, CA 94016"
220655,Bose SoundSport Headphones,1,99.99,06/30/24 22:26,"889 14th St, Boston, MA 02215"
220656,Wired Headphones,1,11.99,06/30/24 16:19,"418 Church St, Dallas, TX 75001"
220657,AAA Batteries (4-pack),1,2.99,06/17/24 15:04,"765 Chestnut St, San Francisco, CA 94016"
220658,Vareebadd Phone,1,400,06/01/24 16:59,"116 Lakeview St, Dallas, TX 75001"
220659,Apple Airpods Headphones,1,150,06/11/24 09:24,"730 4th St, Atlanta, GA 30301"
220660,USB-C Charging Cable,1,11.95,06/20/24 10:32,"53 5th St, Seattle, WA 98101"
220661,USB-C Charging Cable,1,11.95,06/15/24 06:32,"765 Sunset St, Portland, OR 97035"
220662,27in FHD Monitor,1,149.99,06/11/24 10:28,"481 Washington St, New York City, NY 10001"
220663,Wired Headphones,1,11.99,06/08/24 09:31,"360 West St, Los Angeles, CA 90001"
220664,Google Phone,1,600,06/20/24 11:04,"138 Chestnut St, Portland, OR 97035"
220665,Google Phone,1,600,06/10/24 10:53,"2 7th St, Atlanta, GA 30301"
220666,Bose SoundSport Headphones,1,99.99,06/17/24 17:38,"342 Meadow St, San Francisco, CA 94016"
220667,USB-C Charging Cable,1,11.95,06/03/24 15:23,"514 Park St, Atlanta, GA 30301"
220668,USB-C Charging Cable,2,11.95,06/17/24 00:01,"120 4th St, Boston, MA 02215"
220669,Wired Headphones,1,11.99,06/30/24 07:32,"693 Adams St, New York City, NY 10001"
220670,34in Ultrawide Monitor,1,379.99,06/15/24 20:26,"17 Lakeview St, New York City, NY 10001"
220671,AA Batteries (4-pack),1,3.84,06/13/24 02:50,"788 Main St, Los Angeles, CA 90001"
220672,Lightning Charging Cable,1,14.95,06/21/24 15:13,"163 2nd St, Portland, ME 04101"
220673,USB-C Charging Cable,1,11.95,06/17/24 19:33,"878 Forest St, San Francisco, CA 94016"
220674,Bose SoundSport Headphones,1,99.99,06/12/24 10:06,"372 Lake St, Atlanta, GA 30301"
220675,Flatscreen TV,1,300,06/24/24 12:22,"884 11th St, Portland, OR 97035"
220676,AA Batteries (4-pack),2,3.84,06/18/24 16:42,"619 Walnut St, Seattle, WA 98101"
220677,27in 4K Gaming Monitor,1,389.99,06/17/24 12:50,"644 Cedar St, Los Angeles, CA 90001"
220678,iPhone,1,700,06/25/24 13:06,"848 Chestnut St, Los Angeles, CA 90001"
220678,Wired Headphones,1,11.99,06/25/24 13:06,"848 Chestnut St, Los Angeles, CA 90001"
220679,27in FHD Monitor,1,149.99,06/13/24 20:37,"727 11th St, Los Angeles, CA 90001"
220680,Lightning Charging Cable,1,14.95,06/04/24 15:35,"659 2nd St, Portland, ME 04101"
220681,iPhone,1,700,06/25/24 11:22,"70 Hickory St, New York City, NY 10001"
220682,20in Monitor,1,109.99,06/21/24 07:04,"710 8th St, New York City, NY 10001"
220683,Bose SoundSport Headphones,1,99.99,06/08/24 13:39,"433 7th St, New York City, NY 10001"
220684,Flatscreen TV,1,300,06/30/24 18:39,"264 Johnson St, Atlanta, GA 30301"
220685,Lightning Charging Cable,1,14.95,06/02/24 12:13,"659 Jefferson St, Seattle, WA 98101"
220686,USB-C Charging Cable,1,11.95,06/24/24 22:03,"754 7th St, San Francisco, CA 94016"
220687,USB-C Charging Cable,1,11.95,06/21/24 19:33,"36 Walnut St, Atlanta, GA 30301"
220688,Bose SoundSport Headphones,1,99.99,06/12/24 12:34,"145 Walnut St, San Francisco, CA 94016"
220689,USB-C Charging Cable,1,11.95,06/20/24 21:19,"651 Maple St, Los Angeles, CA 90001"
220690,USB-C Charging Cable,1,11.95,06/23/24 19:30,"414 Church St, San Francisco, CA 94016"
220691,Wired Headphones,1,11.99,06/17/24 16:52,"578 Lake St, San Francisco, CA 94016"
220692,34in Ultrawide Monitor,1,379.99,06/27/24 12:57,"169 4th St, Boston, MA 02215"
220693,AAA Batteries (4-pack),1,2.99,06/04/24 20:03,"266 Maple St, San Francisco, CA 94016"
220694,Wired Headphones,1,11.99,06/08/24 12:41,"572 8th St, San Francisco, CA 94016"
220695,20in Monitor,1,109.99,06/27/24 08:51,"945 9th St, Los Angeles, CA 90001"
220696,20in Monitor,1,109.99,06/06/24 13:33,"414 5th St, Dallas, TX 75001"
220697,20in Monitor,1,109.99,06/29/24 06:41,"840 Chestnut St, Los Angeles, CA 90001"
220698,AAA Batteries (4-pack),1,2.99,06/16/24 14:48,"779 Walnut St, San Francisco, CA 94016"
220699,27in 4K Gaming Monitor,1,389.99,06/10/24 17:30,"771 Wilson St, Los Angeles, CA 90001"
220700,Wired Headphones,1,11.99,06/28/24 00:42,"497 Chestnut St, Portland, OR 97035"
220701,USB-C Charging Cable,1,11.95,06/18/24 16:45,"424 Cedar St, Los Angeles, CA 90001"
220702,AA Batteries (4-pack),1,3.84,06/23/24 09:44,"468 South St, New York City, NY 10001"
220703,AAA Batteries (4-pack),3,2.99,06/18/24 18:29,"969 8th St, Seattle, WA 98101"
220704,AA Batteries (4-pack),2,3.84,06/06/24 21:39,"617 Lake St, Boston, MA 02215"
220705,AA Batteries (4-pack),1,3.84,06/05/24 19:29,"947 5th St, New York City, NY 10001"
220706,34in Ultrawide Monitor,1,379.99,06/08/24 19:57,"146 Cherry St, Portland, OR 97035"
220707,Bose SoundSport Headphones,1,99.99,06/26/24 02:33,"446 Jackson St, Los Angeles, CA 90001"
220708,USB-C Charging Cable,1,11.95,06/08/24 12:57,"479 Ridge St, Boston, MA 02215"
220709,Macbook Pro Laptop,1,1700,06/14/24 19:43,"187 North St, San Francisco, CA 94016"
220710,USB-C Charging Cable,1,11.95,06/21/24 08:15,"41 Cherry St, Portland, OR 97035"
220711,Wired Headphones,1,11.99,06/12/24 23:47,"144 North St, Boston, MA 02215"
220712,Apple Airpods Headphones,1,150,06/03/24 21:29,"385 Highland St, Los Angeles, CA 90001"
220713,34in Ultrawide Monitor,1,379.99,06/14/24 15:57,"566 Center St, San Francisco, CA 94016"
220714,Apple Airpods Headphones,1,150,06/11/24 13:23,"223 Park St, San Francisco, CA 94016"
220715,Wired Headphones,1,11.99,06/05/24 23:40,"967 Center St, San Francisco, CA 94016"
220716,27in 4K Gaming Monitor,1,389.99,06/24/24 20:15,"3 13th St, New York City, NY 10001"
220717,Wired Headphones,1,11.99,06/15/24 08:07,"569 Church St, Los Angeles, CA 90001"
220718,iPhone,1,700,06/25/24 10:11,"187 8th St, New York City, NY 10001"
220719,Macbook Pro Laptop,1,1700,06/23/24 11:44,"869 Church St, Dallas, TX 75001"
220720,Flatscreen TV,1,300,06/04/24 07:37,"569 Chestnut St, San Francisco, CA 94016"
220721,27in 4K Gaming Monitor,1,389.99,06/01/24 18:49,"754 Jefferson St, Austin, TX 73301"
220722,iPhone,1,700,06/16/24 19:21,"246 1st St, Los Angeles, CA 90001"
220723,Wired Headphones,1,11.99,06/11/24 20:59,"410 Highland St, New York City, NY 10001"
220724,USB-C Charging Cable,2,11.95,06/17/24 11:51,"36 6th St, Boston, MA 02215"
220725,AA Batteries (4-pack),2,3.84,06/05/24 21:00,"741 Johnson St, New York City, NY 10001"
220726,27in FHD Monitor,1,149.99,06/15/24 13:22,"106 Sunset St, Boston, MA 02215"
220727,AAA Batteries (4-pack),1,2.99,06/06/24 12:00,"687 Church St, Austin, TX 73301"
220728,Wired Headphones,2,11.99,06/20/24 10:47,"405 2nd St, New York City, NY 10001"
220729,Bose SoundSport Headphones,1,99.99,06/18/24 19:44,"975 9th St, Los Angeles, CA 90001"
220730,Wired Headphones,1,11.99,06/13/24 18:05,"150 Jackson St, Atlanta, GA 30301"
220731,Bose SoundSport Headphones,1,99.99,06/02/24 12:57,"722 8th St, New York City, NY 10001"
220732,Macbook Pro Laptop,1,1700,06/05/24 21:10,"80 Meadow St, Los Angeles, CA 90001"
220733,Lightning Charging Cable,1,14.95,06/30/24 10:54,"979 10th St, San Francisco, CA 94016"
220734,27in FHD Monitor,1,149.99,06/21/24 08:36,"484 Meadow St, San Francisco, CA 94016"
220735,Lightning Charging Cable,1,14.95,06/19/24 13:02,"485 Madison St, New York City, NY 10001"
220736,USB-C Charging Cable,1,11.95,06/30/24 10:40,"67 Meadow St, San Francisco, CA 94016"
220737,Macbook Pro Laptop,1,1700,06/09/24 13:34,"392 Madison St, Los Angeles, CA 90001"
220738,AAA Batteries (4-pack),1,2.99,06/26/24 19:29,"307 Johnson St, Atlanta, GA 30301"
220739,AAA Batteries (4-pack),2,2.99,06/09/24 12:06,"371 Lakeview St, Los Angeles, CA 90001"
220740,27in 4K Gaming Monitor,1,389.99,06/10/24 20:02,"315 Adams St, Seattle, WA 98101"
220741,USB-C Charging Cable,1,11.95,06/17/24 13:45,"620 Hill St, Austin, TX 73301"
220742,AAA Batteries (4-pack),1,2.99,06/04/24 18:55,"222 7th St, Boston, MA 02215"
220743,AA Batteries (4-pack),1,3.84,06/20/24 22:15,"988 5th St, Los Angeles, CA 90001"
220744,Apple Airpods Headphones,1,150,06/19/24 16:37,"968 13th St, Atlanta, GA 30301"
220745,27in FHD Monitor,1,149.99,06/19/24 21:04,"856 Johnson St, Los Angeles, CA 90001"
220746,Lightning Charging Cable,1,14.95,06/29/24 15:09,"580 Meadow St, Austin, TX 73301"
220747,AA Batteries (4-pack),1,3.84,06/01/24 12:00,"955 Jefferson St, San Francisco, CA 94016"
220748,27in 4K Gaming Monitor,1,389.99,06/20/24 02:23,"642 Ridge St, San Francisco, CA 94016"
220749,34in Ultrawide Monitor,1,379.99,06/27/24 11:12,"966 Wilson St, New York City, NY 10001"
220750,AAA Batteries (4-pack),2,2.99,06/16/24 20:39,"317 Chestnut St, Seattle, WA 98101"
220751,Bose SoundSport Headphones,1,99.99,06/06/24 18:36,"832 12th St, New York City, NY 10001"
220752,Wired Headphones,1,11.99,06/01/24 13:09,"260 Ridge St, Portland, OR 97035"
220753,Wired Headphones,1,11.99,06/04/24 18:34,"266 Madison St, Los Angeles, CA 90001"
220754,Flatscreen TV,1,300,06/10/24 20:01,"757 5th St, Los Angeles, CA 90001"
220755,USB-C Charging Cable,1,11.95,06/24/24 13:23,"656 Lake St, Los Angeles, CA 90001"
220756,Bose SoundSport Headphones,1,99.99,06/05/24 15:47,"792 Walnut St, Seattle, WA 98101"
220757,20in Monitor,1,109.99,06/21/24 17:52,"358 Cedar St, Dallas, TX 75001"
220758,AAA Batteries (4-pack),1,2.99,06/27/24 14:27,"666 Church St, Seattle, WA 98101"
220759,USB-C Charging Cable,1,11.95,06/07/24 20:46,"143 Jackson St, Los Angeles, CA 90001"
220760,AA Batteries (4-pack),1,3.84,06/28/24 09:37,"925 Cherry St, Los Angeles, CA 90001"
220761,Apple Airpods Headphones,1,150,06/16/24 19:44,"549 Meadow St, Portland, OR 97035"
220762,34in Ultrawide Monitor,1,379.99,06/08/24 20:57,"331 Highland St, Boston, MA 02215"
220763,Apple Airpods Headphones,1,150,06/06/24 08:48,"376 Johnson St, Dallas, TX 75001"
220764,AA Batteries (4-pack),1,3.84,06/25/24 10:22,"675 Hickory St, San Francisco, CA 94016"
220764,Apple Airpods Headphones,1,150,06/25/24 10:22,"675 Hickory St, San Francisco, CA 94016"
220765,USB-C Charging Cable,1,11.95,06/12/24 11:40,"860 5th St, Seattle, WA 98101"
220766,AAA Batteries (4-pack),1,2.99,06/29/24 12:31,"418 River St, San Francisco, CA 94016"
220767,Bose SoundSport Headphones,1,99.99,06/21/24 15:22,"330 Meadow St, Dallas, TX 75001"
220768,Wired Headphones,1,11.99,06/19/24 12:26,"899 1st St, Los Angeles, CA 90001"
220769,20in Monitor,1,109.99,06/16/24 09:29,"353 Meadow St, Los Angeles, CA 90001"
220770,Wired Headphones,1,11.99,06/26/24 21:08,"307 Chestnut St, San Francisco, CA 94016"
220771,AA Batteries (4-pack),1,3.84,06/27/24 18:51,"938 Pine St, Los Angeles, CA 90001"
220772,34in Ultrawide Monitor,1,379.99,06/05/24 16:06,"103 Washington St, Los Angeles, CA 90001"
220773,Wired Headphones,2,11.99,06/19/24 13:29,"862 Lincoln St, Dallas, TX 75001"
220774,27in FHD Monitor,1,149.99,06/24/24 06:49,"588 Walnut St, San Francisco, CA 94016"
220775,20in Monitor,1,109.99,06/04/24 16:00,"994 Main St, Austin, TX 73301"
220776,Apple Airpods Headphones,1,150,06/20/24 11:44,"991 Lake St, Los Angeles, CA 90001"
220777,27in 4K Gaming Monitor,1,389.99,06/13/24 13:10,"444 4th St, New York City, NY 10001"
220778,AA Batteries (4-pack),1,3.84,06/10/24 21:22,"749 Wilson St, New York City, NY 10001"
220779,AAA Batteries (4-pack),2,2.99,06/04/24 10:14,"683 Jefferson St, Los Angeles, CA 90001"
220779,Bose SoundSport Headphones,1,99.99,06/04/24 10:14,"683 Jefferson St, Los Angeles, CA 90001"
220780,AAA Batteries (4-pack),2,2.99,06/26/24 10:34,"520 Maple St, San Francisco, CA 94016"
220781,Lightning Charging Cable,1,14.95,06/15/24 23:02,"598 Chestnut St, Boston, MA 02215"
220782,Lightning Charging Cable,1,14.95,06/27/24 19:37,"69 Dogwood St, Dallas, TX 75001"
220783,Flatscreen TV,1,300,06/14/24 15:22,"531 13th St, Los Angeles, CA 90001"
220784,USB-C Charging Cable,1,11.95,06/11/24 20:28,"49 Forest St, Seattle, WA 98101"
220785,Lightning Charging Cable,1,14.95,06/02/24 16:58,"624 12th St, San Francisco, CA 94016"
220786,20in Monitor,1,109.99,06/28/24 13:43,"930 14th St, Austin, TX 73301"
220787,27in FHD Monitor,1,149.99,06/09/24 12:57,"683 Park St, Dallas, TX 75001"
220788,Bose SoundSport Headphones,1,99.99,06/02/24 09:48,"188 Lakeview St, New York City, NY 10001"
220789,Bose SoundSport Headphones,1,99.99,06/10/24 06:52,"449 Park St, San Francisco, CA 94016"
220790,iPhone,1,700,06/14/24 10:42,"953 8th St, San Francisco, CA 94016"
220791,34in Ultrawide Monitor,1,379.99,06/01/24 10:01,"964 Cherry St, Los Angeles, CA 90001"
220792,Google Phone,1,600,06/01/24 10:01,"381 7th St, Dallas, TX 75001"
220792,Bose SoundSport Headphones,1,99.99,06/01/24 10:01,"381 7th St, Dallas, TX 75001"
220793,AAA Batteries (4-pack),1,2.99,06/25/24 13:09,"929 Elm St, Austin, TX 73301"
220794,AAA Batteries (4-pack),1,2.99,06/15/24 12:59,"200 Ridge St, Dallas, TX 75001"
220795,iPhone,1,700,06/08/24 22:47,"687 Pine St, Portland, OR 97035"
220795,Lightning Charging Cable,1,14.95,06/08/24 22:47,"687 Pine St, Portland, OR 97035"
220796,Lightning Charging Cable,1,14.95,06/07/24 12:39,"943 13th St, San Francisco, CA 94016"
220797,Lightning Charging Cable,2,14.95,06/21/24 13:07,"282 10th St, San Francisco, CA 94016"
220798,AA Batteries (4-pack),1,3.84,06/18/24 10:35,"936 Maple St, Seattle, WA 98101"
220799,Lightning Charging Cable,1,14.95,06/10/24 21:05,"532 Hill St, Los Angeles, CA 90001"
220800,USB-C Charging Cable,1,11.95,06/23/24 06:56,"599 13th St, San Francisco, CA 94016"
220801,Bose SoundSport Headphones,1,99.99,06/09/24 09:51,"680 6th St, San Francisco, CA 94016"
220802,AAA Batteries (4-pack),1,2.99,06/03/24 16:55,"621 7th St, Portland, OR 97035"
220803,Apple Airpods Headphones,1,150,06/27/24 19:46,"367 Elm St, San Francisco, CA 94016"
220804,Lightning Charging Cable,1,14.95,06/23/24 22:06,"547 7th St, New York City, NY 10001"
220805,AAA Batteries (4-pack),3,2.99,06/02/24 17:30,"597 4th St, Los Angeles, CA 90001"
220806,Flatscreen TV,1,300,06/14/24 06:48,"653 West St, San Francisco, CA 94016"
220807,USB-C Charging Cable,1,11.95,06/17/24 15:20,"396 Maple St, Seattle, WA 98101"
220808,Apple Airpods Headphones,1,150,06/26/24 00:21,"79 Elm St, Boston, MA 02215"
220809,Apple Airpods Headphones,1,150,06/25/24 00:19,"987 Church St, New York City, NY 10001"
220810,Google Phone,1,600,06/05/24 16:18,"253 Elm St, Los Angeles, CA 90001"
220810,Wired Headphones,1,11.99,06/05/24 16:18,"253 Elm St, Los Angeles, CA 90001"
220811,USB-C Charging Cable,1,11.95,06/22/24 23:28,"615 Main St, New York City, NY 10001"
220812,AAA Batteries (4-pack),1,2.99,06/09/24 21:50,"542 6th St, San Francisco, CA 94016"
220813,Wired Headphones,1,11.99,06/26/24 18:50,"405 Spruce St, San Francisco, CA 94016"
220814,Wired Headphones,1,11.99,06/21/24 05:26,"767 Forest St, Los Angeles, CA 90001"
220815,27in 4K Gaming Monitor,1,389.99,06/26/24 16:32,"418 Elm St, New York City, NY 10001"
220816,iPhone,1,700,06/08/24 22:49,"810 Johnson St, San Francisco, CA 94016"
220817,Apple Airpods Headphones,1,150,06/12/24 12:31,"942 Pine St, San Francisco, CA 94016"
220818,USB-C Charging Cable,1,11.95,06/18/24 11:00,"499 13th St, San Francisco, CA 94016"
220819,Bose SoundSport Headphones,1,99.99,06/18/24 15:43,"183 Madison St, Los Angeles, CA 90001"
220820,AA Batteries (4-pack),3,3.84,06/11/24 18:28,"16 Sunset St, San Francisco, CA 94016"
220821,Lightning Charging Cable,1,14.95,06/28/24 19:43,"335 Forest St, Los Angeles, CA 90001"
220822,Apple Airpods Headphones,1,150,06/23/24 10:12,"44 Elm St, New York City, NY 10001"
220823,27in 4K Gaming Monitor,1,389.99,06/25/24 09:19,"346 River St, San Francisco, CA 94016"
220824,Lightning Charging Cable,1,14.95,06/06/24 03:24,"842 Spruce St, Seattle, WA 98101"
220825,AA Batteries (4-pack),1,3.84,06/24/24 22:08,"340 Dogwood St, Portland, OR 97035"
220826,Bose SoundSport Headphones,1,99.99,06/22/24 09:03,"705 1st St, Boston, MA 02215"
220827,AAA Batteries (4-pack),1,2.99,06/14/24 19:16,"853 Cherry St, San Francisco, CA 94016"
220828,AAA Batteries (4-pack),2,2.99,06/28/24 15:59,"286 Washington St, New York City, NY 10001"
220829,AA Batteries (4-pack),1,3.84,06/19/24 20:24,"348 Church St, Portland, OR 97035"
220830,USB-C Charging Cable,1,11.95,06/14/24 07:52,"954 Maple St, Atlanta, GA 30301"
220831,Wired Headphones,1,11.99,06/07/24 11:26,"431 Walnut St, Seattle, WA 98101"
220832,ThinkPad Laptop,1,999.99,06/17/24 22:29,"539 9th St, Los Angeles, CA 90001"
220833,Wired Headphones,1,11.99,06/12/24 14:21,"54 Forest St, New York City, NY 10001"
220834,Lightning Charging Cable,1,14.95,06/15/24 02:31,"600 Spruce St, San Francisco, CA 94016"
220835,Lightning Charging Cable,1,14.95,06/10/24 14:15,"453 Washington St, Austin, TX 73301"
220836,ThinkPad Laptop,1,999.99,06/10/24 18:38,"635 Main St, Atlanta, GA 30301"
220837,iPhone,1,700,06/30/24 11:51,"573 1st St, Seattle, WA 98101"
220837,Wired Headphones,1,11.99,06/30/24 11:51,"573 1st St, Seattle, WA 98101"
220838,AA Batteries (4-pack),2,3.84,06/24/24 20:06,"459 4th St, Los Angeles, CA 90001"
220839,Apple Airpods Headphones,1,150,06/07/24 16:40,"966 Park St, New York City, NY 10001"
220840,ThinkPad Laptop,1,999.99,06/10/24 23:10,"438 Jackson St, New York City, NY 10001"
220840,AAA Batteries (4-pack),1,2.99,06/10/24 23:10,"438 Jackson St, New York City, NY 10001"
220841,Vareebadd Phone,1,400,06/27/24 11:20,"528 Madison St, Austin, TX 73301"
220842,Lightning Charging Cable,1,14.95,06/25/24 22:19,"620 South St, San Francisco, CA 94016"
220843,Apple Airpods Headphones,1,150,06/13/24 15:54,"400 8th St, Atlanta, GA 30301"
220844,AA Batteries (4-pack),2,3.84,06/12/24 00:42,"407 4th St, San Francisco, CA 94016"
220845,AA Batteries (4-pack),1,3.84,06/02/24 09:02,"450 Main St, New York City, NY 10001"
220846,27in FHD Monitor,1,149.99,06/22/24 22:17,"894 Lake St, San Francisco, CA 94016"
220847,Flatscreen TV,1,300,06/08/24 18:55,"988 Jefferson St, New York City, NY 10001"
220848,Apple Airpods Headphones,1,150,06/14/24 09:21,"601 North St, Atlanta, GA 30301"
220848,Vareebadd Phone,1,400,06/14/24 09:21,"601 North St, Atlanta, GA 30301"
220849,27in FHD Monitor,1,149.99,06/28/24 20:13,"237 River St, Seattle, WA 98101"
220850,USB-C Charging Cable,1,11.95,06/20/24 20:26,"798 Forest St, Los Angeles, CA 90001"
220851,Wired Headphones,1,11.99,06/08/24 21:31,"999 13th St, Boston, MA 02215"
220852,AA Batteries (4-pack),1,3.84,06/26/24 16:42,"42 Hickory St, San Francisco, CA 94016"
220853,Apple Airpods Headphones,1,150,06/23/24 15:36,"724 Chestnut St, Seattle, WA 98101"
220854,AA Batteries (4-pack),1,3.84,06/07/24 11:02,"154 Cedar St, Seattle, WA 98101"
220855,Apple Airpods Headphones,1,150,06/06/24 16:25,"915 Ridge St, Boston, MA 02215"
220856,Bose SoundSport Headphones,1,99.99,06/04/24 12:18,"274 Spruce St, New York City, NY 10001"
220857,AAA Batteries (4-pack),1,2.99,06/05/24 13:50,"716 8th St, New York City, NY 10001"
220858,iPhone,1,700,06/14/24 17:49,"804 Maple St, New York City, NY 10001"
220859,Apple Airpods Headphones,1,150,06/09/24 18:50,"748 Willow St, Los Angeles, CA 90001"
220860,27in FHD Monitor,1,149.99,06/15/24 18:10,"381 1st St, New York City, NY 10001"
220861,AA Batteries (4-pack),1,3.84,06/16/24 19:05,"661 Pine St, Los Angeles, CA 90001"
220862,34in Ultrawide Monitor,1,379.99,06/05/24 13:38,"366 9th St, Los Angeles, CA 90001"
220863,Lightning Charging Cable,1,14.95,06/19/24 22:49,"229 Pine St, New York City, NY 10001"
220864,20in Monitor,1,109.99,06/25/24 21:50,"331 Center St, New York City, NY 10001"
220865,AAA Batteries (4-pack),2,2.99,06/12/24 21:42,"362 Highland St, Seattle, WA 98101"
220866,Macbook Pro Laptop,1,1700,06/16/24 14:38,"935 Cedar St, Los Angeles, CA 90001"
220867,AAA Batteries (4-pack),1,2.99,06/02/24 21:26,"770 Pine St, Boston, MA 02215"
220868,Apple Airpods Headphones,1,150,06/13/24 01:06,"143 Cherry St, Los Angeles, CA 90001"
220869,USB-C Charging Cable,1,11.95,06/19/24 01:10,"35 Johnson St, Los Angeles, CA 90001"
220870,Vareebadd Phone,1,400,06/22/24 08:15,"776 Washington St, Boston, MA 02215"
220871,27in 4K Gaming Monitor,1,389.99,06/30/24 23:47,"798 Park St, New York City, NY 10001"
220872,AAA Batteries (4-pack),1,2.99,06/20/24 20:19,"671 Adams St, Dallas, TX 75001"
220873,AAA Batteries (4-pack),1,2.99,06/05/24 13:32,"902 Hickory St, Seattle, WA 98101"
220874,AAA Batteries (4-pack),3,2.99,06/28/24 20:07,"491 Maple St, Portland, OR 97035"
220875,AA Batteries (4-pack),1,3.84,06/07/24 13:18,"660 Chestnut St, New York City, NY 10001"
220876,27in FHD Monitor,1,149.99,06/25/24 21:36,"521 Forest St, New York City, NY 10001"
220877,Lightning Charging Cable,1,14.95,06/05/24 21:12,"150 Sunset St, Seattle, WA 98101"
220878,Lightning Charging Cable,1,14.95,06/24/24 12:06,"446 Lake St, Dallas, TX 75001"
220879,Lightning Charging Cable,1,14.95,06/02/24 17:00,"651 Church St, San Francisco, CA 94016"
220880,Wired Headphones,1,11.99,06/16/24 03:00,"504 North St, Los Angeles, CA 90001"
220881,27in FHD Monitor,1,149.99,06/26/24 20:47,"465 Chestnut St, New York City, NY 10001"
220882,Lightning Charging Cable,1,14.95,06/13/24 17:53,"588 Lake St, Boston, MA 02215"
220882,Lightning Charging Cable,1,14.95,06/13/24 17:53,"588 Lake St, Boston, MA 02215"
220883,Lightning Charging Cable,1,14.95,06/15/24 15:54,"56 Maple St, Los Angeles, CA 90001"
220884,20in Monitor,1,109.99,06/26/24 20:42,"36 Meadow St, Los Angeles, CA 90001"
220885,27in 4K Gaming Monitor,1,389.99,06/02/24 14:57,"615 Wilson St, Portland, OR 97035"
220886,Lightning Charging Cable,1,14.95,06/25/24 17:37,"366 Washington St, San Francisco, CA 94016"
220887,Apple Airpods Headphones,1,150,06/04/24 10:23,"340 North St, Dallas, TX 75001"
220888,Wired Headphones,1,11.99,06/14/24 13:18,"817 Meadow St, Portland, OR 97035"
220889,AAA Batteries (4-pack),1,2.99,06/16/24 14:04,"466 6th St, Austin, TX 73301"
220890,AAA Batteries (4-pack),4,2.99,06/20/24 20:40,"519 13th St, Boston, MA 02215"
220891,Lightning Charging Cable,1,14.95,06/22/24 02:31,"756 North St, Boston, MA 02215"
220892,Google Phone,1,600,06/29/24 13:03,"989 11th St, San Francisco, CA 94016"
220893,Wired Headphones,1,11.99,06/26/24 16:34,"370 Church St, Austin, TX 73301"
220894,Google Phone,1,600,06/21/24 05:40,"892 Dogwood St, Boston, MA 02215"
220894,Wired Headphones,1,11.99,06/21/24 05:40,"892 Dogwood St, Boston, MA 02215"
220895,AAA Batteries (4-pack),2,2.99,06/10/24 20:30,"380 Church St, San Francisco, CA 94016"
220896,34in Ultrawide Monitor,1,379.99,06/27/24 14:49,"647 Main St, Dallas, TX 75001"
220897,34in Ultrawide Monitor,1,379.99,06/06/24 21:48,"453 Elm St, Austin, TX 73301"
220898,Google Phone,1,600,06/13/24 06:29,"945 Dogwood St, Los Angeles, CA 90001"
220899,Lightning Charging Cable,1,14.95,06/30/24 12:17,"294 8th St, Atlanta, GA 30301"
220900,iPhone,1,700,06/14/24 21:31,"2 River St, San Francisco, CA 94016"
220901,Bose SoundSport Headphones,1,99.99,06/16/24 15:09,"871 Jefferson St, Atlanta, GA 30301"
220902,AA Batteries (4-pack),2,3.84,06/12/24 12:06,"679 South St, New York City, NY 10001"
220903,Bose SoundSport Headphones,1,99.99,06/09/24 07:55,"271 Pine St, Dallas, TX 75001"
220904,Apple Airpods Headphones,1,150,06/07/24 22:55,"578 Walnut St, Portland, OR 97035"
220905,Macbook Pro Laptop,1,1700,06/23/24 13:04,"486 Chestnut St, Los Angeles, CA 90001"
220906,20in Monitor,1,109.99,06/14/24 18:48,"392 South St, Dallas, TX 75001"
220907,Flatscreen TV,1,300,06/15/24 21:41,"342 6th St, Boston, MA 02215"
220908,iPhone,1,700,06/15/24 21:11,"757 Main St, New York City, NY 10001"
220909,AA Batteries (4-pack),1,3.84,06/25/24 23:25,"315 Adams St, Portland, OR 97035"
220910,Apple Airpods Headphones,1,150,06/19/24 23:33,"935 9th St, Seattle, WA 98101"
220911,iPhone,1,700,06/17/24 18:00,"166 Walnut St, Boston, MA 02215"
220912,Flatscreen TV,1,300,06/06/24 21:41,"772 Maple St, Los Angeles, CA 90001"
220913,27in FHD Monitor,1,149.99,06/04/24 20:09,"890 Main St, Austin, TX 73301"
220913,Bose SoundSport Headphones,1,99.99,06/04/24 20:09,"890 Main St, Austin, TX 73301"
220914,Apple Airpods Headphones,1,150,06/30/24 08:37,"661 Lake St, Los Angeles, CA 90001"
220915,AAA Batteries (4-pack),2,2.99,06/14/24 19:17,"733 West St, Seattle, WA 98101"
220916,Lightning Charging Cable,1,14.95,06/07/24 17:46,"526 9th St, San Francisco, CA 94016"
220917,ThinkPad Laptop,1,999.99,06/01/24 11:19,"551 Willow St, Portland, ME 04101"
220918,34in Ultrawide Monitor,1,379.99,06/05/24 06:52,"706 Madison St, San Francisco, CA 94016"
220919,Lightning Charging Cable,1,14.95,06/20/24 22:43,"55 Wilson St, Boston, MA 02215"
220920,AA Batteries (4-pack),1,3.84,06/18/24 21:13,"69 Adams St, Austin, TX 73301"
220921,AAA Batteries (4-pack),2,2.99,06/03/24 09:47,"362 Pine St, San Francisco, CA 94016"
220922,Apple Airpods Headphones,1,150,06/05/24 11:49,"544 Ridge St, Portland, OR 97035"
220923,34in Ultrawide Monitor,1,379.99,06/20/24 00:27,"761 Pine St, Seattle, WA 98101"
220924,Google Phone,1,600,06/09/24 22:26,"77 River St, Atlanta, GA 30301"
220924,USB-C Charging Cable,1,11.95,06/09/24 22:26,"77 River St, Atlanta, GA 30301"
220925,27in 4K Gaming Monitor,1,389.99,06/18/24 00:25,"46 Forest St, San Francisco, CA 94016"
220926,Wired Headphones,1,11.99,06/17/24 21:32,"201 Forest St, San Francisco, CA 94016"
220927,AA Batteries (4-pack),4,3.84,06/15/24 18:36,"274 West St, Los Angeles, CA 90001"
220928,Wired Headphones,1,11.99,06/09/24 13:00,"519 7th St, Dallas, TX 75001"
220929,USB-C Charging Cable,1,11.95,06/26/24 10:13,"169 13th St, San Francisco, CA 94016"
220929,AA Batteries (4-pack),2,3.84,06/26/24 10:13,"169 13th St, San Francisco, CA 94016"
220930,34in Ultrawide Monitor,1,379.99,06/26/24 08:30,"700 Meadow St, San Francisco, CA 94016"
220931,AAA Batteries (4-pack),1,2.99,06/16/24 20:23,"220 Highland St, New York City, NY 10001"
220932,AA Batteries (4-pack),1,3.84,06/14/24 23:02,"986 Hill St, New York City, NY 10001"
220933,Flatscreen TV,1,300,06/19/24 12:22,"835 Lakeview St, Atlanta, GA 30301"
220934,Apple Airpods Headphones,1,150,06/03/24 21:34,"923 West St, New York City, NY 10001"
220935,Apple Airpods Headphones,1,150,06/13/24 20:21,"805 6th St, Austin, TX 73301"
,,,,,
220936,AAA Batteries (4-pack),1,2.99,06/13/24 12:47,"513 Jefferson St, Austin, TX 73301"
220937,Vareebadd Phone,1,400,06/05/24 14:41,"767 14th St, Seattle, WA 98101"
220937,USB-C Charging Cable,1,11.95,06/05/24 14:41,"767 14th St, Seattle, WA 98101"
220938,27in FHD Monitor,1,149.99,06/18/24 20:57,"141 Madison St, New York City, NY 10001"
220939,AA Batteries (4-pack),1,3.84,06/16/24 20:56,"975 7th St, Boston, MA 02215"
220940,AA Batteries (4-pack),2,3.84,06/06/24 12:26,"372 Highland St, Los Angeles, CA 90001"
220941,iPhone,1,700,06/15/24 14:18,"219 Meadow St, Atlanta, GA 30301"
220942,Wired Headphones,1,11.99,06/29/24 11:28,"182 River St, New York City, NY 10001"
220943,Apple Airpods Headphones,1,150,06/01/24 08:08,"414 12th St, Los Angeles, CA 90001"
220944,Google Phone,1,600,06/24/24 20:33,"15 Lakeview St, Boston, MA 02215"
220945,Wired Headphones,1,11.99,06/28/24 13:35,"228 Meadow St, Portland, OR 97035"
220946,Apple Airpods Headphones,1,150,06/19/24 15:57,"960 7th St, Dallas, TX 75001"
220947,27in FHD Monitor,1,149.99,06/27/24 18:07,"655 Cedar St, San Francisco, CA 94016"
220948,AAA Batteries (4-pack),1,2.99,06/30/24 20:39,"399 10th St, San Francisco, CA 94016"
220949,Lightning Charging Cable,1,14.95,06/01/24 17:46,"488 Center St, Los Angeles, CA 90001"
220950,AAA Batteries (4-pack),1,2.99,06/01/24 15:37,"664 8th St, Seattle, WA 98101"
220951,Wired Headphones,2,11.99,06/16/24 19:27,"188 River St, Atlanta, GA 30301"
220952,Bose SoundSport Headphones,1,99.99,06/28/24 20:48,"232 1st St, Seattle, WA 98101"
220953,Bose SoundSport Headphones,1,99.99,06/24/24 06:50,"516 Lake St, Portland, OR 97035"
220954,Wired Headphones,1,11.99,06/19/24 09:23,"176 North St, San Francisco, CA 94016"
220955,Lightning Charging Cable,1,14.95,06/24/24 11:13,"244 Lincoln St, Boston, MA 02215"
220956,AAA Batteries (4-pack),1,2.99,06/15/24 16:47,"869 8th St, Los Angeles, CA 90001"
220957,AAA Batteries (4-pack),2,2.99,06/10/24 13:52,"752 Highland St, New York City, NY 10001"
220958,Apple Airpods Headphones,1,150,06/24/24 07:56,"792 Spruce St, San Francisco, CA 94016"
220959,Wired Headphones,1,11.99,06/16/24 07:29,"112 Main St, San Francisco, CA 94016"
220960,Lightning Charging Cable,1,14.95,06/06/24 14:07,"64 Forest St, Atlanta, GA 30301"
220961,Macbook Pro Laptop,1,1700,06/20/24 09:46,"673 Main St, Los Angeles, CA 90001"
220962,iPhone,1,700,06/12/24 20:27,"852 8th St, San Francisco, CA 94016"
220963,AA Batteries (4-pack),1,3.84,06/28/24 17:11,"628 Lakeview St, Los Angeles, CA 90001"
220964,AAA Batteries (4-pack),1,2.99,06/30/24 15:54,"837 Lakeview St, New York City, NY 10001"
220965,27in 4K Gaming Monitor,1,389.99,06/16/24 19:54,"560 8th St, Los Angeles, CA 90001"
220966,27in 4K Gaming Monitor,1,389.99,06/09/24 12:49,"937 13th St, Portland, OR 97035"
220967,Apple Airpods Headphones,1,150,06/19/24 19:44,"638 Center St, Seattle, WA 98101"
220968,Lightning Charging Cable,1,14.95,06/28/24 18:45,"697 5th St, New York City, NY 10001"
220968,Bose SoundSport Headphones,1,99.99,06/28/24 18:45,"697 5th St, New York City, NY 10001"
220969,Apple Airpods Headphones,1,150,06/30/24 18:41,"992 Madison St, Los Angeles, CA 90001"
220970,ThinkPad Laptop,1,999.99,06/25/24 23:57,"857 West St, Atlanta, GA 30301"
220971,Wired Headphones,1,11.99,06/06/24 15:13,"323 Cherry St, Boston, MA 02215"
220972,20in Monitor,1,109.99,06/17/24 09:38,"925 Willow St, Dallas, TX 75001"
220973,Bose SoundSport Headphones,1,99.99,06/14/24 13:43,"614 Hill St, Portland, OR 97035"
220974,AAA Batteries (4-pack),4,2.99,06/09/24 07:07,"305 12th St, San Francisco, CA 94016"
220975,Lightning Charging Cable,1,14.95,06/15/24 14:17,"86 Willow St, Atlanta, GA 30301"
220976,27in 4K Gaming Monitor,1,389.99,06/18/24 11:04,"456 Cedar St, Los Angeles, CA 90001"
220977,Flatscreen TV,1,300,06/12/24 19:47,"254 South St, Dallas, TX 75001"
220978,Wired Headphones,1,11.99,06/16/24 20:13,"665 Forest St, Boston, MA 02215"
220979,AA Batteries (4-pack),2,3.84,06/27/24 11:03,"713 Lake St, San Francisco, CA 94016"
220980,27in FHD Monitor,1,149.99,06/14/24 08:55,"675 Elm St, Boston, MA 02215"
220981,Wired Headphones,1,11.99,06/10/24 16:39,"583 Church St, Los Angeles, CA 90001"
220982,LG Dryer,1,600.0,06/07/24 23:14,"997 Lincoln St, Los Angeles, CA 90001"
220983,Bose SoundSport Headphones,1,99.99,06/17/24 23:30,"790 7th St, Los Angeles, CA 90001"
220984,AA Batteries (4-pack),1,3.84,06/17/24 18:30,"687 Ridge St, Atlanta, GA 30301"
220985,Apple Airpods Headphones,1,150,06/20/24 17:14,"760 Adams St, Los Angeles, CA 90001"
220986,AAA Batteries (4-pack),1,2.99,06/10/24 14:49,"454 Wilson St, Boston, MA 02215"
220987,Macbook Pro Laptop,1,1700,06/02/24 19:27,"611 2nd St, San Francisco, CA 94016"
220988,AA Batteries (4-pack),1,3.84,06/06/24 19:46,"342 Willow St, New York City, NY 10001"
220989,27in 4K Gaming Monitor,1,389.99,06/18/24 18:17,"746 Cedar St, Los Angeles, CA 90001"
220990,USB-C Charging Cable,1,11.95,06/11/24 11:29,"908 4th St, Dallas, TX 75001"
220991,Lightning Charging Cable,1,14.95,06/30/24 19:50,"329 Walnut St, Seattle, WA 98101"
220992,34in Ultrawide Monitor,1,379.99,06/25/24 15:54,"701 10th St, Dallas, TX 75001"
220993,Lightning Charging Cable,1,14.95,06/20/24 10:01,"743 Maple St, Boston, MA 02215"
220994,AA Batteries (4-pack),1,3.84,06/21/24 16:44,"477 Ridge St, San Francisco, CA 94016"
220995,AA Batteries (4-pack),1,3.84,06/05/24 08:19,"237 Jackson St, San Francisco, CA 94016"
220996,AA Batteries (4-pack),1,3.84,06/29/24 12:01,"104 7th St, Los Angeles, CA 90001"
220997,iPhone,1,700,06/21/24 16:35,"577 Church St, Dallas, TX 75001"
220997,Lightning Charging Cable,1,14.95,06/21/24 16:35,"577 Church St, Dallas, TX 75001"
220998,Flatscreen TV,2,300,06/03/24 14:06,"953 1st St, Boston, MA 02215"
220999,Bose SoundSport Headphones,1,99.99,06/14/24 14:17,"517 Spruce St, San Francisco, CA 94016"
221000,Bose SoundSport Headphones,2,99.99,06/20/24 13:24,"703 Walnut St, Boston, MA 02215"
221001,Flatscreen TV,1,300,06/12/24 14:05,"967 11th St, Boston, MA 02215"
221002,AA Batteries (4-pack),2,3.84,06/17/24 15:31,"191 Elm St, Atlanta, GA 30301"
221003,iPhone,1,700,06/23/24 12:37,"981 Chestnut St, San Francisco, CA 94016"
221004,USB-C Charging Cable,1,11.95,06/12/24 19:34,"788 Lakeview St, Portland, OR 97035"
221005,34in Ultrawide Monitor,1,379.99,06/08/24 13:00,"366 7th St, Portland, ME 04101"
221006,AA Batteries (4-pack),1,3.84,06/16/24 18:57,"757 13th St, San Francisco, CA 94016"
221007,USB-C Charging Cable,1,11.95,06/03/24 17:09,"889 6th St, Los Angeles, CA 90001"
221008,34in Ultrawide Monitor,1,379.99,06/01/24 22:12,"619 Hickory St, Los Angeles, CA 90001"
221009,Macbook Pro Laptop,1,1700,06/13/24 21:19,"12 4th St, Seattle, WA 98101"
221010,Lightning Charging Cable,1,14.95,06/20/24 16:20,"280 Walnut St, Los Angeles, CA 90001"
221011,AA Batteries (4-pack),2,3.84,06/22/24 17:50,"398 Hickory St, San Francisco, CA 94016"
221012,AAA Batteries (4-pack),1,2.99,06/28/24 20:08,"969 Center St, Los Angeles, CA 90001"
221013,USB-C Charging Cable,1,11.95,06/14/24 15:03,"439 Sunset St, San Francisco, CA 94016"
221014,27in FHD Monitor,1,149.99,06/17/24 10:33,"920 2nd St, Atlanta, GA 30301"
221015,iPhone,1,700,06/10/24 10:01,"722 Cedar St, New York City, NY 10001"
221016,34in Ultrawide Monitor,1,379.99,06/25/24 10:22,"948 Highland St, San Francisco, CA 94016"
221017,Macbook Pro Laptop,1,1700,06/20/24 16:21,"195 Walnut St, Los Angeles, CA 90001"
221018,Wired Headphones,1,11.99,06/23/24 01:28,"20 Lincoln St, Atlanta, GA 30301"
221019,Macbook Pro Laptop,1,1700,06/02/24 12:00,"867 Elm St, Los Angeles, CA 90001"
221020,Flatscreen TV,1,300,06/22/24 11:35,"61 Hill St, Los Angeles, CA 90001"
221021,LG Washing Machine,1,600.0,06/16/24 18:11,"630 9th St, Los Angeles, CA 90001"
221022,Google Phone,1,600,06/04/24 01:33,"500 13th St, New York City, NY 10001"
221022,USB-C Charging Cable,1,11.95,06/04/24 01:33,"500 13th St, New York City, NY 10001"
221023,Wired Headphones,1,11.99,06/11/24 20:24,"60 Pine St, San Francisco, CA 94016"
221024,Bose SoundSport Headphones,1,99.99,06/30/24 17:08,"287 Dogwood St, Austin, TX 73301"
221025,Apple Airpods Headphones,1,150,06/19/24 21:20,"125 North St, Dallas, TX 75001"
221026,Bose SoundSport Headphones,1,99.99,06/29/24 09:41,"846 Pine St, Seattle, WA 98101"
221027,Apple Airpods Headphones,1,150,06/22/24 18:40,"628 8th St, San Francisco, CA 94016"
221028,Bose SoundSport Headphones,1,99.99,06/01/24 19:27,"179 West St, Los Angeles, CA 90001"
221029,27in FHD Monitor,1,149.99,06/06/24 17:25,"641 Lincoln St, Atlanta, GA 30301"
221030,AA Batteries (4-pack),1,3.84,06/05/24 07:45,"189 Johnson St, Dallas, TX 75001"
221031,AAA Batteries (4-pack),1,2.99,06/11/24 07:55,"972 Pine St, San Francisco, CA 94016"
221032,Lightning Charging Cable,1,14.95,06/07/24 18:28,"916 1st St, Los Angeles, CA 90001"
221033,Flatscreen TV,1,300,06/20/24 13:35,"337 10th St, San Francisco, CA 94016"
221034,Lightning Charging Cable,1,14.95,06/13/24 21:22,"193 Adams St, New York City, NY 10001"
221035,Google Phone,1,600,06/28/24 22:24,"160 South St, San Francisco, CA 94016"
221035,USB-C Charging Cable,1,11.95,06/28/24 22:24,"160 South St, San Francisco, CA 94016"
221035,Wired Headphones,1,11.99,06/28/24 22:24,"160 South St, San Francisco, CA 94016"
221036,Bose SoundSport Headphones,1,99.99,06/25/24 19:48,"30 Pine St, Austin, TX 73301"
221037,Macbook Pro Laptop,1,1700,06/08/24 19:21,"196 Hill St, Los Angeles, CA 90001"
221038,Bose SoundSport Headphones,1,99.99,06/14/24 20:39,"944 Meadow St, Atlanta, GA 30301"
221039,USB-C Charging Cable,1,11.95,06/24/24 23:58,"592 14th St, Austin, TX 73301"
221040,Lightning Charging Cable,1,14.95,06/04/24 08:10,"584 Hickory St, San Francisco, CA 94016"
221041,AA Batteries (4-pack),1,3.84,06/08/24 14:45,"27 13th St, Boston, MA 02215"
221042,ThinkPad Laptop,1,999.99,06/21/24 18:18,"787 1st St, Los Angeles, CA 90001"
221043,Lightning Charging Cable,1,14.95,06/06/24 16:26,"732 8th St, Seattle, WA 98101"
221044,Wired Headphones,1,11.99,06/27/24 19:13,"37 Hill St, Boston, MA 02215"
221045,27in FHD Monitor,1,149.99,06/24/24 15:24,"674 2nd St, Boston, MA 02215"
221046,Lightning Charging Cable,1,14.95,06/25/24 21:52,"864 Lincoln St, Atlanta, GA 30301"
221047,Lightning Charging Cable,1,14.95,06/17/24 07:51,"164 Meadow St, New York City, NY 10001"
221048,AAA Batteries (4-pack),1,2.99,06/08/24 15:52,"490 Chestnut St, New York City, NY 10001"
221049,Bose SoundSport Headphones,1,99.99,06/27/24 12:46,"757 4th St, Portland, ME 04101"
221050,USB-C Charging Cable,1,11.95,06/20/24 14:02,"985 5th St, Los Angeles, CA 90001"
221051,Lightning Charging Cable,1,14.95,06/16/24 15:28,"579 West St, New York City, NY 10001"
221052,iPhone,1,700,06/11/24 12:13,"600 Jackson St, San Francisco, CA 94016"
221053,AA Batteries (4-pack),1,3.84,06/29/24 09:50,"335 1st St, Los Angeles, CA 90001"
221054,Macbook Pro Laptop,1,1700,06/20/24 19:21,"558 Meadow St, Atlanta, GA 30301"
221055,Lightning Charging Cable,1,14.95,06/23/24 19:45,"878 11th St, Dallas, TX 75001"
221056,AA Batteries (4-pack),1,3.84,06/03/24 10:49,"429 Meadow St, New York City, NY 10001"
221057,Lightning Charging Cable,1,14.95,06/03/24 12:33,"258 Spruce St, San Francisco, CA 94016"
221058,USB-C Charging Cable,2,11.95,06/11/24 18:42,"953 Madison St, Seattle, WA 98101"
221059,Macbook Pro Laptop,1,1700,06/06/24 18:40,"724 8th St, Los Angeles, CA 90001"
221060,AA Batteries (4-pack),1,3.84,06/08/24 22:37,"262 14th St, Seattle, WA 98101"
221061,34in Ultrawide Monitor,1,379.99,06/24/24 17:20,"559 2nd St, Atlanta, GA 30301"
221062,AAA Batteries (4-pack),1,2.99,06/03/24 16:54,"345 Sunset St, Austin, TX 73301"
221063,AA Batteries (4-pack),1,3.84,06/30/24 15:08,"35 Wilson St, Boston, MA 02215"
221064,Apple Airpods Headphones,1,150,06/17/24 18:19,"3 Ridge St, Atlanta, GA 30301"
221065,Bose SoundSport Headphones,1,99.99,06/24/24 22:17,"649 Ridge St, Portland, ME 04101"
221066,34in Ultrawide Monitor,1,379.99,06/24/24 14:48,"160 Maple St, Boston, MA 02215"
221067,Apple Airpods Headphones,1,150,06/17/24 20:19,"234 South St, Boston, MA 02215"
221068,Apple Airpods Headphones,1,150,06/09/24 21:47,"948 Elm St, San Francisco, CA 94016"
221069,Wired Headphones,1,11.99,06/05/24 13:30,"769 Ridge St, Dallas, TX 75001"
221070,Bose SoundSport Headphones,1,99.99,06/14/24 22:27,"837 2nd St, Boston, MA 02215"
221071,Bose SoundSport Headphones,1,99.99,06/13/24 10:24,"963 River St, New York City, NY 10001"
221072,Lightning Charging Cable,2,14.95,06/01/24 19:21,"388 North St, Dallas, TX 75001"
221073,USB-C Charging Cable,1,11.95,06/06/24 13:42,"915 Highland St, San Francisco, CA 94016"
221074,Vareebadd Phone,1,400,06/23/24 07:47,"924 Jefferson St, San Francisco, CA 94016"
221075,ThinkPad Laptop,1,999.99,06/25/24 21:22,"366 Highland St, San Francisco, CA 94016"
221076,Wired Headphones,1,11.99,06/01/24 11:08,"964 Jackson St, Dallas, TX 75001"
221077,Apple Airpods Headphones,1,150,06/12/24 08:57,"519 7th St, Atlanta, GA 30301"
221078,Flatscreen TV,1,300,06/21/24 21:41,"952 Church St, Austin, TX 73301"
221079,Google Phone,1,600,06/25/24 14:30,"113 2nd St, Boston, MA 02215"
221079,USB-C Charging Cable,1,11.95,06/25/24 14:30,"113 2nd St, Boston, MA 02215"
221080,Macbook Pro Laptop,1,1700,06/18/24 19:37,"492 Cherry St, San Francisco, CA 94016"
221081,Apple Airpods Headphones,1,150,06/08/24 23:19,"909 West St, Los Angeles, CA 90001"
221082,USB-C Charging Cable,1,11.95,06/06/24 23:50,"922 Wilson St, Los Angeles, CA 90001"
221083,Apple Airpods Headphones,1,150,06/01/24 16:09,"14 Hill St, New York City, NY 10001"
221084,Bose SoundSport Headphones,1,99.99,06/22/24 17:15,"986 Sunset St, San Francisco, CA 94016"
221085,27in 4K Gaming Monitor,1,389.99,06/02/24 15:58,"601 Jefferson St, Dallas, TX 75001"
221086,AAA Batteries (4-pack),3,2.99,06/23/24 15:07,"737 10th St, Austin, TX 73301"
221087,Apple Airpods Headphones,1,150,06/09/24 07:52,"586 Forest St, Boston, MA 02215"
221088,34in Ultrawide Monitor,1,379.99,06/01/24 11:07,"776 Main St, San Francisco, CA 94016"
221089,27in FHD Monitor,1,149.99,06/09/24 13:54,"556 8th St, Boston, MA 02215"
221090,Lightning Charging Cable,1,14.95,06/06/24 18:53,"898 Highland St, Los Angeles, CA 90001"
221090,AA Batteries (4-pack),2,3.84,06/06/24 18:53,"898 Highland St, Los Angeles, CA 90001"
221091,AA Batteries (4-pack),1,3.84,06/27/24 14:01,"217 Walnut St, New York City, NY 10001"
221092,ThinkPad Laptop,1,999.99,06/23/24 16:08,"647 Forest St, San Francisco, CA 94016"
221093,Bose SoundSport Headphones,1,99.99,06/20/24 17:45,"346 Cedar St, Atlanta, GA 30301"
221094,20in Monitor,1,109.99,06/11/24 14:27,"135 7th St, Austin, TX 73301"
221095,Apple Airpods Headphones,1,150,06/09/24 17:04,"863 Jackson St, Boston, MA 02215"
221096,AAA Batteries (4-pack),1,2.99,06/15/24 10:19,"206 South St, Seattle, WA 98101"
221097,AAA Batteries (4-pack),3,2.99,06/05/24 17:53,"23 Pine St, Seattle, WA 98101"
221098,AA Batteries (4-pack),1,3.84,06/06/24 21:41,"201 8th St, San Francisco, CA 94016"
221099,Wired Headphones,1,11.99,06/29/24 21:52,"822 5th St, New York City, NY 10001"
221100,Wired Headphones,1,11.99,06/08/24 12:19,"854 Elm St, Seattle, WA 98101"
221101,USB-C Charging Cable,1,11.95,06/30/24 20:26,"39 Dogwood St, Los Angeles, CA 90001"
221101,27in 4K Gaming Monitor,1,389.99,06/30/24 20:26,"39 Dogwood St, Los Angeles, CA 90001"
221102,AA Batteries (4-pack),1,3.84,06/09/24 00:25,"377 9th St, Los Angeles, CA 90001"
221103,Macbook Pro Laptop,1,1700,06/22/24 20:16,"289 11th St, Los Angeles, CA 90001"
221104,Wired Headphones,1,11.99,06/11/24 21:41,"341 Center St, San Francisco, CA 94016"
221105,ThinkPad Laptop,1,999.99,06/05/24 19:18,"357 Walnut St, Atlanta, GA 30301"
221106,Macbook Pro Laptop,1,1700,06/16/24 09:38,"286 River St, Austin, TX 73301"
221107,AA Batteries (4-pack),1,3.84,06/25/24 11:24,"359 Church St, Dallas, TX 75001"
221108,Apple Airpods Headphones,1,150,06/09/24 07:29,"536 Hill St, Seattle, WA 98101"
221109,Bose SoundSport Headphones,1,99.99,06/17/24 21:26,"233 2nd St, Boston, MA 02215"
221110,AAA Batteries (4-pack),4,2.99,06/07/24 19:40,"319 Walnut St, Dallas, TX 75001"
221111,AA Batteries (4-pack),2,3.84,06/18/24 07:46,"45 Maple St, Portland, OR 97035"
221112,Bose SoundSport Headphones,1,99.99,06/28/24 15:58,"35 Walnut St, Los Angeles, CA 90001"
221113,Lightning Charging Cable,1,14.95,06/04/24 18:34,"503 Church St, Los Angeles, CA 90001"
221114,Bose SoundSport Headphones,1,99.99,06/09/24 23:15,"505 Hickory St, San Francisco, CA 94016"
221115,20in Monitor,1,109.99,06/02/24 16:11,"557 Hill St, Seattle, WA 98101"
221116,Lightning Charging Cable,1,14.95,06/14/24 14:10,"430 8th St, San Francisco, CA 94016"
221117,Lightning Charging Cable,2,14.95,06/20/24 00:02,"367 9th St, San Francisco, CA 94016"
221118,Flatscreen TV,1,300,06/24/24 08:33,"878 River St, New York City, NY 10001"
221119,ThinkPad Laptop,1,999.99,06/07/24 09:16,"552 7th St, San Francisco, CA 94016"
221120,Google Phone,1,600,06/14/24 12:10,"711 Cedar St, Los Angeles, CA 90001"
221121,Lightning Charging Cable,1,14.95,06/08/24 20:53,"75 Elm St, Dallas, TX 75001"
221122,20in Monitor,1,109.99,06/20/24 11:15,"574 Church St, New York City, NY 10001"
221123,Wired Headphones,1,11.99,06/27/24 10:26,"270 West St, San Francisco, CA 94016"
221124,AAA Batteries (4-pack),1,2.99,06/11/24 15:14,"7 West St, Los Angeles, CA 90001"
221125,Lightning Charging Cable,1,14.95,06/12/24 08:04,"598 North St, Dallas, TX 75001"
221126,Flatscreen TV,1,300,06/25/24 06:17,"380 Lake St, Boston, MA 02215"
221127,USB-C Charging Cable,1,11.95,06/06/24 17:59,"144 Hill St, Atlanta, GA 30301"
221128,USB-C Charging Cable,1,11.95,06/12/24 09:26,"780 5th St, Dallas, TX 75001"
221129,27in 4K Gaming Monitor,1,389.99,06/27/24 09:17,"217 Washington St, Atlanta, GA 30301"
221130,20in Monitor,1,109.99,06/27/24 12:52,"434 Pine St, Portland, ME 04101"
221131,Vareebadd Phone,1,400,06/29/24 13:57,"538 Elm St, Portland, OR 97035"
221132,Lightning Charging Cable,2,14.95,06/16/24 10:38,"940 Dogwood St, Seattle, WA 98101"
221133,iPhone,1,700,06/17/24 15:04,"647 Jefferson St, New York City, NY 10001"
221134,Lightning Charging Cable,1,14.95,06/10/24 10:48,"910 Church St, Atlanta, GA 30301"
221135,Wired Headphones,1,11.99,06/18/24 17:47,"739 West St, Seattle, WA 98101"
221136,Lightning Charging Cable,1,14.95,06/30/24 15:36,"417 South St, Atlanta, GA 30301"
221137,Flatscreen TV,1,300,06/08/24 08:58,"195 North St, Boston, MA 02215"
221138,Bose SoundSport Headphones,1,99.99,06/17/24 10:23,"586 Hill St, Atlanta, GA 30301"
221139,Wired Headphones,1,11.99,06/16/24 18:15,"893 Lincoln St, San Francisco, CA 94016"
221140,Apple Airpods Headphones,1,150,06/16/24 18:40,"46 Maple St, Atlanta, GA 30301"
221141,AAA Batteries (4-pack),4,2.99,06/02/24 18:49,"776 Main St, San Francisco, CA 94016"
221142,Apple Airpods Headphones,1,150,06/13/24 16:02,"664 Main St, San Francisco, CA 94016"
221143,USB-C Charging Cable,1,11.95,06/02/24 19:00,"173 1st St, Boston, MA 02215"
221144,AAA Batteries (4-pack),3,2.99,06/18/24 17:01,"240 South St, Atlanta, GA 30301"
221145,Bose SoundSport Headphones,1,99.99,06/19/24 10:38,"715 Highland St, Los Angeles, CA 90001"
221146,20in Monitor,1,109.99,06/17/24 04:42,"581 North St, Boston, MA 02215"
221147,Lightning Charging Cable,1,14.95,06/12/24 01:08,"360 Forest St, Los Angeles, CA 90001"
221148,Google Phone,1,600,06/12/24 11:44,"543 Dogwood St, San Francisco, CA 94016"
221149,Apple Airpods Headphones,1,150,06/17/24 15:33,"416 Center St, Dallas, TX 75001"
221150,ThinkPad Laptop,1,999.99,06/25/24 12:26,"489 Jackson St, Boston, MA 02215"
221151,Bose SoundSport Headphones,1,99.99,06/15/24 11:09,"538 11th St, Los Angeles, CA 90001"
,,,,,
221152,AA Batteries (4-pack),2,3.84,06/09/24 15:53,"625 Center St, San Francisco, CA 94016"
221153,Lightning Charging Cable,1,14.95,06/09/24 16:31,"428 Cherry St, New York City, NY 10001"
221154,Google Phone,1,600,06/15/24 09:48,"546 8th St, San Francisco, CA 94016"
221155,AA Batteries (4-pack),1,3.84,06/19/24 23:31,"27 Church St, Boston, MA 02215"
221156,Wired Headphones,1,11.99,06/12/24 08:18,"197 Elm St, Dallas, TX 75001"
221157,Bose SoundSport Headphones,1,99.99,06/20/24 21:38,"300 4th St, Portland, OR 97035"
221158,Wired Headphones,1,11.99,06/08/24 17:13,"672 Jackson St, Boston, MA 02215"
221159,iPhone,1,700,06/25/24 21:09,"63 Sunset St, San Francisco, CA 94016"
221160,Bose SoundSport Headphones,1,99.99,06/13/24 15:46,"546 Sunset St, New York City, NY 10001"
221161,Lightning Charging Cable,1,14.95,06/07/24 21:01,"576 Cedar St, Atlanta, GA 30301"
221162,34in Ultrawide Monitor,1,379.99,06/19/24 21:45,"181 Main St, Atlanta, GA 30301"
221163,Google Phone,1,600,06/26/24 11:36,"863 Adams St, Atlanta, GA 30301"
221164,LG Washing Machine,1,600.0,06/24/24 04:45,"550 Ridge St, Los Angeles, CA 90001"
221165,Google Phone,1,600,06/20/24 20:13,"769 6th St, New York City, NY 10001"
221166,AAA Batteries (4-pack),1,2.99,06/29/24 08:02,"201 14th St, Portland, OR 97035"
221167,Bose SoundSport Headphones,1,99.99,06/08/24 15:38,"611 Spruce St, San Francisco, CA 94016"
221168,iPhone,1,700,06/03/24 00:28,"865 7th St, Los Angeles, CA 90001"
221169,27in 4K Gaming Monitor,1,389.99,06/11/24 18:55,"134 Washington St, Dallas, TX 75001"
221170,AA Batteries (4-pack),1,3.84,06/30/24 10:00,"806 14th St, San Francisco, CA 94016"
221171,Lightning Charging Cable,1,14.95,06/16/24 11:07,"985 Maple St, Atlanta, GA 30301"
221172,Bose SoundSport Headphones,1,99.99,06/10/24 17:46,"531 Washington St, Dallas, TX 75001"
221173,AAA Batteries (4-pack),1,2.99,06/09/24 12:36,"407 6th St, Austin, TX 73301"
221174,AA Batteries (4-pack),1,3.84,06/17/24 22:20,"256 Maple St, Los Angeles, CA 90001"
221175,AAA Batteries (4-pack),1,2.99,06/13/24 21:28,"795 12th St, San Francisco, CA 94016"
221176,Google Phone,1,600,06/11/24 06:34,"538 Lakeview St, Los Angeles, CA 90001"
221177,USB-C Charging Cable,1,11.95,06/19/24 20:03,"64 Center St, Los Angeles, CA 90001"
221178,AAA Batteries (4-pack),2,2.99,06/09/24 20:09,"833 9th St, Los Angeles, CA 90001"
221179,AA Batteries (4-pack),1,3.84,06/27/24 11:58,"492 Jackson St, San Francisco, CA 94016"
221180,Google Phone,1,600,06/30/24 09:33,"375 Jefferson St, Atlanta, GA 30301"
221180,USB-C Charging Cable,1,11.95,06/30/24 09:33,"375 Jefferson St, Atlanta, GA 30301"
221181,ThinkPad Laptop,1,999.99,06/20/24 16:07,"191 Sunset St, Atlanta, GA 30301"
221182,Lightning Charging Cable,1,14.95,06/13/24 12:33,"416 Chestnut St, San Francisco, CA 94016"
221183,Flatscreen TV,1,300,06/21/24 08:46,"546 Elm St, Boston, MA 02215"
221184,AAA Batteries (4-pack),1,2.99,06/04/24 20:51,"576 Center St, Seattle, WA 98101"
221185,27in FHD Monitor,1,149.99,06/18/24 14:35,"57 Park St, Portland, OR 97035"
221186,AA Batteries (4-pack),1,3.84,06/25/24 10:07,"592 5th St, Austin, TX 73301"
221187,34in Ultrawide Monitor,1,379.99,06/04/24 16:22,"108 4th St, San Francisco, CA 94016"
221188,27in FHD Monitor,1,149.99,06/26/24 23:26,"942 9th St, New York City, NY 10001"
221189,Wired Headphones,1,11.99,06/21/24 09:39,"317 Ridge St, Seattle, WA 98101"
221190,Lightning Charging Cable,1,14.95,06/21/24 00:04,"470 Center St, Dallas, TX 75001"
221191,USB-C Charging Cable,1,11.95,06/21/24 11:56,"882 Willow St, San Francisco, CA 94016"
221192,USB-C Charging Cable,1,11.95,06/27/24 20:09,"608 11th St, Los Angeles, CA 90001"
221193,iPhone,1,700,06/12/24 12:38,"576 2nd St, San Francisco, CA 94016"
221194,Lightning Charging Cable,1,14.95,06/18/24 16:25,"964 Sunset St, Los Angeles, CA 90001"
221194,USB-C Charging Cable,1,11.95,06/18/24 16:25,"964 Sunset St, Los Angeles, CA 90001"
221195,AAA Batteries (4-pack),1,2.99,06/20/24 12:35,"472 Forest St, Los Angeles, CA 90001"
221196,Lightning Charging Cable,2,14.95,06/29/24 11:42,"153 Main St, San Francisco, CA 94016"
221197,LG Dryer,1,600.0,06/28/24 12:45,"475 Hickory St, Boston, MA 02215"
221198,27in 4K Gaming Monitor,1,389.99,06/24/24 19:57,"494 14th St, Los Angeles, CA 90001"
221199,AA Batteries (4-pack),1,3.84,06/24/24 18:49,"791 Sunset St, Los Angeles, CA 90001"
221200,Macbook Pro Laptop,1,1700,06/13/24 20:06,"670 Spruce St, Los Angeles, CA 90001"
221201,ThinkPad Laptop,1,999.99,06/06/24 14:56,"2 Cedar St, Los Angeles, CA 90001"
221202,AAA Batteries (4-pack),1,2.99,06/12/24 14:15,"574 Washington St, New York City, NY 10001"
221203,27in 4K Gaming Monitor,1,389.99,06/26/24 21:12,"6 Wilson St, New York City, NY 10001"
221204,Flatscreen TV,1,300,06/17/24 05:47,"170 13th St, San Francisco, CA 94016"
221205,Bose SoundSport Headphones,1,99.99,06/30/24 03:07,"783 Lincoln St, New York City, NY 10001"
221206,AAA Batteries (4-pack),1,2.99,06/16/24 11:52,"37 6th St, Seattle, WA 98101"
221207,34in Ultrawide Monitor,1,379.99,06/28/24 10:51,"483 West St, Boston, MA 02215"
221208,20in Monitor,1,109.99,06/05/24 10:23,"122 South St, Los Angeles, CA 90001"
221209,AAA Batteries (4-pack),2,2.99,06/05/24 21:40,"79 Willow St, New York City, NY 10001"
221210,Apple Airpods Headphones,1,150,06/04/24 11:32,"165 Hill St, San Francisco, CA 94016"
221211,USB-C Charging Cable,1,11.95,06/19/24 08:47,"339 2nd St, New York City, NY 10001"
221212,AA Batteries (4-pack),2,3.84,06/29/24 22:34,"567 Center St, Dallas, TX 75001"
221213,USB-C Charging Cable,1,11.95,06/20/24 17:33,"61 North St, Dallas, TX 75001"
221214,27in FHD Monitor,1,149.99,06/09/24 09:16,"731 2nd St, San Francisco, CA 94016"
221215,Apple Airpods Headphones,1,150,06/23/24 02:59,"6 Lake St, Portland, OR 97035"
221216,Wired Headphones,1,11.99,06/04/24 09:18,"235 North St, New York City, NY 10001"
221217,AAA Batteries (4-pack),1,2.99,06/05/24 08:48,"536 Forest St, Seattle, WA 98101"
221218,AA Batteries (4-pack),1,3.84,06/17/24 13:16,"191 Center St, San Francisco, CA 94016"
221219,Flatscreen TV,1,300,06/27/24 10:59,"138 11th St, Boston, MA 02215"
221220,USB-C Charging Cable,1,11.95,06/07/24 12:50,"623 River St, Atlanta, GA 30301"
221221,AA Batteries (4-pack),1,3.84,06/20/24 15:42,"157 Maple St, Boston, MA 02215"
221222,USB-C Charging Cable,1,11.95,06/17/24 11:28,"901 River St, Los Angeles, CA 90001"
221223,Google Phone,1,600,06/13/24 15:44,"756 West St, Los Angeles, CA 90001"
221224,AA Batteries (4-pack),3,3.84,06/10/24 11:54,"438 Maple St, New York City, NY 10001"
221225,AAA Batteries (4-pack),1,2.99,06/20/24 21:45,"420 Forest St, Seattle, WA 98101"
221226,iPhone,1,700,06/07/24 13:05,"594 Johnson St, Dallas, TX 75001"
221227,Apple Airpods Headphones,1,150,06/13/24 10:15,"377 4th St, San Francisco, CA 94016"
221228,AA Batteries (4-pack),2,3.84,06/19/24 19:48,"657 Park St, Austin, TX 73301"
221229,iPhone,1,700,06/26/24 20:42,"687 Lincoln St, New York City, NY 10001"
221229,Lightning Charging Cable,1,14.95,06/26/24 20:42,"687 Lincoln St, New York City, NY 10001"
221229,Apple Airpods Headphones,1,150,06/26/24 20:42,"687 Lincoln St, New York City, NY 10001"
221230,27in 4K Gaming Monitor,1,389.99,06/06/24 17:29,"534 5th St, New York City, NY 10001"
221231,AA Batteries (4-pack),1,3.84,06/28/24 17:31,"2 10th St, New York City, NY 10001"
221232,Lightning Charging Cable,2,14.95,06/02/24 18:52,"344 Pine St, New York City, NY 10001"
221233,iPhone,1,700,06/10/24 17:13,"784 Main St, San Francisco, CA 94016"
221234,Apple Airpods Headphones,1,150,06/02/24 12:56,"128 Ridge St, Los Angeles, CA 90001"
221235,27in FHD Monitor,1,149.99,06/01/24 21:35,"842 Lincoln St, Portland, OR 97035"
221236,Google Phone,1,600,06/17/24 22:57,"261 Ridge St, New York City, NY 10001"
221237,USB-C Charging Cable,1,11.95,06/04/24 13:09,"356 12th St, Boston, MA 02215"
221238,ThinkPad Laptop,1,999.99,06/25/24 10:51,"135 Wilson St, New York City, NY 10001"
221239,AAA Batteries (4-pack),3,2.99,06/16/24 11:52,"851 Cherry St, Portland, OR 97035"
221240,Bose SoundSport Headphones,1,99.99,06/26/24 16:25,"905 Hill St, Boston, MA 02215"
221241,Google Phone,1,600,06/21/24 04:57,"685 South St, Los Angeles, CA 90001"
221241,Wired Headphones,1,11.99,06/21/24 04:57,"685 South St, Los Angeles, CA 90001"
221242,AAA Batteries (4-pack),1,2.99,06/26/24 18:11,"60 14th St, Austin, TX 73301"
221243,27in 4K Gaming Monitor,1,389.99,06/29/24 09:47,"929 South St, Atlanta, GA 30301"
221244,AA Batteries (4-pack),2,3.84,06/20/24 20:22,"545 6th St, Austin, TX 73301"
221245,Flatscreen TV,1,300,06/04/24 11:27,"899 Elm St, Atlanta, GA 30301"
221246,Bose SoundSport Headphones,1,99.99,06/13/24 20:24,"755 Pine St, New York City, NY 10001"
221247,AAA Batteries (4-pack),2,2.99,06/18/24 14:02,"406 Lincoln St, Austin, TX 73301"
221248,Wired Headphones,1,11.99,06/20/24 11:55,"33 Church St, Los Angeles, CA 90001"
221249,AAA Batteries (4-pack),1,2.99,06/17/24 22:33,"168 Johnson St, Los Angeles, CA 90001"
221250,Bose SoundSport Headphones,1,99.99,06/20/24 15:00,"252 1st St, San Francisco, CA 94016"
221251,LG Dryer,1,600.0,06/28/24 14:21,"918 14th St, Dallas, TX 75001"
221252,iPhone,1,700,06/03/24 19:46,"990 4th St, Seattle, WA 98101"
221253,USB-C Charging Cable,1,11.95,06/07/24 14:01,"534 Hickory St, Los Angeles, CA 90001"
221254,AAA Batteries (4-pack),1,2.99,06/25/24 22:43,"729 Elm St, New York City, NY 10001"
221255,ThinkPad Laptop,1,999.99,06/30/24 23:06,"722 Church St, Atlanta, GA 30301"
221256,Flatscreen TV,1,300,06/11/24 13:41,"345 12th St, Los Angeles, CA 90001"
221257,AA Batteries (4-pack),3,3.84,06/27/24 00:28,"472 West St, San Francisco, CA 94016"
221258,ThinkPad Laptop,1,999.99,06/02/24 15:17,"189 13th St, Los Angeles, CA 90001"
221259,AA Batteries (4-pack),3,3.84,06/21/24 19:48,"801 10th St, Seattle, WA 98101"
221260,Wired Headphones,1,11.99,06/13/24 07:19,"340 7th St, Seattle, WA 98101"
221261,Wired Headphones,1,11.99,06/01/24 19:28,"652 Cedar St, Los Angeles, CA 90001"
221262,iPhone,1,700,06/17/24 12:36,"53 4th St, San Francisco, CA 94016"
221262,Apple Airpods Headphones,1,150,06/17/24 12:36,"53 4th St, San Francisco, CA 94016"
221262,Wired Headphones,1,11.99,06/17/24 12:36,"53 4th St, San Francisco, CA 94016"
221263,Google Phone,1,600,06/19/24 17:25,"967 9th St, Portland, OR 97035"
221264,AAA Batteries (4-pack),1,2.99,06/06/24 20:25,"199 Church St, Seattle, WA 98101"
221265,Bose SoundSport Headphones,1,99.99,06/17/24 20:51,"679 Adams St, Boston, MA 02215"
221266,AA Batteries (4-pack),1,3.84,06/14/24 09:52,"321 5th St, San Francisco, CA 94016"
221267,Wired Headphones,1,11.99,06/21/24 19:30,"375 North St, Los Angeles, CA 90001"
221268,Apple Airpods Headphones,1,150,06/06/24 23:10,"720 Willow St, New York City, NY 10001"
221269,AA Batteries (4-pack),2,3.84,06/21/24 22:29,"320 River St, New York City, NY 10001"
221269,Lightning Charging Cable,1,14.95,06/21/24 22:29,"320 River St, New York City, NY 10001"
221270,Apple Airpods Headphones,1,150,06/11/24 18:59,"445 Highland St, New York City, NY 10001"
221271,AAA Batteries (4-pack),1,2.99,06/17/24 19:13,"334 Lakeview St, Boston, MA 02215"
221272,AA Batteries (4-pack),1,3.84,06/20/24 13:09,"377 Hill St, Los Angeles, CA 90001"
221273,AAA Batteries (4-pack),3,2.99,06/06/24 11:10,"309 Chestnut St, Dallas, TX 75001"
221274,USB-C Charging Cable,1,11.95,06/20/24 00:38,"990 Park St, San Francisco, CA 94016"
221275,Lightning Charging Cable,1,14.95,06/17/24 06:46,"309 Willow St, San Francisco, CA 94016"
221276,Wired Headphones,1,11.99,06/05/24 13:54,"607 West St, San Francisco, CA 94016"
221277,Google Phone,1,600,06/06/24 09:40,"570 Jefferson St, Seattle, WA 98101"
221278,USB-C Charging Cable,2,11.95,06/27/24 14:08,"966 Cedar St, San Francisco, CA 94016"
221279,27in FHD Monitor,1,149.99,06/14/24 14:02,"302 Park St, Seattle, WA 98101"
221280,AA Batteries (4-pack),2,3.84,06/29/24 21:51,"623 Cherry St, San Francisco, CA 94016"
221281,AAA Batteries (4-pack),2,2.99,06/24/24 23:58,"594 4th St, Los Angeles, CA 90001"
221282,iPhone,1,700,06/13/24 13:39,"486 Spruce St, Boston, MA 02215"
221283,Apple Airpods Headphones,1,150,06/26/24 12:31,"180 9th St, Seattle, WA 98101"
221284,Lightning Charging Cable,1,14.95,06/01/24 22:30,"136 Walnut St, Dallas, TX 75001"
221285,Macbook Pro Laptop,1,1700,06/15/24 18:08,"564 South St, San Francisco, CA 94016"
221286,Lightning Charging Cable,1,14.95,06/03/24 22:23,"572 5th St, Los Angeles, CA 90001"
221287,AAA Batteries (4-pack),2,2.99,06/02/24 13:14,"228 Madison St, Los Angeles, CA 90001"
221288,Apple Airpods Headphones,1,150,06/25/24 20:36,"849 Johnson St, San Francisco, CA 94016"
221289,USB-C Charging Cable,1,11.95,06/06/24 18:56,"590 Elm St, San Francisco, CA 94016"
221290,iPhone,1,700,06/25/24 18:51,"306 South St, Los Angeles, CA 90001"
221291,AAA Batteries (4-pack),2,2.99,06/13/24 07:51,"298 Spruce St, Boston, MA 02215"
221292,20in Monitor,1,109.99,06/24/24 21:36,"124 Pine St, Dallas, TX 75001"
221293,AAA Batteries (4-pack),1,2.99,06/11/24 16:46,"680 5th St, Seattle, WA 98101"
221294,Macbook Pro Laptop,1,1700,06/05/24 17:13,"202 Pine St, Seattle, WA 98101"
221295,Apple Airpods Headphones,1,150,06/07/24 20:01,"653 Lake St, San Francisco, CA 94016"
221296,Lightning Charging Cable,1,14.95,06/01/24 07:41,"843 North St, Dallas, TX 75001"
221297,Google Phone,1,600,06/10/24 08:55,"569 Cedar St, Boston, MA 02215"
221297,Bose SoundSport Headphones,1,99.99,06/10/24 08:55,"569 Cedar St, Boston, MA 02215"
221298,Lightning Charging Cable,1,14.95,06/23/24 14:25,"709 Elm St, Atlanta, GA 30301"
221299,iPhone,1,700,06/14/24 10:05,"761 Park St, Boston, MA 02215"
221300,Bose SoundSport Headphones,1,99.99,06/10/24 22:45,"825 Lincoln St, Dallas, TX 75001"
221301,Wired Headphones,3,11.99,06/15/24 13:15,"785 Hill St, New York City, NY 10001"
221302,USB-C Charging Cable,1,11.95,06/12/24 22:02,"157 8th St, Dallas, TX 75001"
221303,USB-C Charging Cable,1,11.95,06/19/24 15:08,"76 10th St, New York City, NY 10001"
221304,Apple Airpods Headphones,1,150,06/15/24 09:19,"660 7th St, Austin, TX 73301"
221305,USB-C Charging Cable,1,11.95,06/05/24 15:13,"133 Lincoln St, San Francisco, CA 94016"
221306,Bose SoundSport Headphones,1,99.99,06/01/24 12:03,"882 Maple St, Los Angeles, CA 90001"
221307,Apple Airpods Headphones,1,150,06/13/24 09:00,"838 Jackson St, Dallas, TX 75001"
221308,Google Phone,1,600,06/24/24 12:50,"833 9th St, San Francisco, CA 94016"
221309,34in Ultrawide Monitor,1,379.99,06/01/24 11:39,"510 Lakeview St, Portland, OR 97035"
221310,AAA Batteries (4-pack),3,2.99,06/05/24 12:41,"589 12th St, Atlanta, GA 30301"
221311,Flatscreen TV,1,300,06/02/24 17:59,"912 West St, Boston, MA 02215"
221312,USB-C Charging Cable,1,11.95,06/13/24 07:51,"456 Lincoln St, New York City, NY 10001"
221313,Google Phone,1,600,06/01/24 12:39,"122 Cedar St, San Francisco, CA 94016"
221314,Wired Headphones,1,11.99,06/28/24 13:48,"736 South St, Atlanta, GA 30301"
221315,Lightning Charging Cable,1,14.95,06/27/24 13:48,"682 Church St, Austin, TX 73301"
221316,AAA Batteries (4-pack),3,2.99,06/05/24 11:28,"992 Meadow St, Seattle, WA 98101"
221317,Lightning Charging Cable,3,14.95,06/05/24 18:49,"14 Forest St, San Francisco, CA 94016"
221318,Apple Airpods Headphones,1,150,06/15/24 12:24,"294 Center St, Boston, MA 02215"
221319,Google Phone,1,600,06/08/24 13:27,"32 Highland St, San Francisco, CA 94016"
221320,AAA Batteries (4-pack),1,2.99,06/04/24 18:14,"576 Maple St, New York City, NY 10001"
221321,AAA Batteries (4-pack),1,2.99,06/13/24 11:07,"534 Dogwood St, San Francisco, CA 94016"
221322,USB-C Charging Cable,1,11.95,06/13/24 13:30,"220 Main St, Seattle, WA 98101"
221323,USB-C Charging Cable,2,11.95,06/28/24 22:25,"193 West St, San Francisco, CA 94016"
221324,Apple Airpods Headphones,1,150,06/21/24 13:08,"288 Park St, San Francisco, CA 94016"
221325,Wired Headphones,1,11.99,06/30/24 11:55,"864 2nd St, San Francisco, CA 94016"
221326,ThinkPad Laptop,1,999.99,06/15/24 22:14,"431 Jefferson St, Boston, MA 02215"
221327,AA Batteries (4-pack),2,3.84,06/08/24 12:40,"200 Spruce St, New York City, NY 10001"
221328,USB-C Charging Cable,1,11.95,06/25/24 11:23,"49 Forest St, Austin, TX 73301"
221329,Google Phone,1,600,06/25/24 13:55,"267 Madison St, San Francisco, CA 94016"
221329,Wired Headphones,1,11.99,06/25/24 13:55,"267 Madison St, San Francisco, CA 94016"
221330,AAA Batteries (4-pack),2,2.99,06/11/24 13:44,"647 Chestnut St, Los Angeles, CA 90001"
221331,27in 4K Gaming Monitor,1,389.99,06/18/24 16:38,"954 Johnson St, New York City, NY 10001"
221332,iPhone,1,700,06/23/24 11:40,"904 Lakeview St, Dallas, TX 75001"
221333,Flatscreen TV,1,300,06/16/24 10:48,"321 8th St, Seattle, WA 98101"
221334,34in Ultrawide Monitor,1,379.99,06/02/24 19:41,"53 Johnson St, Portland, OR 97035"
221335,AA Batteries (4-pack),1,3.84,06/19/24 10:18,"165 7th St, New York City, NY 10001"
221336,27in FHD Monitor,1,149.99,06/21/24 16:59,"440 14th St, New York City, NY 10001"
221337,Lightning Charging Cable,1,14.95,06/18/24 17:03,"717 12th St, Boston, MA 02215"
221338,AA Batteries (4-pack),2,3.84,06/26/24 21:14,"68 Johnson St, New York City, NY 10001"
221339,USB-C Charging Cable,1,11.95,06/24/24 16:40,"746 Jackson St, San Francisco, CA 94016"
221340,20in Monitor,1,109.99,06/01/24 21:33,"136 River St, Boston, MA 02215"
221341,USB-C Charging Cable,1,11.95,06/16/24 02:06,"501 4th St, San Francisco, CA 94016"
,,,,,
221342,Apple Airpods Headphones,1,150,06/24/24 08:53,"956 Cherry St, Portland, OR 97035"
221343,Flatscreen TV,1,300,06/10/24 21:14,"783 Jackson St, Seattle, WA 98101"
221344,USB-C Charging Cable,1,11.95,06/16/24 20:36,"947 Main St, New York City, NY 10001"
221345,34in Ultrawide Monitor,1,379.99,06/16/24 15:27,"471 Walnut St, Boston, MA 02215"
221346,Google Phone,1,600,06/22/24 18:39,"18 Johnson St, Atlanta, GA 30301"
221347,Bose SoundSport Headphones,1,99.99,06/28/24 21:29,"254 Main St, San Francisco, CA 94016"
221348,AAA Batteries (4-pack),1,2.99,06/09/24 13:08,"663 Willow St, New York City, NY 10001"
221349,Wired Headphones,1,11.99,06/14/24 17:08,"777 7th St, Boston, MA 02215"
221350,Flatscreen TV,1,300,06/08/24 10:33,"594 South St, Atlanta, GA 30301"
221351,Wired Headphones,1,11.99,06/23/24 14:51,"482 Jefferson St, Portland, OR 97035"
221352,USB-C Charging Cable,1,11.95,06/18/24 21:03,"95 Washington St, San Francisco, CA 94016"
221353,Wired Headphones,1,11.99,06/09/24 17:38,"294 Lincoln St, Los Angeles, CA 90001"
221354,Apple Airpods Headphones,1,150,06/07/24 11:40,"963 South St, Portland, OR 97035"
221355,34in Ultrawide Monitor,1,379.99,06/10/24 09:02,"426 South St, Seattle, WA 98101"
221356,Wired Headphones,1,11.99,06/07/24 09:33,"597 Hill St, New York City, NY 10001"
221357,Wired Headphones,2,11.99,06/29/24 15:50,"696 Elm St, New York City, NY 10001"
221358,Wired Headphones,1,11.99,06/10/24 09:43,"324 Cherry St, Atlanta, GA 30301"
221359,Bose SoundSport Headphones,1,99.99,06/04/24 19:18,"929 Forest St, New York City, NY 10001"
221360,iPhone,1,700,06/24/24 14:10,"83 Jackson St, Los Angeles, CA 90001"
221361,AAA Batteries (4-pack),1,2.99,06/14/24 16:15,"308 Lakeview St, San Francisco, CA 94016"
221362,USB-C Charging Cable,1,11.95,06/22/24 08:32,"881 Madison St, Boston, MA 02215"
221363,Lightning Charging Cable,1,14.95,06/30/24 07:43,"795 13th St, Seattle, WA 98101"
221364,27in FHD Monitor,1,149.99,06/26/24 09:08,"480 North St, Portland, OR 97035"
221365,USB-C Charging Cable,2,11.95,06/28/24 22:31,"224 Park St, Dallas, TX 75001"
221366,AA Batteries (4-pack),3,3.84,06/15/24 18:06,"2 9th St, Dallas, TX 75001"
221367,Apple Airpods Headphones,1,150,06/06/24 17:19,"657 Park St, Portland, OR 97035"
221368,Google Phone,1,600,06/28/24 09:18,"67 5th St, Boston, MA 02215"
221369,USB-C Charging Cable,1,11.95,06/18/24 00:04,"534 Dogwood St, San Francisco, CA 94016"
221370,Lightning Charging Cable,1,14.95,06/03/24 22:52,"89 Madison St, San Francisco, CA 94016"
221371,AA Batteries (4-pack),1,3.84,06/16/24 11:43,"427 Main St, Atlanta, GA 30301"
221372,USB-C Charging Cable,1,11.95,06/24/24 20:00,"716 Main St, Los Angeles, CA 90001"
221373,Vareebadd Phone,1,400,06/09/24 11:27,"163 Jefferson St, San Francisco, CA 94016"
221374,USB-C Charging Cable,1,11.95,06/11/24 08:57,"402 11th St, Los Angeles, CA 90001"
221375,USB-C Charging Cable,1,11.95,06/17/24 06:48,"842 11th St, San Francisco, CA 94016"
221376,AAA Batteries (4-pack),1,2.99,06/05/24 14:13,"152 Chestnut St, Portland, OR 97035"
221377,27in FHD Monitor,1,149.99,06/13/24 15:25,"343 7th St, San Francisco, CA 94016"
221377,Bose SoundSport Headphones,1,99.99,06/13/24 15:25,"343 7th St, San Francisco, CA 94016"
221378,27in 4K Gaming Monitor,1,389.99,06/05/24 18:25,"196 Johnson St, Los Angeles, CA 90001"
221379,Wired Headphones,1,11.99,06/02/24 13:57,"69 Washington St, Los Angeles, CA 90001"
221380,Bose SoundSport Headphones,1,99.99,06/24/24 15:31,"357 Main St, Los Angeles, CA 90001"
221381,USB-C Charging Cable,1,11.95,06/14/24 09:45,"353 Lake St, San Francisco, CA 94016"
221382,Apple Airpods Headphones,1,150,06/22/24 13:22,"760 Sunset St, Atlanta, GA 30301"
221383,27in 4K Gaming Monitor,1,389.99,06/26/24 15:41,"280 Johnson St, Atlanta, GA 30301"
221384,Apple Airpods Headphones,1,150,06/08/24 08:38,"834 Lincoln St, Boston, MA 02215"
221385,Macbook Pro Laptop,1,1700,06/03/24 21:20,"171 Wilson St, Los Angeles, CA 90001"
221386,iPhone,1,700,06/21/24 11:22,"735 Park St, Portland, OR 97035"
221387,Google Phone,1,600,06/20/24 22:47,"556 Center St, New York City, NY 10001"
221387,USB-C Charging Cable,1,11.95,06/20/24 22:47,"556 Center St, New York City, NY 10001"
221388,27in FHD Monitor,1,149.99,06/04/24 14:31,"713 Lake St, Portland, OR 97035"
221389,AA Batteries (4-pack),1,3.84,06/03/24 21:19,"935 River St, Los Angeles, CA 90001"
221390,AA Batteries (4-pack),1,3.84,06/08/24 23:08,"44 4th St, San Francisco, CA 94016"
221391,27in 4K Gaming Monitor,1,389.99,06/10/24 10:03,"458 Hickory St, San Francisco, CA 94016"
221392,27in FHD Monitor,1,149.99,06/04/24 21:19,"370 13th St, Seattle, WA 98101"
221393,AAA Batteries (4-pack),3,2.99,06/07/24 13:12,"245 Ridge St, Austin, TX 73301"
221394,USB-C Charging Cable,3,11.95,06/04/24 16:10,"146 Johnson St, San Francisco, CA 94016"
221395,Lightning Charging Cable,1,14.95,06/16/24 22:31,"598 Highland St, Seattle, WA 98101"
221396,Bose SoundSport Headphones,1,99.99,06/14/24 23:08,"577 7th St, Los Angeles, CA 90001"
221397,Wired Headphones,1,11.99,06/21/24 15:36,"613 Spruce St, Boston, MA 02215"
221398,iPhone,1,700,06/28/24 08:39,"691 Forest St, San Francisco, CA 94016"
221399,Bose SoundSport Headphones,1,99.99,06/07/24 15:43,"25 North St, San Francisco, CA 94016"
221400,Wired Headphones,1,11.99,06/28/24 17:54,"838 7th St, San Francisco, CA 94016"
221401,USB-C Charging Cable,1,11.95,06/30/24 19:24,"198 South St, Portland, OR 97035"
221402,Lightning Charging Cable,1,14.95,06/30/24 21:01,"754 Meadow St, Atlanta, GA 30301"
221403,20in Monitor,1,109.99,06/19/24 08:04,"498 Jackson St, San Francisco, CA 94016"
221404,Lightning Charging Cable,1,14.95,06/28/24 07:04,"659 8th St, San Francisco, CA 94016"
221405,Lightning Charging Cable,1,14.95,06/09/24 11:38,"435 14th St, San Francisco, CA 94016"
221406,Lightning Charging Cable,1,14.95,06/29/24 13:53,"478 Church St, Boston, MA 02215"
221407,USB-C Charging Cable,1,11.95,06/18/24 10:55,"328 Lincoln St, Portland, OR 97035"
221408,Google Phone,1,600,06/10/24 08:10,"209 Lakeview St, San Francisco, CA 94016"
221409,Lightning Charging Cable,1,14.95,06/13/24 11:25,"329 Meadow St, Los Angeles, CA 90001"
221410,27in 4K Gaming Monitor,1,389.99,06/05/24 16:51,"446 5th St, San Francisco, CA 94016"
221411,Bose SoundSport Headphones,1,99.99,06/22/24 19:36,"609 8th St, San Francisco, CA 94016"
221412,USB-C Charging Cable,1,11.95,06/19/24 22:46,"206 Adams St, New York City, NY 10001"
221413,34in Ultrawide Monitor,1,379.99,06/29/24 19:48,"982 Maple St, Los Angeles, CA 90001"
221414,iPhone,1,700,06/05/24 10:05,"517 4th St, San Francisco, CA 94016"
221415,20in Monitor,1,109.99,06/14/24 15:48,"362 13th St, San Francisco, CA 94016"
221416,Apple Airpods Headphones,1,150,06/10/24 19:48,"166 Madison St, New York City, NY 10001"
221417,Lightning Charging Cable,1,14.95,06/16/24 22:36,"537 Jefferson St, Los Angeles, CA 90001"
221418,LG Washing Machine,1,600.0,06/04/24 21:17,"729 Dogwood St, Los Angeles, CA 90001"
221419,AA Batteries (4-pack),2,3.84,06/30/24 22:05,"600 Highland St, San Francisco, CA 94016"
221420,Macbook Pro Laptop,1,1700,06/08/24 04:34,"200 Lakeview St, Boston, MA 02215"
221421,AA Batteries (4-pack),1,3.84,06/21/24 23:41,"597 Hickory St, Boston, MA 02215"
221422,27in FHD Monitor,1,149.99,06/04/24 11:21,"677 Highland St, Portland, ME 04101"
221423,USB-C Charging Cable,1,11.95,06/10/24 21:29,"885 11th St, San Francisco, CA 94016"
221424,ThinkPad Laptop,1,999.99,06/05/24 14:51,"672 River St, Atlanta, GA 30301"
221425,USB-C Charging Cable,1,11.95,06/06/24 16:15,"717 West St, Austin, TX 73301"
221426,Macbook Pro Laptop,1,1700,06/17/24 20:29,"97 Meadow St, Atlanta, GA 30301"
221427,AA Batteries (4-pack),1,3.84,06/09/24 18:14,"925 6th St, Los Angeles, CA 90001"
221428,AA Batteries (4-pack),1,3.84,06/18/24 16:11,"262 5th St, San Francisco, CA 94016"
221429,AAA Batteries (4-pack),1,2.99,06/02/24 17:56,"861 6th St, San Francisco, CA 94016"
221430,AAA Batteries (4-pack),1,2.99,06/29/24 21:00,"489 Spruce St, Boston, MA 02215"
221431,Bose SoundSport Headphones,1,99.99,06/19/24 10:26,"973 Maple St, New York City, NY 10001"
221432,Bose SoundSport Headphones,1,99.99,06/19/24 06:52,"984 7th St, San Francisco, CA 94016"
221433,ThinkPad Laptop,1,999.99,06/10/24 15:43,"386 Elm St, Los Angeles, CA 90001"
221434,AA Batteries (4-pack),2,3.84,06/06/24 13:42,"714 4th St, Atlanta, GA 30301"
221435,AAA Batteries (4-pack),2,2.99,06/26/24 19:58,"719 Lake St, Boston, MA 02215"
221436,AAA Batteries (4-pack),1,2.99,06/28/24 07:50,"269 Meadow St, San Francisco, CA 94016"
221437,34in Ultrawide Monitor,1,379.99,06/17/24 20:30,"597 Center St, San Francisco, CA 94016"
221438,AAA Batteries (4-pack),2,2.99,06/28/24 19:19,"494 Spruce St, Atlanta, GA 30301"
221439,Wired Headphones,1,11.99,06/26/24 18:07,"311 Center St, Seattle, WA 98101"
221440,Bose SoundSport Headphones,1,99.99,06/24/24 17:56,"367 Jefferson St, Portland, ME 04101"
221441,USB-C Charging Cable,1,11.95,06/16/24 11:27,"187 10th St, Los Angeles, CA 90001"
221442,AAA Batteries (4-pack),1,2.99,06/27/24 18:07,"238 4th St, Los Angeles, CA 90001"
221443,AA Batteries (4-pack),1,3.84,06/03/24 13:18,"915 Forest St, Los Angeles, CA 90001"
221444,iPhone,1,700,06/23/24 12:19,"299 Ridge St, Seattle, WA 98101"
221445,Apple Airpods Headphones,1,150,06/16/24 20:48,"837 Main St, Seattle, WA 98101"
221446,Bose SoundSport Headphones,1,99.99,06/21/24 12:53,"653 Center St, Los Angeles, CA 90001"
221447,AAA Batteries (4-pack),1,2.99,06/10/24 08:46,"247 Jefferson St, San Francisco, CA 94016"
221448,Bose SoundSport Headphones,1,99.99,06/05/24 12:20,"837 South St, New York City, NY 10001"
221449,Wired Headphones,1,11.99,06/15/24 21:09,"920 Adams St, San Francisco, CA 94016"
221450,Wired Headphones,1,11.99,06/05/24 18:44,"552 Sunset St, San Francisco, CA 94016"
221451,Wired Headphones,1,11.99,06/16/24 15:25,"275 Lakeview St, Boston, MA 02215"
221452,20in Monitor,1,109.99,06/29/24 19:03,"193 Spruce St, Dallas, TX 75001"
221453,Apple Airpods Headphones,1,150,06/25/24 19:33,"902 9th St, San Francisco, CA 94016"
221454,Apple Airpods Headphones,1,150,06/30/24 12:42,"887 12th St, Boston, MA 02215"
221455,20in Monitor,1,109.99,06/09/24 11:24,"757 River St, San Francisco, CA 94016"
221456,20in Monitor,1,109.99,06/29/24 14:50,"827 9th St, Boston, MA 02215"
221457,Bose SoundSport Headphones,1,99.99,06/26/24 15:36,"499 Johnson St, Atlanta, GA 30301"
221458,AA Batteries (4-pack),1,3.84,06/19/24 12:16,"864 Lakeview St, Boston, MA 02215"
221459,Lightning Charging Cable,1,14.95,06/13/24 14:15,"511 14th St, Boston, MA 02215"
221460,USB-C Charging Cable,1,11.95,06/03/24 17:32,"19 Sunset St, San Francisco, CA 94016"
221461,USB-C Charging Cable,1,11.95,06/01/24 21:53,"549 7th St, Los Angeles, CA 90001"
221462,Macbook Pro Laptop,1,1700,06/19/24 14:27,"827 Cedar St, San Francisco, CA 94016"
221463,AA Batteries (4-pack),2,3.84,06/26/24 12:17,"451 South St, New York City, NY 10001"
221464,Vareebadd Phone,1,400,06/04/24 00:50,"133 Spruce St, Los Angeles, CA 90001"
221465,iPhone,1,700,06/02/24 18:18,"994 River St, New York City, NY 10001"
221466,27in 4K Gaming Monitor,1,389.99,06/15/24 21:10,"873 West St, San Francisco, CA 94016"
221467,Bose SoundSport Headphones,1,99.99,06/04/24 20:01,"90 Cedar St, Atlanta, GA 30301"
221468,Wired Headphones,1,11.99,06/12/24 16:05,"384 Main St, Atlanta, GA 30301"
221469,ThinkPad Laptop,1,999.99,06/03/24 12:02,"250 Elm St, Atlanta, GA 30301"
221470,AA Batteries (4-pack),1,3.84,06/25/24 17:24,"575 12th St, Boston, MA 02215"
221471,ThinkPad Laptop,1,999.99,06/24/24 17:03,"530 Highland St, New York City, NY 10001"
221472,Wired Headphones,1,11.99,06/04/24 20:07,"110 Willow St, Seattle, WA 98101"
221473,34in Ultrawide Monitor,1,379.99,06/16/24 11:18,"127 Spruce St, New York City, NY 10001"
221474,34in Ultrawide Monitor,1,379.99,06/23/24 19:58,"158 Washington St, San Francisco, CA 94016"
221475,Apple Airpods Headphones,1,150,06/05/24 19:43,"412 Spruce St, New York City, NY 10001"
221476,27in 4K Gaming Monitor,1,389.99,06/24/24 00:22,"772 1st St, New York City, NY 10001"
221477,USB-C Charging Cable,1,11.95,06/23/24 20:25,"899 5th St, Boston, MA 02215"
221478,20in Monitor,1,109.99,06/05/24 23:26,"146 Maple St, Atlanta, GA 30301"
221479,AAA Batteries (4-pack),2,2.99,06/04/24 11:05,"653 Washington St, Dallas, TX 75001"
221480,Apple Airpods Headphones,1,150,06/30/24 07:30,"630 Church St, San Francisco, CA 94016"
221481,AAA Batteries (4-pack),1,2.99,06/08/24 11:29,"222 Walnut St, Portland, OR 97035"
221482,Lightning Charging Cable,1,14.95,06/11/24 11:01,"194 Lake St, Boston, MA 02215"
221483,Lightning Charging Cable,1,14.95,06/21/24 08:07,"448 Willow St, Austin, TX 73301"
221484,Wired Headphones,1,11.99,06/04/24 14:14,"213 Sunset St, Atlanta, GA 30301"
221484,27in 4K Gaming Monitor,1,389.99,06/04/24 14:14,"213 Sunset St, Atlanta, GA 30301"
221485,Vareebadd Phone,1,400,06/15/24 19:37,"434 12th St, Dallas, TX 75001"
221485,USB-C Charging Cable,1,11.95,06/15/24 19:37,"434 12th St, Dallas, TX 75001"
221486,USB-C Charging Cable,1,11.95,06/13/24 09:25,"432 Sunset St, Dallas, TX 75001"
221487,USB-C Charging Cable,1,11.95,06/29/24 14:49,"300 Lake St, San Francisco, CA 94016"
221488,AA Batteries (4-pack),1,3.84,06/30/24 18:06,"721 South St, Portland, OR 97035"
221489,Lightning Charging Cable,1,14.95,06/24/24 20:21,"90 Meadow St, Seattle, WA 98101"
221490,20in Monitor,1,109.99,06/19/24 13:40,"858 7th St, Los Angeles, CA 90001"
221491,AAA Batteries (4-pack),2,2.99,06/16/24 19:48,"325 Dogwood St, San Francisco, CA 94016"
221492,Bose SoundSport Headphones,1,99.99,06/10/24 02:52,"661 4th St, Los Angeles, CA 90001"
221493,27in FHD Monitor,1,149.99,06/14/24 14:22,"724 Wilson St, San Francisco, CA 94016"
221493,Apple Airpods Headphones,1,150,06/14/24 14:22,"724 Wilson St, San Francisco, CA 94016"
221494,20in Monitor,1,109.99,06/19/24 10:46,"838 Lakeview St, Dallas, TX 75001"
221495,AAA Batteries (4-pack),1,2.99,06/21/24 23:31,"347 Willow St, Austin, TX 73301"
221496,ThinkPad Laptop,1,999.99,06/12/24 14:16,"828 River St, New York City, NY 10001"
221497,AA Batteries (4-pack),1,3.84,06/16/24 09:50,"537 Cherry St, Dallas, TX 75001"
221498,Apple Airpods Headphones,1,150,06/13/24 21:16,"3 North St, Los Angeles, CA 90001"
221499,Lightning Charging Cable,1,14.95,06/26/24 09:25,"203 Chestnut St, Atlanta, GA 30301"
221500,Apple Airpods Headphones,1,150,06/10/24 17:15,"744 Walnut St, San Francisco, CA 94016"
221501,Vareebadd Phone,1,400,06/06/24 13:15,"708 Willow St, Los Angeles, CA 90001"
221502,34in Ultrawide Monitor,1,379.99,06/22/24 15:19,"496 7th St, Los Angeles, CA 90001"
221503,27in FHD Monitor,1,149.99,06/06/24 19:39,"746 Adams St, Seattle, WA 98101"
221504,Google Phone,1,600,06/18/24 15:06,"81 Lake St, San Francisco, CA 94016"
221505,AAA Batteries (4-pack),1,2.99,06/15/24 20:47,"845 Adams St, Seattle, WA 98101"
221506,USB-C Charging Cable,1,11.95,06/12/24 21:58,"816 9th St, San Francisco, CA 94016"
221507,USB-C Charging Cable,1,11.95,06/09/24 20:14,"241 8th St, Los Angeles, CA 90001"
221508,AAA Batteries (4-pack),1,2.99,06/29/24 11:59,"467 14th St, New York City, NY 10001"
221509,20in Monitor,1,109.99,06/25/24 17:17,"345 Johnson St, Dallas, TX 75001"
221510,Wired Headphones,2,11.99,06/17/24 17:12,"787 Chestnut St, Dallas, TX 75001"
221511,20in Monitor,1,109.99,06/13/24 23:01,"608 Chestnut St, Seattle, WA 98101"
221512,27in FHD Monitor,1,149.99,06/03/24 09:40,"724 14th St, New York City, NY 10001"
221513,Vareebadd Phone,1,400,06/04/24 13:59,"341 Maple St, San Francisco, CA 94016"
221514,AA Batteries (4-pack),3,3.84,06/24/24 10:35,"55 Lake St, Los Angeles, CA 90001"
221515,USB-C Charging Cable,1,11.95,06/28/24 14:52,"539 Washington St, Austin, TX 73301"
221516,Lightning Charging Cable,1,14.95,06/10/24 21:59,"718 Cedar St, Atlanta, GA 30301"
221517,iPhone,1,700,06/20/24 00:18,"876 South St, New York City, NY 10001"
221518,AA Batteries (4-pack),2,3.84,06/16/24 17:26,"2 12th St, Portland, ME 04101"
221519,AA Batteries (4-pack),1,3.84,06/17/24 20:47,"135 Walnut St, Boston, MA 02215"
221520,Lightning Charging Cable,2,14.95,06/20/24 16:32,"546 8th St, Boston, MA 02215"
221521,AAA Batteries (4-pack),1,2.99,06/21/24 13:33,"231 Chestnut St, San Francisco, CA 94016"
221522,AA Batteries (4-pack),2,3.84,06/10/24 15:36,"289 Hickory St, Atlanta, GA 30301"
221523,Apple Airpods Headphones,1,150,06/23/24 19:25,"877 Wilson St, Boston, MA 02215"
221524,Google Phone,1,600,06/01/24 15:03,"281 Johnson St, San Francisco, CA 94016"
221525,20in Monitor,1,109.99,06/12/24 23:01,"343 11th St, Austin, TX 73301"
221526,AAA Batteries (4-pack),3,2.99,06/19/24 11:46,"186 Church St, Boston, MA 02215"
221527,Flatscreen TV,1,300,06/15/24 10:55,"135 9th St, Los Angeles, CA 90001"
221528,AAA Batteries (4-pack),1,2.99,06/25/24 11:38,"130 1st St, Los Angeles, CA 90001"
221529,Wired Headphones,1,11.99,06/01/24 23:27,"335 Wilson St, Portland, OR 97035"
221530,AAA Batteries (4-pack),2,2.99,06/02/24 00:49,"191 Meadow St, San Francisco, CA 94016"
221531,Bose SoundSport Headphones,1,99.99,06/15/24 21:04,"772 Chestnut St, Boston, MA 02215"
221532,Macbook Pro Laptop,1,1700,06/13/24 22:59,"90 Cedar St, Austin, TX 73301"
221533,USB-C Charging Cable,1,11.95,06/03/24 19:24,"665 Johnson St, Dallas, TX 75001"
221534,Lightning Charging Cable,1,14.95,06/01/24 12:12,"216 1st St, Dallas, TX 75001"
221535,34in Ultrawide Monitor,1,379.99,06/12/24 00:20,"291 13th St, New York City, NY 10001"
221536,Wired Headphones,1,11.99,06/25/24 00:22,"584 Adams St, Seattle, WA 98101"
221537,iPhone,1,700,06/06/24 10:43,"492 10th St, Los Angeles, CA 90001"
221538,Apple Airpods Headphones,1,150,06/10/24 01:08,"690 8th St, Los Angeles, CA 90001"
221539,USB-C Charging Cable,1,11.95,06/14/24 18:02,"580 Lakeview St, Los Angeles, CA 90001"
221540,Apple Airpods Headphones,1,150,06/29/24 10:02,"903 Center St, Austin, TX 73301"
221541,Bose SoundSport Headphones,1,99.99,06/04/24 16:06,"507 Elm St, Portland, OR 97035"
221542,34in Ultrawide Monitor,1,379.99,06/21/24 15:23,"707 Meadow St, Boston, MA 02215"
221543,USB-C Charging Cable,1,11.95,06/02/24 19:57,"771 Church St, Portland, OR 97035"
221544,USB-C Charging Cable,1,11.95,06/13/24 14:57,"867 11th St, Seattle, WA 98101"
221545,34in Ultrawide Monitor,1,379.99,06/13/24 13:56,"865 12th St, Portland, OR 97035"
221546,Lightning Charging Cable,1,14.95,06/16/24 11:56,"312 North St, Atlanta, GA 30301"
221547,Apple Airpods Headphones,1,150,06/26/24 18:55,"464 Highland St, Boston, MA 02215"
221548,Macbook Pro Laptop,1,1700,06/14/24 15:51,"439 Hill St, Portland, ME 04101"
221549,Wired Headphones,1,11.99,06/01/24 22:52,"163 Main St, Los Angeles, CA 90001"
221550,27in FHD Monitor,1,149.99,06/07/24 19:51,"699 Forest St, Portland, OR 97035"
221551,Bose SoundSport Headphones,1,99.99,06/23/24 13:31,"591 7th St, Austin, TX 73301"
221552,AA Batteries (4-pack),2,3.84,06/06/24 22:16,"529 8th St, Boston, MA 02215"
221553,iPhone,1,700,06/14/24 08:49,"772 Sunset St, Los Angeles, CA 90001"
221553,AA Batteries (4-pack),1,3.84,06/14/24 08:49,"772 Sunset St, Los Angeles, CA 90001"
221554,34in Ultrawide Monitor,1,379.99,06/22/24 20:12,"73 Center St, Atlanta, GA 30301"
221555,Wired Headphones,1,11.99,06/05/24 00:07,"264 Sunset St, San Francisco, CA 94016"
221556,Lightning Charging Cable,1,14.95,06/27/24 02:59,"842 Cherry St, Dallas, TX 75001"
221557,Apple Airpods Headphones,1,150,06/28/24 07:59,"106 Meadow St, Boston, MA 02215"
221558,Lightning Charging Cable,1,14.95,06/01/24 12:03,"590 1st St, Boston, MA 02215"
221559,AAA Batteries (4-pack),1,2.99,06/06/24 16:36,"468 11th St, New York City, NY 10001"
221560,USB-C Charging Cable,1,11.95,06/23/24 12:04,"286 7th St, New York City, NY 10001"
221561,AA Batteries (4-pack),1,3.84,06/10/24 11:53,"407 9th St, Boston, MA 02215"
221562,Bose SoundSport Headphones,1,99.99,06/02/24 08:38,"520 Spruce St, Boston, MA 02215"
221563,AA Batteries (4-pack),1,3.84,06/21/24 18:01,"461 Washington St, Portland, OR 97035"
221564,AAA Batteries (4-pack),3,2.99,06/13/24 05:45,"871 7th St, Boston, MA 02215"
221565,AAA Batteries (4-pack),1,2.99,06/30/24 21:00,"291 Center St, Austin, TX 73301"
221566,Bose SoundSport Headphones,1,99.99,06/14/24 01:18,"165 Dogwood St, Los Angeles, CA 90001"
221567,AAA Batteries (4-pack),1,2.99,06/17/24 15:31,"426 Chestnut St, San Francisco, CA 94016"
221568,Google Phone,1,600,06/12/24 15:42,"537 Lincoln St, San Francisco, CA 94016"
221569,Google Phone,1,600,06/07/24 00:08,"724 Dogwood St, New York City, NY 10001"
221570,Bose SoundSport Headphones,1,99.99,06/24/24 21:02,"40 8th St, New York City, NY 10001"
221571,20in Monitor,1,109.99,06/28/24 10:31,"311 7th St, San Francisco, CA 94016"
221572,AAA Batteries (4-pack),1,2.99,06/04/24 17:29,"336 Lake St, Seattle, WA 98101"
221573,Lightning Charging Cable,1,14.95,06/27/24 21:05,"211 Johnson St, Los Angeles, CA 90001"
221574,AA Batteries (4-pack),1,3.84,06/21/24 09:27,"554 Adams St, Dallas, TX 75001"
221575,Apple Airpods Headphones,1,150,06/02/24 15:48,"6 Church St, Seattle, WA 98101"
221576,Wired Headphones,1,11.99,06/02/24 18:55,"18 Ridge St, San Francisco, CA 94016"
221577,Macbook Pro Laptop,1,1700,06/23/24 17:32,"293 Forest St, Atlanta, GA 30301"
221578,AA Batteries (4-pack),1,3.84,06/03/24 16:04,"576 Church St, New York City, NY 10001"
221579,Macbook Pro Laptop,1,1700,06/15/24 08:42,"132 Elm St, New York City, NY 10001"
221580,Wired Headphones,1,11.99,06/07/24 20:50,"820 Highland St, Portland, ME 04101"
221581,27in 4K Gaming Monitor,1,389.99,06/22/24 21:21,"218 11th St, New York City, NY 10001"
221582,Google Phone,1,600,06/30/24 07:34,"20 Walnut St, Los Angeles, CA 90001"
221583,Wired Headphones,1,11.99,06/22/24 19:31,"86 South St, Boston, MA 02215"
221584,USB-C Charging Cable,1,11.95,06/15/24 00:30,"500 Walnut St, Los Angeles, CA 90001"
221585,Flatscreen TV,1,300,06/19/24 21:55,"919 Cedar St, New York City, NY 10001"
221586,Lightning Charging Cable,1,14.95,06/30/24 01:52,"341 Elm St, New York City, NY 10001"
221587,Wired Headphones,1,11.99,06/18/24 14:12,"61 11th St, Portland, OR 97035"
221588,Google Phone,1,600,06/03/24 09:07,"516 Madison St, New York City, NY 10001"
221588,USB-C Charging Cable,1,11.95,06/03/24 09:07,"516 Madison St, New York City, NY 10001"
221589,Lightning Charging Cable,1,14.95,06/20/24 08:33,"136 1st St, San Francisco, CA 94016"
221590,USB-C Charging Cable,1,11.95,06/15/24 13:23,"292 Maple St, New York City, NY 10001"
221591,Apple Airpods Headphones,1,150,06/07/24 09:56,"853 River St, Portland, OR 97035"
221592,Google Phone,1,600,06/23/24 12:56,"121 Church St, San Francisco, CA 94016"
221592,USB-C Charging Cable,1,11.95,06/23/24 12:56,"121 Church St, San Francisco, CA 94016"
221593,USB-C Charging Cable,1,11.95,06/07/24 18:03,"340 2nd St, New York City, NY 10001"
221594,USB-C Charging Cable,2,11.95,06/25/24 09:21,"860 Walnut St, New York City, NY 10001"
221595,AA Batteries (4-pack),1,3.84,06/13/24 20:44,"52 Elm St, Dallas, TX 75001"
221596,Wired Headphones,1,11.99,06/27/24 11:51,"108 8th St, Los Angeles, CA 90001"
221597,AAA Batteries (4-pack),1,2.99,06/10/24 13:08,"610 Highland St, Dallas, TX 75001"
221598,27in 4K Gaming Monitor,1,389.99,06/24/24 15:33,"880 10th St, Seattle, WA 98101"
221599,Wired Headphones,2,11.99,06/03/24 08:29,"344 Elm St, Los Angeles, CA 90001"
221600,Macbook Pro Laptop,1,1700,06/27/24 17:01,"688 South St, Los Angeles, CA 90001"
221601,Google Phone,1,600,06/20/24 10:46,"771 South St, Los Angeles, CA 90001"
221602,iPhone,1,700,06/11/24 21:58,"939 Pine St, San Francisco, CA 94016"
221603,Lightning Charging Cable,1,14.95,06/09/24 16:09,"511 14th St, Austin, TX 73301"
221604,Macbook Pro Laptop,1,1700,06/09/24 23:14,"598 8th St, Seattle, WA 98101"
221605,Lightning Charging Cable,1,14.95,06/26/24 13:00,"865 Spruce St, Los Angeles, CA 90001"
221606,Wired Headphones,1,11.99,06/29/24 14:08,"249 Adams St, San Francisco, CA 94016"
221607,27in 4K Gaming Monitor,1,389.99,06/13/24 13:14,"508 Madison St, Los Angeles, CA 90001"
221608,ThinkPad Laptop,1,999.99,06/11/24 12:15,"563 Church St, Dallas, TX 75001"
221609,LG Dryer,1,600.0,06/26/24 21:21,"88 6th St, New York City, NY 10001"
221610,USB-C Charging Cable,1,11.95,06/25/24 09:25,"930 Center St, Austin, TX 73301"
221611,AAA Batteries (4-pack),1,2.99,06/13/24 13:12,"839 West St, New York City, NY 10001"
221612,AAA Batteries (4-pack),3,2.99,06/15/24 13:33,"527 Lake St, Portland, OR 97035"
221613,AAA Batteries (4-pack),2,2.99,06/11/24 02:31,"588 Pine St, Boston, MA 02215"
221614,USB-C Charging Cable,1,11.95,06/18/24 18:59,"491 Dogwood St, Portland, ME 04101"
221615,AAA Batteries (4-pack),1,2.99,06/16/24 17:11,"766 11th St, Boston, MA 02215"
221616,AAA Batteries (4-pack),1,2.99,06/19/24 16:33,"556 Meadow St, Atlanta, GA 30301"
221617,Apple Airpods Headphones,1,150,06/04/24 18:43,"778 South St, San Francisco, CA 94016"
221618,Wired Headphones,1,11.99,06/15/24 11:20,"710 Ridge St, New York City, NY 10001"
221619,20in Monitor,1,109.99,06/05/24 13:45,"206 14th St, Dallas, TX 75001"
221620,Lightning Charging Cable,1,14.95,06/23/24 13:04,"325 8th St, San Francisco, CA 94016"
221621,Flatscreen TV,1,300,06/26/24 12:27,"487 6th St, Atlanta, GA 30301"
221622,AAA Batteries (4-pack),2,2.99,06/22/24 11:12,"225 Washington St, Portland, OR 97035"
221623,Bose SoundSport Headphones,1,99.99,06/05/24 13:35,"51 Walnut St, Los Angeles, CA 90001"
221624,USB-C Charging Cable,1,11.95,06/01/24 12:32,"65 Madison St, Los Angeles, CA 90001"
221625,27in FHD Monitor,1,149.99,06/09/24 10:41,"484 North St, Seattle, WA 98101"
221626,AAA Batteries (4-pack),1,2.99,06/05/24 06:21,"384 Elm St, Boston, MA 02215"
221627,20in Monitor,1,109.99,06/16/24 21:22,"400 Lake St, New York City, NY 10001"
221628,34in Ultrawide Monitor,1,379.99,06/19/24 20:53,"829 4th St, Dallas, TX 75001"
221629,Lightning Charging Cable,1,14.95,06/22/24 17:30,"592 Hickory St, Los Angeles, CA 90001"
221630,Bose SoundSport Headphones,1,99.99,06/19/24 13:08,"418 Madison St, Austin, TX 73301"
221631,Apple Airpods Headphones,1,150,06/07/24 11:43,"196 13th St, Austin, TX 73301"
221632,AAA Batteries (4-pack),3,2.99,06/26/24 18:40,"225 Hickory St, Portland, OR 97035"
221633,Wired Headphones,1,11.99,06/16/24 18:52,"911 Park St, San Francisco, CA 94016"
,,,,,
221634,AAA Batteries (4-pack),1,2.99,06/19/24 12:28,"832 13th St, Dallas, TX 75001"
221635,Macbook Pro Laptop,1,1700,06/21/24 15:37,"698 Highland St, San Francisco, CA 94016"
221636,AA Batteries (4-pack),1,3.84,06/19/24 18:48,"385 Sunset St, Boston, MA 02215"
221637,20in Monitor,1,109.99,06/09/24 12:52,"661 8th St, Los Angeles, CA 90001"
221638,Bose SoundSport Headphones,1,99.99,06/16/24 21:42,"477 9th St, Los Angeles, CA 90001"
221639,Bose SoundSport Headphones,1,99.99,06/20/24 21:38,"125 Johnson St, Austin, TX 73301"
221640,Bose SoundSport Headphones,1,99.99,06/30/24 08:37,"837 12th St, Boston, MA 02215"
221641,USB-C Charging Cable,1,11.95,06/03/24 13:12,"751 13th St, San Francisco, CA 94016"
221642,Apple Airpods Headphones,1,150,06/19/24 17:53,"778 Washington St, Portland, ME 04101"
221643,27in 4K Gaming Monitor,1,389.99,06/29/24 12:13,"314 9th St, Austin, TX 73301"
221643,Google Phone,1,600,06/29/24 12:13,"314 9th St, Austin, TX 73301"
221644,27in FHD Monitor,1,149.99,06/28/24 18:57,"777 Adams St, New York City, NY 10001"
221645,AA Batteries (4-pack),1,3.84,06/24/24 11:01,"232 Forest St, Los Angeles, CA 90001"
221646,USB-C Charging Cable,1,11.95,06/05/24 22:30,"352 10th St, Boston, MA 02215"
221647,Lightning Charging Cable,1,14.95,06/22/24 12:28,"698 Sunset St, Los Angeles, CA 90001"
221648,Vareebadd Phone,1,400,06/21/24 17:28,"979 Cherry St, Atlanta, GA 30301"
221649,iPhone,1,700,06/27/24 18:38,"499 2nd St, Atlanta, GA 30301"
221650,Lightning Charging Cable,1,14.95,06/27/24 11:54,"546 Hickory St, Austin, TX 73301"
221651,Apple Airpods Headphones,1,150,06/17/24 12:25,"138 13th St, Austin, TX 73301"
221652,27in 4K Gaming Monitor,1,389.99,06/21/24 11:14,"667 Johnson St, San Francisco, CA 94016"
221653,Wired Headphones,1,11.99,06/26/24 10:03,"68 Elm St, New York City, NY 10001"
221654,USB-C Charging Cable,1,11.95,06/27/24 08:18,"934 Lake St, Los Angeles, CA 90001"
221655,Lightning Charging Cable,1,14.95,06/29/24 07:39,"163 13th St, New York City, NY 10001"
221656,Bose SoundSport Headphones,1,99.99,06/18/24 17:22,"852 Madison St, Boston, MA 02215"
221657,Apple Airpods Headphones,1,150,06/08/24 10:26,"657 Maple St, Austin, TX 73301"
221658,Lightning Charging Cable,1,14.95,06/09/24 20:46,"582 Church St, Boston, MA 02215"
221659,USB-C Charging Cable,1,11.95,06/19/24 22:54,"357 12th St, San Francisco, CA 94016"
221660,27in 4K Gaming Monitor,1,389.99,06/28/24 10:09,"434 Park St, Los Angeles, CA 90001"
221661,AA Batteries (4-pack),1,3.84,06/21/24 19:59,"65 Elm St, San Francisco, CA 94016"
221662,AA Batteries (4-pack),1,3.84,06/30/24 09:27,"829 9th St, San Francisco, CA 94016"
221663,Apple Airpods Headphones,1,150,06/19/24 16:04,"788 Dogwood St, Boston, MA 02215"
221664,Lightning Charging Cable,1,14.95,06/15/24 09:58,"140 7th St, Atlanta, GA 30301"
221665,iPhone,1,700,06/28/24 14:29,"547 4th St, Atlanta, GA 30301"
221665,Wired Headphones,1,11.99,06/28/24 14:29,"547 4th St, Atlanta, GA 30301"
221666,Google Phone,1,600,06/15/24 21:47,"164 North St, Boston, MA 02215"
221667,Flatscreen TV,1,300,06/27/24 09:30,"441 Hill St, Dallas, TX 75001"
221668,Wired Headphones,1,11.99,06/16/24 17:51,"843 Pine St, Dallas, TX 75001"
221669,USB-C Charging Cable,1,11.95,06/08/24 13:24,"512 Cherry St, Atlanta, GA 30301"
221670,Apple Airpods Headphones,1,150,06/12/24 10:30,"45 11th St, Boston, MA 02215"
221671,AAA Batteries (4-pack),1,2.99,06/10/24 16:46,"961 Elm St, San Francisco, CA 94016"
221672,iPhone,1,700,06/21/24 13:01,"705 Maple St, Atlanta, GA 30301"
221672,Lightning Charging Cable,1,14.95,06/21/24 13:01,"705 Maple St, Atlanta, GA 30301"
221673,USB-C Charging Cable,1,11.95,06/18/24 17:33,"724 Meadow St, San Francisco, CA 94016"
221674,27in 4K Gaming Monitor,1,389.99,06/05/24 15:05,"328 11th St, Portland, OR 97035"
221675,AA Batteries (4-pack),2,3.84,06/09/24 00:18,"545 Lakeview St, San Francisco, CA 94016"
221676,Bose SoundSport Headphones,1,99.99,06/19/24 08:21,"295 North St, Seattle, WA 98101"
221677,27in 4K Gaming Monitor,1,389.99,06/27/24 07:50,"968 Park St, San Francisco, CA 94016"
221678,AA Batteries (4-pack),1,3.84,06/28/24 21:23,"767 Main St, Boston, MA 02215"
221679,AA Batteries (4-pack),2,3.84,06/17/24 10:37,"32 River St, Los Angeles, CA 90001"
221680,Lightning Charging Cable,2,14.95,06/19/24 07:16,"459 1st St, New York City, NY 10001"
221681,Lightning Charging Cable,1,14.95,06/30/24 06:36,"933 Sunset St, San Francisco, CA 94016"
221682,34in Ultrawide Monitor,1,379.99,06/09/24 16:51,"942 Sunset St, New York City, NY 10001"
221683,Macbook Pro Laptop,1,1700,06/11/24 19:12,"281 Forest St, Austin, TX 73301"
221684,34in Ultrawide Monitor,1,379.99,06/25/24 17:20,"274 Main St, Seattle, WA 98101"
221685,AA Batteries (4-pack),1,3.84,06/13/24 20:38,"30 8th St, New York City, NY 10001"
221686,20in Monitor,1,109.99,06/13/24 11:58,"53 Chestnut St, Seattle, WA 98101"
221687,AA Batteries (4-pack),2,3.84,06/29/24 19:03,"32 13th St, Boston, MA 02215"
221688,AA Batteries (4-pack),1,3.84,06/15/24 09:41,"749 Main St, Atlanta, GA 30301"
221689,Lightning Charging Cable,1,14.95,06/08/24 13:16,"824 South St, Boston, MA 02215"
221690,AAA Batteries (4-pack),1,2.99,06/07/24 10:31,"42 2nd St, San Francisco, CA 94016"
221691,34in Ultrawide Monitor,1,379.99,06/22/24 08:44,"24 Lake St, Atlanta, GA 30301"
221692,Apple Airpods Headphones,1,150,06/08/24 16:31,"994 Dogwood St, San Francisco, CA 94016"
221693,Lightning Charging Cable,1,14.95,06/25/24 12:18,"523 2nd St, Los Angeles, CA 90001"
221694,Apple Airpods Headphones,1,150,06/06/24 14:17,"334 Dogwood St, Dallas, TX 75001"
221695,Apple Airpods Headphones,1,150,06/18/24 15:50,"610 Walnut St, New York City, NY 10001"
221696,Apple Airpods Headphones,1,150,06/20/24 13:21,"592 Meadow St, New York City, NY 10001"
221697,AA Batteries (4-pack),1,3.84,06/14/24 23:38,"818 Main St, San Francisco, CA 94016"
221698,34in Ultrawide Monitor,1,379.99,06/01/24 10:16,"171 Johnson St, San Francisco, CA 94016"
221699,27in FHD Monitor,1,149.99,06/14/24 19:45,"603 Elm St, Los Angeles, CA 90001"
221700,Flatscreen TV,1,300,06/09/24 17:38,"772 6th St, New York City, NY 10001"
221701,34in Ultrawide Monitor,1,379.99,06/20/24 02:11,"210 Washington St, Austin, TX 73301"
221702,Lightning Charging Cable,1,14.95,06/11/24 16:31,"417 Hill St, Boston, MA 02215"
221703,AAA Batteries (4-pack),1,2.99,06/24/24 18:23,"767 Willow St, San Francisco, CA 94016"
221704,Flatscreen TV,1,300,06/03/24 21:52,"712 Pine St, Seattle, WA 98101"
221705,Apple Airpods Headphones,1,150,06/18/24 22:34,"33 Johnson St, San Francisco, CA 94016"
221705,AAA Batteries (4-pack),1,2.99,06/18/24 22:34,"33 Johnson St, San Francisco, CA 94016"
221706,USB-C Charging Cable,1,11.95,06/20/24 21:49,"732 Lakeview St, Austin, TX 73301"
221707,AAA Batteries (4-pack),1,2.99,06/28/24 17:26,"692 Cedar St, Los Angeles, CA 90001"
221708,Macbook Pro Laptop,1,1700,06/27/24 16:13,"338 Cherry St, Austin, TX 73301"
221709,27in FHD Monitor,1,149.99,06/07/24 12:54,"76 River St, Boston, MA 02215"
221710,AA Batteries (4-pack),1,3.84,06/05/24 20:07,"940 Madison St, Austin, TX 73301"
221711,Bose SoundSport Headphones,1,99.99,06/15/24 16:36,"139 West St, New York City, NY 10001"
221711,Bose SoundSport Headphones,1,99.99,06/15/24 16:36,"139 West St, New York City, NY 10001"
221712,Lightning Charging Cable,1,14.95,06/27/24 12:46,"64 Center St, San Francisco, CA 94016"
221713,AA Batteries (4-pack),1,3.84,06/23/24 17:21,"191 Dogwood St, Los Angeles, CA 90001"
221714,Lightning Charging Cable,1,14.95,06/14/24 12:54,"480 4th St, New York City, NY 10001"
221715,AAA Batteries (4-pack),1,2.99,06/04/24 11:08,"752 Willow St, Austin, TX 73301"
221716,AAA Batteries (4-pack),1,2.99,06/27/24 18:55,"621 11th St, Los Angeles, CA 90001"
221717,USB-C Charging Cable,1,11.95,06/06/24 05:30,"113 Cherry St, San Francisco, CA 94016"
221718,27in FHD Monitor,1,149.99,06/29/24 20:51,"112 12th St, Seattle, WA 98101"
221719,27in 4K Gaming Monitor,1,389.99,06/25/24 09:19,"560 14th St, Dallas, TX 75001"
221720,AA Batteries (4-pack),2,3.84,06/12/24 11:17,"709 5th St, Portland, OR 97035"
221721,USB-C Charging Cable,1,11.95,06/24/24 11:08,"782 Maple St, San Francisco, CA 94016"
221722,Apple Airpods Headphones,2,150,06/25/24 19:26,"242 Pine St, San Francisco, CA 94016"
221723,AAA Batteries (4-pack),1,2.99,06/23/24 07:16,"215 14th St, New York City, NY 10001"
221723,27in 4K Gaming Monitor,1,389.99,06/23/24 07:16,"215 14th St, New York City, NY 10001"
221724,Wired Headphones,1,11.99,06/30/24 10:18,"624 Spruce St, Los Angeles, CA 90001"
221725,USB-C Charging Cable,1,11.95,06/30/24 13:01,"337 Johnson St, Los Angeles, CA 90001"
221726,Apple Airpods Headphones,1,150,06/02/24 10:17,"540 Lakeview St, Los Angeles, CA 90001"
,,,,,
221727,Bose SoundSport Headphones,1,99.99,06/14/24 17:35,"912 Jackson St, San Francisco, CA 94016"
221727,USB-C Charging Cable,1,11.95,06/14/24 17:35,"912 Jackson St, San Francisco, CA 94016"
221728,Bose SoundSport Headphones,1,99.99,06/24/24 19:19,"696 Hickory St, Boston, MA 02215"
221729,AAA Batteries (4-pack),1,2.99,06/13/24 06:00,"3 Spruce St, Los Angeles, CA 90001"
221730,27in 4K Gaming Monitor,1,389.99,06/20/24 09:19,"108 Hill St, Dallas, TX 75001"
221731,Lightning Charging Cable,1,14.95,06/13/24 12:57,"903 12th St, San Francisco, CA 94016"
221732,Lightning Charging Cable,1,14.95,06/02/24 20:25,"265 Maple St, New York City, NY 10001"
221733,27in FHD Monitor,1,149.99,06/09/24 23:19,"235 Chestnut St, Austin, TX 73301"
221734,Google Phone,1,600,06/01/24 21:51,"861 1st St, Los Angeles, CA 90001"
221735,Lightning Charging Cable,2,14.95,06/29/24 19:07,"503 Church St, Portland, OR 97035"
221736,USB-C Charging Cable,1,11.95,06/15/24 20:16,"603 12th St, Boston, MA 02215"
221736,Vareebadd Phone,1,400,06/15/24 20:16,"603 12th St, Boston, MA 02215"
221737,Lightning Charging Cable,1,14.95,06/05/24 14:12,"571 Cedar St, San Francisco, CA 94016"
221738,Macbook Pro Laptop,1,1700,06/02/24 20:54,"304 West St, Dallas, TX 75001"
221739,AA Batteries (4-pack),3,3.84,06/25/24 12:53,"303 Lake St, Dallas, TX 75001"
221740,Bose SoundSport Headphones,1,99.99,06/10/24 15:11,"327 Main St, Boston, MA 02215"
221741,Lightning Charging Cable,1,14.95,06/02/24 21:29,"255 Pine St, San Francisco, CA 94016"
221742,USB-C Charging Cable,1,11.95,06/28/24 18:43,"248 9th St, San Francisco, CA 94016"
221743,iPhone,1,700,06/29/24 14:45,"886 Willow St, Boston, MA 02215"
221744,AA Batteries (4-pack),1,3.84,06/09/24 15:20,"453 7th St, Los Angeles, CA 90001"
221745,Bose SoundSport Headphones,1,99.99,06/28/24 10:47,"721 Elm St, Seattle, WA 98101"
221746,Bose SoundSport Headphones,1,99.99,06/24/24 19:31,"958 Forest St, New York City, NY 10001"
221747,Apple Airpods Headphones,1,150,06/13/24 00:22,"330 7th St, New York City, NY 10001"
221748,Lightning Charging Cable,2,14.95,06/25/24 13:18,"726 Spruce St, Boston, MA 02215"
221749,Lightning Charging Cable,1,14.95,06/05/24 16:55,"757 Cedar St, San Francisco, CA 94016"
221750,Google Phone,1,600,06/06/24 23:15,"127 Johnson St, Los Angeles, CA 90001"
221751,Wired Headphones,1,11.99,06/23/24 16:22,"664 7th St, San Francisco, CA 94016"
221752,20in Monitor,1,109.99,06/12/24 17:33,"343 Hill St, Boston, MA 02215"
221753,AA Batteries (4-pack),1,3.84,06/25/24 19:12,"636 South St, New York City, NY 10001"
221754,27in FHD Monitor,1,149.99,06/20/24 06:30,"576 Church St, Dallas, TX 75001"
221755,Macbook Pro Laptop,1,1700,06/16/24 19:49,"498 9th St, San Francisco, CA 94016"
221756,AA Batteries (4-pack),2,3.84,06/17/24 22:07,"591 Pine St, Los Angeles, CA 90001"
221757,USB-C Charging Cable,1,11.95,06/03/24 19:11,"589 Lincoln St, Los Angeles, CA 90001"
221758,Lightning Charging Cable,1,14.95,06/15/24 17:32,"567 Church St, San Francisco, CA 94016"
221759,Lightning Charging Cable,1,14.95,06/12/24 04:31,"828 Spruce St, Boston, MA 02215"
221760,AAA Batteries (4-pack),3,2.99,06/02/24 14:51,"891 Chestnut St, Portland, OR 97035"
221761,AA Batteries (4-pack),1,3.84,06/21/24 09:43,"666 Dogwood St, San Francisco, CA 94016"
221762,Google Phone,1,600,06/23/24 20:22,"899 Adams St, Boston, MA 02215"
221763,Lightning Charging Cable,1,14.95,06/23/24 21:27,"851 Jefferson St, Los Angeles, CA 90001"
221764,AA Batteries (4-pack),2,3.84,06/20/24 14:37,"814 8th St, San Francisco, CA 94016"
221765,27in 4K Gaming Monitor,1,389.99,06/23/24 03:03,"762 8th St, Seattle, WA 98101"
221766,AAA Batteries (4-pack),2,2.99,06/18/24 13:12,"249 9th St, Atlanta, GA 30301"
221767,AA Batteries (4-pack),2,3.84,06/24/24 10:46,"856 Church St, Los Angeles, CA 90001"
221768,AA Batteries (4-pack),1,3.84,06/13/24 04:31,"599 Highland St, San Francisco, CA 94016"
221769,27in FHD Monitor,1,149.99,06/12/24 06:04,"88 Cedar St, San Francisco, CA 94016"
221770,Apple Airpods Headphones,1,150,06/29/24 11:20,"611 Lincoln St, San Francisco, CA 94016"
221771,AA Batteries (4-pack),2,3.84,06/29/24 23:36,"595 Elm St, Seattle, WA 98101"
221772,iPhone,1,700,06/21/24 12:33,"694 Adams St, Los Angeles, CA 90001"
221773,AAA Batteries (4-pack),1,2.99,06/29/24 01:47,"492 12th St, New York City, NY 10001"
221774,Apple Airpods Headphones,1,150,06/06/24 20:11,"60 Adams St, Seattle, WA 98101"
221775,Wired Headphones,1,11.99,06/03/24 09:18,"680 10th St, San Francisco, CA 94016"
221776,AAA Batteries (4-pack),1,2.99,06/19/24 21:43,"188 West St, Los Angeles, CA 90001"
221777,Bose SoundSport Headphones,1,99.99,06/16/24 11:46,"22 Sunset St, San Francisco, CA 94016"
221778,AA Batteries (4-pack),1,3.84,06/04/24 22:49,"310 Johnson St, New York City, NY 10001"
221779,AA Batteries (4-pack),1,3.84,06/14/24 11:43,"123 2nd St, Dallas, TX 75001"
221780,27in 4K Gaming Monitor,1,389.99,06/04/24 23:40,"780 Jackson St, Portland, OR 97035"
221781,34in Ultrawide Monitor,1,379.99,06/28/24 15:56,"521 Lincoln St, Los Angeles, CA 90001"
221782,USB-C Charging Cable,1,11.95,06/09/24 12:18,"113 Lincoln St, Los Angeles, CA 90001"
221783,Apple Airpods Headphones,1,150,06/13/24 03:03,"139 13th St, Boston, MA 02215"
221784,Wired Headphones,1,11.99,06/06/24 11:48,"295 Sunset St, New York City, NY 10001"
221785,USB-C Charging Cable,1,11.95,06/27/24 00:58,"786 7th St, Los Angeles, CA 90001"
221786,AAA Batteries (4-pack),2,2.99,06/02/24 09:50,"425 South St, New York City, NY 10001"
221787,20in Monitor,1,109.99,06/21/24 20:19,"479 Walnut St, San Francisco, CA 94016"
221788,Bose SoundSport Headphones,1,99.99,06/26/24 10:46,"171 Elm St, Portland, OR 97035"
221789,Bose SoundSport Headphones,1,99.99,06/26/24 23:28,"398 Hickory St, San Francisco, CA 94016"
221790,Flatscreen TV,1,300,06/19/24 21:14,"332 12th St, San Francisco, CA 94016"
221791,27in FHD Monitor,1,149.99,06/07/24 11:01,"310 Meadow St, San Francisco, CA 94016"
221791,27in 4K Gaming Monitor,1,389.99,06/07/24 11:01,"310 Meadow St, San Francisco, CA 94016"
221792,27in FHD Monitor,1,149.99,06/27/24 18:08,"919 West St, Los Angeles, CA 90001"
221793,Bose SoundSport Headphones,1,99.99,06/26/24 09:29,"990 Elm St, New York City, NY 10001"
221794,ThinkPad Laptop,1,999.99,06/06/24 11:59,"136 12th St, San Francisco, CA 94016"
221795,Bose SoundSport Headphones,1,99.99,06/29/24 08:57,"968 8th St, San Francisco, CA 94016"
221796,AA Batteries (4-pack),2,3.84,06/05/24 15:59,"392 14th St, Los Angeles, CA 90001"
221797,AAA Batteries (4-pack),1,2.99,06/13/24 16:10,"190 Walnut St, San Francisco, CA 94016"
221798,Lightning Charging Cable,1,14.95,06/11/24 18:12,"76 Spruce St, Dallas, TX 75001"
221799,27in FHD Monitor,1,149.99,06/18/24 18:58,"605 Ridge St, San Francisco, CA 94016"
221800,20in Monitor,1,109.99,06/09/24 11:43,"169 Highland St, Atlanta, GA 30301"
221801,AAA Batteries (4-pack),1,2.99,06/28/24 00:47,"136 Hickory St, Seattle, WA 98101"
221802,Lightning Charging Cable,1,14.95,06/26/24 10:15,"245 6th St, Los Angeles, CA 90001"
221803,AAA Batteries (4-pack),1,2.99,06/22/24 22:48,"465 Sunset St, Dallas, TX 75001"
221804,USB-C Charging Cable,1,11.95,06/23/24 21:38,"631 River St, Dallas, TX 75001"
221805,Apple Airpods Headphones,1,150,06/19/24 21:29,"234 Elm St, Atlanta, GA 30301"
221806,Apple Airpods Headphones,1,150,06/29/24 10:04,"324 Park St, Los Angeles, CA 90001"
221807,USB-C Charging Cable,1,11.95,06/21/24 15:29,"396 Highland St, Los Angeles, CA 90001"
221808,USB-C Charging Cable,1,11.95,06/03/24 13:39,"772 Wilson St, San Francisco, CA 94016"
221809,AA Batteries (4-pack),1,3.84,06/12/24 18:01,"536 Chestnut St, Austin, TX 73301"
221810,Lightning Charging Cable,1,14.95,06/27/24 00:50,"602 Madison St, San Francisco, CA 94016"
221811,27in 4K Gaming Monitor,1,389.99,06/13/24 22:17,"823 Pine St, Seattle, WA 98101"
221812,AAA Batteries (4-pack),1,2.99,06/24/24 11:46,"886 1st St, New York City, NY 10001"
221813,AA Batteries (4-pack),2,3.84,06/05/24 21:15,"684 1st St, Austin, TX 73301"
221814,Lightning Charging Cable,1,14.95,06/29/24 14:46,"657 2nd St, San Francisco, CA 94016"
221815,AAA Batteries (4-pack),3,2.99,06/16/24 10:24,"60 Madison St, Austin, TX 73301"
221816,AAA Batteries (4-pack),2,2.99,06/26/24 16:01,"778 5th St, Portland, OR 97035"
221817,Flatscreen TV,1,300,06/16/24 12:19,"293 6th St, Boston, MA 02215"
221818,AAA Batteries (4-pack),3,2.99,06/08/24 20:12,"489 Highland St, Boston, MA 02215"
221819,USB-C Charging Cable,1,11.95,06/04/24 11:38,"456 10th St, San Francisco, CA 94016"
221820,ThinkPad Laptop,1,999.99,06/29/24 12:11,"491 Center St, San Francisco, CA 94016"
221821,AA Batteries (4-pack),1,3.84,06/15/24 14:49,"780 Sunset St, Boston, MA 02215"
221822,Flatscreen TV,1,300,06/15/24 14:55,"853 Madison St, Los Angeles, CA 90001"
221823,AA Batteries (4-pack),1,3.84,06/30/24 17:28,"955 Madison St, Boston, MA 02215"
221824,AAA Batteries (4-pack),2,2.99,06/17/24 18:12,"374 10th St, Portland, OR 97035"
221825,iPhone,1,700,06/18/24 12:41,"694 Lake St, Los Angeles, CA 90001"
221825,Lightning Charging Cable,1,14.95,06/18/24 12:41,"694 Lake St, Los Angeles, CA 90001"
221826,Apple Airpods Headphones,1,150,06/22/24 17:46,"761 Lincoln St, Seattle, WA 98101"
221827,27in 4K Gaming Monitor,1,389.99,06/09/24 08:43,"620 Cherry St, Atlanta, GA 30301"
221828,27in 4K Gaming Monitor,1,389.99,06/29/24 16:09,"674 Cedar St, Atlanta, GA 30301"
221829,Bose SoundSport Headphones,1,99.99,06/21/24 21:34,"73 11th St, Boston, MA 02215"
221830,AA Batteries (4-pack),1,3.84,06/11/24 12:37,"665 Hickory St, Dallas, TX 75001"
221831,Google Phone,1,600,06/21/24 21:35,"546 Washington St, Dallas, TX 75001"
221832,AAA Batteries (4-pack),2,2.99,06/01/24 15:28,"657 Highland St, Boston, MA 02215"
221833,USB-C Charging Cable,1,11.95,06/28/24 18:11,"886 North St, San Francisco, CA 94016"
221834,Lightning Charging Cable,1,14.95,06/10/24 15:46,"174 9th St, San Francisco, CA 94016"
221835,iPhone,1,700,06/03/24 11:40,"162 Maple St, San Francisco, CA 94016"
221836,20in Monitor,1,109.99,06/24/24 14:59,"780 Center St, Austin, TX 73301"
221837,AA Batteries (4-pack),1,3.84,06/19/24 13:53,"97 11th St, San Francisco, CA 94016"
221838,AAA Batteries (4-pack),2,2.99,06/08/24 09:53,"197 Hill St, Portland, ME 04101"
221839,USB-C Charging Cable,1,11.95,06/16/24 12:56,"252 Dogwood St, San Francisco, CA 94016"
221840,USB-C Charging Cable,1,11.95,06/21/24 11:12,"513 Maple St, New York City, NY 10001"
221841,Lightning Charging Cable,1,14.95,06/11/24 22:39,"928 Walnut St, Portland, ME 04101"
221842,Wired Headphones,1,11.99,06/14/24 13:03,"929 Cherry St, Seattle, WA 98101"
221843,27in 4K Gaming Monitor,1,389.99,06/09/24 20:11,"421 Elm St, Seattle, WA 98101"
221844,27in FHD Monitor,1,149.99,06/26/24 17:20,"24 6th St, Atlanta, GA 30301"
221845,Wired Headphones,1,11.99,06/06/24 19:19,"925 Adams St, Los Angeles, CA 90001"
221846,Lightning Charging Cable,1,14.95,06/11/24 15:26,"972 Sunset St, San Francisco, CA 94016"
221847,USB-C Charging Cable,1,11.95,06/24/24 10:43,"356 Johnson St, Dallas, TX 75001"
221848,AAA Batteries (4-pack),1,2.99,06/29/24 12:32,"603 Lake St, Boston, MA 02215"
221849,USB-C Charging Cable,1,11.95,06/25/24 18:15,"20 Center St, Dallas, TX 75001"
221850,27in 4K Gaming Monitor,1,389.99,06/10/24 11:19,"56 Johnson St, Los Angeles, CA 90001"
221851,USB-C Charging Cable,1,11.95,06/05/24 10:31,"434 Center St, Dallas, TX 75001"
221852,27in FHD Monitor,1,149.99,06/02/24 21:33,"779 8th St, San Francisco, CA 94016"
221853,USB-C Charging Cable,1,11.95,06/23/24 15:02,"384 Main St, Dallas, TX 75001"
221854,AAA Batteries (4-pack),2,2.99,06/13/24 16:15,"473 10th St, Los Angeles, CA 90001"
221855,Apple Airpods Headphones,1,150,06/30/24 08:07,"38 Spruce St, San Francisco, CA 94016"
221856,AA Batteries (4-pack),1,3.84,07/01/24 01:39,"840 4th St, Portland, OR 97035"
221857,Lightning Charging Cable,1,14.95,06/12/24 11:27,"137 Main St, Los Angeles, CA 90001"
221858,27in FHD Monitor,1,149.99,06/14/24 03:10,"31 Cherry St, New York City, NY 10001"
221859,Apple Airpods Headphones,1,150,06/10/24 13:37,"954 Lake St, Dallas, TX 75001"
221860,AAA Batteries (4-pack),1,2.99,06/11/24 10:04,"280 Wilson St, New York City, NY 10001"
221861,Lightning Charging Cable,1,14.95,06/29/24 17:50,"806 14th St, Seattle, WA 98101"
221862,20in Monitor,1,109.99,06/07/24 12:42,"855 7th St, Seattle, WA 98101"
221862,USB-C Charging Cable,1,11.95,06/07/24 12:42,"855 7th St, Seattle, WA 98101"
221863,Bose SoundSport Headphones,1,99.99,06/07/24 11:54,"716 Cedar St, Los Angeles, CA 90001"
221864,USB-C Charging Cable,1,11.95,06/30/24 11:16,"356 5th St, Boston, MA 02215"
221865,27in 4K Gaming Monitor,1,389.99,06/05/24 14:41,"571 Cherry St, Seattle, WA 98101"
221866,iPhone,1,700,06/14/24 15:19,"561 Highland St, Atlanta, GA 30301"
221867,27in FHD Monitor,1,149.99,06/04/24 20:50,"760 South St, Los Angeles, CA 90001"
221868,AA Batteries (4-pack),1,3.84,06/03/24 21:22,"795 Dogwood St, Boston, MA 02215"
221869,Google Phone,1,600,06/06/24 22:05,"892 Lakeview St, New York City, NY 10001"
221869,USB-C Charging Cable,2,11.95,06/06/24 22:05,"892 Lakeview St, New York City, NY 10001"
221869,Wired Headphones,1,11.99,06/06/24 22:05,"892 Lakeview St, New York City, NY 10001"
221870,USB-C Charging Cable,1,11.95,06/14/24 00:01,"762 Madison St, Dallas, TX 75001"
221871,AA Batteries (4-pack),1,3.84,06/18/24 13:58,"398 Walnut St, Austin, TX 73301"
221872,Wired Headphones,1,11.99,06/04/24 13:06,"499 Park St, San Francisco, CA 94016"
221873,20in Monitor,1,109.99,06/08/24 04:19,"472 Main St, New York City, NY 10001"
221874,AA Batteries (4-pack),2,3.84,06/07/24 18:54,"7 South St, Portland, ME 04101"
221875,27in 4K Gaming Monitor,1,389.99,06/09/24 09:54,"269 Jefferson St, Atlanta, GA 30301"
221876,USB-C Charging Cable,1,11.95,06/13/24 13:05,"988 Wilson St, Los Angeles, CA 90001"
221877,34in Ultrawide Monitor,1,379.99,06/08/24 20:24,"168 6th St, Los Angeles, CA 90001"
221878,Lightning Charging Cable,1,14.95,06/26/24 15:30,"934 Ridge St, San Francisco, CA 94016"
221879,20in Monitor,1,109.99,06/05/24 16:18,"512 Lake St, New York City, NY 10001"
221880,27in 4K Gaming Monitor,1,389.99,06/10/24 15:06,"231 Park St, Los Angeles, CA 90001"
221881,USB-C Charging Cable,1,11.95,06/11/24 12:13,"867 12th St, San Francisco, CA 94016"
221882,AAA Batteries (4-pack),1,2.99,06/25/24 15:25,"843 Main St, New York City, NY 10001"
221883,Bose SoundSport Headphones,1,99.99,06/06/24 09:57,"374 West St, San Francisco, CA 94016"
221884,USB-C Charging Cable,1,11.95,06/10/24 20:51,"843 Hickory St, Los Angeles, CA 90001"
221885,Apple Airpods Headphones,1,150,06/14/24 14:13,"789 Cherry St, San Francisco, CA 94016"
221886,Wired Headphones,1,11.99,06/05/24 14:38,"204 South St, San Francisco, CA 94016"
221887,Apple Airpods Headphones,1,150,06/11/24 08:35,"25 9th St, Los Angeles, CA 90001"
221888,20in Monitor,1,109.99,06/15/24 23:14,"169 Hill St, San Francisco, CA 94016"
221889,AA Batteries (4-pack),1,3.84,06/16/24 14:09,"592 Maple St, New York City, NY 10001"
221890,Bose SoundSport Headphones,1,99.99,06/16/24 21:23,"297 North St, Boston, MA 02215"
221890,27in FHD Monitor,1,149.99,06/16/24 21:23,"297 North St, Boston, MA 02215"
221891,USB-C Charging Cable,1,11.95,06/05/24 08:06,"475 Highland St, Seattle, WA 98101"
221892,ThinkPad Laptop,1,999.99,06/27/24 18:34,"99 10th St, San Francisco, CA 94016"
221893,AA Batteries (4-pack),1,3.84,06/06/24 06:20,"208 Walnut St, Boston, MA 02215"
221894,Bose SoundSport Headphones,1,99.99,06/18/24 05:27,"655 Cedar St, New York City, NY 10001"
221895,Apple Airpods Headphones,1,150,06/20/24 10:22,"421 Highland St, Portland, OR 97035"
221896,USB-C Charging Cable,1,11.95,06/01/24 14:47,"850 Hill St, San Francisco, CA 94016"
221897,AA Batteries (4-pack),1,3.84,06/09/24 17:08,"541 Chestnut St, San Francisco, CA 94016"
221898,USB-C Charging Cable,1,11.95,06/10/24 05:42,"230 Maple St, Los Angeles, CA 90001"
221899,Vareebadd Phone,1,400,06/04/24 00:06,"814 4th St, Seattle, WA 98101"
221900,USB-C Charging Cable,1,11.95,06/03/24 09:16,"105 13th St, Portland, OR 97035"
221901,27in FHD Monitor,1,149.99,06/06/24 18:05,"634 Elm St, San Francisco, CA 94016"
221902,Lightning Charging Cable,1,14.95,06/12/24 18:26,"583 6th St, San Francisco, CA 94016"
221903,AAA Batteries (4-pack),1,2.99,06/02/24 04:49,"962 Meadow St, Los Angeles, CA 90001"
221904,Lightning Charging Cable,1,14.95,06/14/24 13:32,"667 13th St, Los Angeles, CA 90001"
221905,USB-C Charging Cable,1,11.95,06/10/24 09:12,"554 8th St, New York City, NY 10001"
221906,27in 4K Gaming Monitor,1,389.99,06/27/24 16:22,"927 West St, Portland, ME 04101"
221907,AAA Batteries (4-pack),1,2.99,06/21/24 13:13,"151 Dogwood St, Seattle, WA 98101"
221908,27in 4K Gaming Monitor,1,389.99,06/03/24 12:19,"564 8th St, Los Angeles, CA 90001"
221909,AAA Batteries (4-pack),2,2.99,06/04/24 19:03,"547 10th St, Boston, MA 02215"
221910,27in FHD Monitor,1,149.99,06/17/24 00:22,"420 Hickory St, Boston, MA 02215"
221911,AAA Batteries (4-pack),1,2.99,06/29/24 16:51,"105 8th St, San Francisco, CA 94016"
,,,,,
221912,34in Ultrawide Monitor,1,379.99,06/23/24 15:16,"980 Jefferson St, Los Angeles, CA 90001"
221913,34in Ultrawide Monitor,1,379.99,06/19/24 04:55,"355 Dogwood St, New York City, NY 10001"
221914,34in Ultrawide Monitor,1,379.99,06/04/24 12:05,"731 Forest St, Atlanta, GA 30301"
221915,Bose SoundSport Headphones,1,99.99,06/06/24 13:38,"953 8th St, Dallas, TX 75001"
221916,AAA Batteries (4-pack),1,2.99,06/14/24 13:38,"255 6th St, Los Angeles, CA 90001"
221917,Wired Headphones,1,11.99,06/26/24 23:08,"518 Cedar St, Austin, TX 73301"
221918,AA Batteries (4-pack),1,3.84,06/07/24 17:09,"298 4th St, New York City, NY 10001"
221919,Google Phone,1,600,06/30/24 18:10,"516 River St, Seattle, WA 98101"
221920,Apple Airpods Headphones,1,150,06/03/24 22:53,"578 8th St, New York City, NY 10001"
221921,ThinkPad Laptop,1,999.99,06/20/24 19:47,"230 Walnut St, New York City, NY 10001"
221922,34in Ultrawide Monitor,1,379.99,06/03/24 16:31,"26 10th St, San Francisco, CA 94016"
221923,Bose SoundSport Headphones,1,99.99,06/30/24 14:51,"304 Washington St, San Francisco, CA 94016"
221924,Google Phone,1,600,06/24/24 17:43,"85 11th St, San Francisco, CA 94016"
221925,Lightning Charging Cable,1,14.95,06/17/24 13:05,"70 Highland St, San Francisco, CA 94016"
221926,Bose SoundSport Headphones,1,99.99,06/02/24 16:14,"305 Highland St, San Francisco, CA 94016"
221927,AAA Batteries (4-pack),1,2.99,06/16/24 11:43,"764 Adams St, Los Angeles, CA 90001"
221928,AA Batteries (4-pack),1,3.84,06/10/24 10:43,"17 Adams St, Boston, MA 02215"
221929,AA Batteries (4-pack),1,3.84,06/17/24 13:37,"190 Pine St, Austin, TX 73301"
221930,AA Batteries (4-pack),2,3.84,06/05/24 10:26,"858 10th St, San Francisco, CA 94016"
221931,USB-C Charging Cable,1,11.95,06/24/24 21:16,"127 Jefferson St, Portland, OR 97035"
221932,Google Phone,1,600,06/21/24 12:10,"489 South St, Portland, OR 97035"
221932,Wired Headphones,1,11.99,06/21/24 12:10,"489 South St, Portland, OR 97035"
221933,Bose SoundSport Headphones,1,99.99,06/27/24 10:20,"876 14th St, Austin, TX 73301"
221934,LG Washing Machine,1,600.0,06/19/24 20:14,"7 Cedar St, Los Angeles, CA 90001"
221935,Wired Headphones,1,11.99,06/24/24 12:33,"295 Highland St, Dallas, TX 75001"
221936,USB-C Charging Cable,2,11.95,06/08/24 17:29,"662 4th St, Portland, OR 97035"
221937,Lightning Charging Cable,1,14.95,06/16/24 08:07,"552 West St, Atlanta, GA 30301"
221938,USB-C Charging Cable,1,11.95,06/24/24 18:53,"800 7th St, Dallas, TX 75001"
221939,AAA Batteries (4-pack),1,2.99,06/30/24 11:19,"355 12th St, New York City, NY 10001"
221940,AAA Batteries (4-pack),1,2.99,06/11/24 11:58,"806 Washington St, Los Angeles, CA 90001"
221941,34in Ultrawide Monitor,1,379.99,06/26/24 14:25,"556 Jefferson St, New York City, NY 10001"
221942,AA Batteries (4-pack),1,3.84,06/03/24 21:02,"129 Wilson St, San Francisco, CA 94016"
221943,USB-C Charging Cable,1,11.95,06/07/24 10:45,"461 North St, New York City, NY 10001"
221944,Bose SoundSport Headphones,1,99.99,06/09/24 13:52,"259 6th St, Boston, MA 02215"
221945,USB-C Charging Cable,1,11.95,06/08/24 22:53,"98 2nd St, Austin, TX 73301"
221946,Flatscreen TV,1,300,06/08/24 16:19,"177 Ridge St, San Francisco, CA 94016"
221947,Wired Headphones,1,11.99,06/12/24 16:14,"696 Maple St, San Francisco, CA 94016"
221948,Lightning Charging Cable,1,14.95,06/14/24 09:56,"365 Walnut St, Boston, MA 02215"
221949,USB-C Charging Cable,1,11.95,06/18/24 15:41,"187 Church St, Austin, TX 73301"
221950,Lightning Charging Cable,1,14.95,06/30/24 12:29,"94 Maple St, Los Angeles, CA 90001"
221951,AA Batteries (4-pack),3,3.84,06/12/24 23:26,"212 Lakeview St, Atlanta, GA 30301"
221952,Lightning Charging Cable,1,14.95,06/19/24 03:29,"556 Madison St, New York City, NY 10001"
221953,27in FHD Monitor,1,149.99,06/18/24 11:53,"51 North St, Los Angeles, CA 90001"
221954,AAA Batteries (4-pack),2,2.99,06/02/24 12:58,"917 12th St, San Francisco, CA 94016"
221955,Macbook Pro Laptop,1,1700,06/17/24 12:59,"539 4th St, Dallas, TX 75001"
221956,Apple Airpods Headphones,1,150,06/06/24 15:03,"302 1st St, New York City, NY 10001"
221957,iPhone,1,700,06/04/24 11:07,"440 Church St, Dallas, TX 75001"
221958,Bose SoundSport Headphones,1,99.99,06/15/24 11:19,"140 Madison St, Atlanta, GA 30301"
221959,USB-C Charging Cable,1,11.95,06/28/24 07:24,"607 Pine St, Los Angeles, CA 90001"
221960,Google Phone,1,600,06/24/24 21:37,"657 Lake St, Dallas, TX 75001"
221960,USB-C Charging Cable,1,11.95,06/24/24 21:37,"657 Lake St, Dallas, TX 75001"
221961,iPhone,1,700,06/01/24 11:21,"51 Hill St, Atlanta, GA 30301"
221962,Wired Headphones,1,11.99,06/29/24 21:51,"429 Hill St, Atlanta, GA 30301"
221963,AA Batteries (4-pack),1,3.84,06/14/24 16:12,"753 14th St, Los Angeles, CA 90001"
221964,Wired Headphones,1,11.99,06/18/24 03:30,"799 Highland St, Seattle, WA 98101"
221965,AAA Batteries (4-pack),1,2.99,06/26/24 21:30,"691 Ridge St, Portland, OR 97035"
221966,Flatscreen TV,1,300,06/19/24 21:07,"326 Washington St, Seattle, WA 98101"
221967,ThinkPad Laptop,1,999.99,06/13/24 00:11,"735 Chestnut St, Seattle, WA 98101"
221968,USB-C Charging Cable,1,11.95,06/28/24 18:35,"500 Jackson St, Seattle, WA 98101"
221969,ThinkPad Laptop,1,999.99,06/14/24 10:34,"336 13th St, Boston, MA 02215"
221970,AAA Batteries (4-pack),2,2.99,06/22/24 12:54,"213 Center St, Austin, TX 73301"
221971,27in FHD Monitor,1,149.99,06/16/24 17:05,"692 Highland St, Boston, MA 02215"
221972,Wired Headphones,1,11.99,06/04/24 08:05,"189 8th St, Dallas, TX 75001"
221973,Bose SoundSport Headphones,1,99.99,06/08/24 22:55,"464 Madison St, Portland, ME 04101"
221974,Apple Airpods Headphones,1,150,06/19/24 15:16,"489 9th St, New York City, NY 10001"
221975,AAA Batteries (4-pack),1,2.99,06/01/24 18:10,"985 Spruce St, San Francisco, CA 94016"
221976,Apple Airpods Headphones,1,150,06/11/24 20:21,"992 Pine St, Boston, MA 02215"
221977,USB-C Charging Cable,1,11.95,06/26/24 10:34,"739 West St, Dallas, TX 75001"
221978,USB-C Charging Cable,1,11.95,06/01/24 16:11,"84 13th St, New York City, NY 10001"
221979,27in FHD Monitor,1,149.99,06/26/24 14:53,"18 Forest St, San Francisco, CA 94016"
221980,Lightning Charging Cable,1,14.95,06/13/24 22:05,"959 Lakeview St, Los Angeles, CA 90001"
221980,Apple Airpods Headphones,1,150,06/13/24 22:05,"959 Lakeview St, Los Angeles, CA 90001"
,,,,,
221981,Wired Headphones,1,11.99,06/09/24 14:23,"31 10th St, Los Angeles, CA 90001"
221982,Wired Headphones,1,11.99,06/15/24 15:58,"887 Center St, Boston, MA 02215"
221983,Lightning Charging Cable,1,14.95,06/25/24 15:21,"797 Highland St, Los Angeles, CA 90001"
221984,Macbook Pro Laptop,1,1700,06/14/24 21:07,"658 4th St, Seattle, WA 98101"
221985,Macbook Pro Laptop,1,1700,06/14/24 21:53,"707 Adams St, Seattle, WA 98101"
221986,Lightning Charging Cable,1,14.95,06/19/24 14:19,"235 10th St, Atlanta, GA 30301"
221987,LG Dryer,1,600.0,06/29/24 00:09,"700 Maple St, Boston, MA 02215"
221988,Flatscreen TV,1,300,06/30/24 10:16,"790 5th St, Atlanta, GA 30301"
221989,USB-C Charging Cable,1,11.95,06/04/24 17:58,"207 Willow St, San Francisco, CA 94016"
221990,Macbook Pro Laptop,1,1700,06/18/24 18:12,"789 Meadow St, Boston, MA 02215"
221991,Apple Airpods Headphones,1,150,06/12/24 12:13,"510 9th St, Atlanta, GA 30301"
221992,Lightning Charging Cable,1,14.95,06/06/24 18:20,"508 Adams St, New York City, NY 10001"
221993,27in 4K Gaming Monitor,1,389.99,06/15/24 11:43,"2 Hill St, San Francisco, CA 94016"
221994,AA Batteries (4-pack),1,3.84,06/14/24 15:19,"216 9th St, New York City, NY 10001"
221995,ThinkPad Laptop,1,999.99,06/18/24 17:11,"537 Church St, San Francisco, CA 94016"
221996,iPhone,1,700,06/20/24 20:00,"217 Meadow St, Dallas, TX 75001"
221996,Apple Airpods Headphones,1,150,06/20/24 20:00,"217 Meadow St, Dallas, TX 75001"
221997,USB-C Charging Cable,1,11.95,06/30/24 10:06,"49 Jefferson St, San Francisco, CA 94016"
,,,,,
221998,Apple Airpods Headphones,1,150,06/05/24 18:27,"14 Center St, Dallas, TX 75001"
221999,27in FHD Monitor,1,149.99,06/18/24 11:59,"933 Dogwood St, Dallas, TX 75001"
222000,AAA Batteries (4-pack),1,2.99,06/03/24 18:34,"227 14th St, Boston, MA 02215"
222001,USB-C Charging Cable,1,11.95,06/19/24 23:00,"243 Jackson St, Portland, OR 97035"
222002,Macbook Pro Laptop,1,1700,06/05/24 20:56,"432 13th St, San Francisco, CA 94016"
222003,AAA Batteries (4-pack),1,2.99,06/15/24 18:32,"300 Jefferson St, Boston, MA 02215"
222004,Apple Airpods Headphones,1,150,06/02/24 21:56,"26 1st St, Dallas, TX 75001"
222005,Flatscreen TV,1,300,06/17/24 01:42,"653 5th St, Los Angeles, CA 90001"
222006,Apple Airpods Headphones,1,150,06/26/24 20:08,"885 Lake St, San Francisco, CA 94016"
222007,AAA Batteries (4-pack),1,2.99,06/22/24 20:24,"317 Chestnut St, New York City, NY 10001"
222008,Bose SoundSport Headphones,1,99.99,06/30/24 22:30,"767 Madison St, Seattle, WA 98101"
222009,Wired Headphones,1,11.99,06/08/24 20:07,"790 Church St, New York City, NY 10001"
222010,USB-C Charging Cable,1,11.95,06/21/24 15:51,"729 Johnson St, Dallas, TX 75001"
222011,AAA Batteries (4-pack),2,2.99,06/26/24 08:19,"877 Highland St, Boston, MA 02215"
222012,Bose SoundSport Headphones,1,99.99,06/21/24 12:41,"262 Sunset St, Los Angeles, CA 90001"
222013,Wired Headphones,1,11.99,06/26/24 18:32,"406 Pine St, Boston, MA 02215"
222014,AAA Batteries (4-pack),1,2.99,06/04/24 19:05,"205 Meadow St, New York City, NY 10001"
222015,Bose SoundSport Headphones,1,99.99,06/03/24 11:35,"699 10th St, Los Angeles, CA 90001"
222016,27in 4K Gaming Monitor,1,389.99,06/24/24 19:22,"12 Maple St, Los Angeles, CA 90001"
222017,AA Batteries (4-pack),1,3.84,06/20/24 10:16,"159 Forest St, San Francisco, CA 94016"
222018,Lightning Charging Cable,1,14.95,06/21/24 01:57,"955 5th St, New York City, NY 10001"
222019,Google Phone,1,600,06/08/24 05:45,"617 Highland St, Los Angeles, CA 90001"
222020,USB-C Charging Cable,1,11.95,06/06/24 21:10,"984 Jackson St, Austin, TX 73301"
222021,34in Ultrawide Monitor,1,379.99,06/17/24 16:25,"632 10th St, Los Angeles, CA 90001"
222022,20in Monitor,1,109.99,06/30/24 08:24,"238 13th St, Dallas, TX 75001"
222023,AAA Batteries (4-pack),2,2.99,06/27/24 06:20,"801 9th St, Los Angeles, CA 90001"
222024,Bose SoundSport Headphones,1,99.99,06/21/24 15:28,"485 9th St, New York City, NY 10001"
222025,27in FHD Monitor,1,149.99,06/15/24 20:06,"511 Lakeview St, Austin, TX 73301"
222026,AAA Batteries (4-pack),1,2.99,06/06/24 20:49,"61 South St, Los Angeles, CA 90001"
222027,AAA Batteries (4-pack),1,2.99,06/06/24 10:12,"654 River St, San Francisco, CA 94016"
222028,Bose SoundSport Headphones,1,99.99,06/11/24 19:10,"647 Jefferson St, Seattle, WA 98101"
222029,Lightning Charging Cable,1,14.95,06/28/24 11:01,"910 Chestnut St, San Francisco, CA 94016"
222030,AA Batteries (4-pack),1,3.84,06/21/24 19:34,"11 Adams St, San Francisco, CA 94016"
222031,AA Batteries (4-pack),1,3.84,06/01/24 15:21,"954 Madison St, Dallas, TX 75001"
222032,AA Batteries (4-pack),1,3.84,06/17/24 22:31,"46 Park St, San Francisco, CA 94016"
222033,AAA Batteries (4-pack),2,2.99,06/18/24 21:22,"204 1st St, New York City, NY 10001"
222034,AA Batteries (4-pack),3,3.84,06/21/24 13:10,"125 Johnson St, San Francisco, CA 94016"
222035,Lightning Charging Cable,2,14.95,06/23/24 23:00,"143 Walnut St, New York City, NY 10001"
222036,AAA Batteries (4-pack),1,2.99,06/12/24 14:30,"315 Hill St, San Francisco, CA 94016"
222037,AAA Batteries (4-pack),3,2.99,06/05/24 13:27,"697 Chestnut St, Seattle, WA 98101"
222038,Wired Headphones,1,11.99,06/20/24 19:45,"226 12th St, Portland, OR 97035"
222039,AA Batteries (4-pack),1,3.84,06/16/24 09:49,"698 North St, Los Angeles, CA 90001"
222040,Wired Headphones,1,11.99,06/19/24 21:24,"337 Jefferson St, New York City, NY 10001"
222041,27in FHD Monitor,1,149.99,06/18/24 21:20,"776 North St, Los Angeles, CA 90001"
222042,Google Phone,1,600,06/27/24 19:19,"175 South St, Austin, TX 73301"
222043,USB-C Charging Cable,1,11.95,06/30/24 11:52,"793 1st St, Boston, MA 02215"
222044,AA Batteries (4-pack),1,3.84,06/10/24 05:49,"446 Pine St, Atlanta, GA 30301"
222045,Wired Headphones,1,11.99,06/30/24 15:45,"308 10th St, Atlanta, GA 30301"
222046,27in FHD Monitor,1,149.99,06/19/24 09:50,"670 Highland St, San Francisco, CA 94016"
222047,LG Dryer,1,600.0,06/10/24 22:50,"223 Jefferson St, Los Angeles, CA 90001"
222048,27in 4K Gaming Monitor,1,389.99,06/15/24 08:14,"879 Sunset St, Los Angeles, CA 90001"
222049,Wired Headphones,1,11.99,06/28/24 16:08,"890 Maple St, San Francisco, CA 94016"
222050,20in Monitor,1,109.99,06/03/24 16:52,"31 Forest St, Austin, TX 73301"
222051,Apple Airpods Headphones,1,150,06/28/24 08:48,"575 Adams St, New York City, NY 10001"
222052,AA Batteries (4-pack),1,3.84,06/27/24 16:41,"254 Washington St, Boston, MA 02215"
222053,Macbook Pro Laptop,1,1700,06/29/24 17:24,"515 Lakeview St, Boston, MA 02215"
222054,AA Batteries (4-pack),1,3.84,06/13/24 19:58,"933 Johnson St, San Francisco, CA 94016"
222055,Wired Headphones,2,11.99,06/26/24 04:30,"614 9th St, Boston, MA 02215"
222056,USB-C Charging Cable,1,11.95,06/11/24 17:16,"367 Center St, Atlanta, GA 30301"
222057,USB-C Charging Cable,1,11.95,06/02/24 11:26,"452 Wilson St, Los Angeles, CA 90001"
222058,Google Phone,1,600,06/15/24 08:46,"918 14th St, New York City, NY 10001"
222058,USB-C Charging Cable,1,11.95,06/15/24 08:46,"918 14th St, New York City, NY 10001"
222059,Lightning Charging Cable,1,14.95,06/17/24 20:16,"106 Hill St, Los Angeles, CA 90001"
222060,AAA Batteries (4-pack),1,2.99,06/01/24 08:54,"44 Cedar St, New York City, NY 10001"
222061,AAA Batteries (4-pack),1,2.99,06/10/24 22:45,"163 Spruce St, Los Angeles, CA 90001"
222062,USB-C Charging Cable,1,11.95,06/28/24 16:30,"834 Park St, Dallas, TX 75001"
222063,20in Monitor,1,109.99,06/09/24 14:35,"536 Sunset St, San Francisco, CA 94016"
222064,Lightning Charging Cable,1,14.95,06/04/24 06:39,"991 Walnut St, San Francisco, CA 94016"
222065,iPhone,1,700,06/16/24 11:55,"476 8th St, Portland, OR 97035"
222065,Wired Headphones,1,11.99,06/16/24 11:55,"476 8th St, Portland, OR 97035"
222066,AA Batteries (4-pack),1,3.84,06/25/24 08:51,"108 Lincoln St, New York City, NY 10001"
222067,Wired Headphones,1,11.99,06/16/24 16:09,"393 Meadow St, Portland, OR 97035"
,,,,,
222068,USB-C Charging Cable,1,11.95,06/25/24 12:32,"144 Walnut St, Atlanta, GA 30301"
222068,Wired Headphones,1,11.99,06/25/24 12:32,"144 Walnut St, Atlanta, GA 30301"
222069,AAA Batteries (4-pack),2,2.99,06/26/24 20:03,"936 4th St, Dallas, TX 75001"
222070,USB-C Charging Cable,1,11.95,06/25/24 08:10,"126 Adams St, New York City, NY 10001"
222071,AA Batteries (4-pack),2,3.84,06/09/24 17:14,"368 13th St, Portland, OR 97035"
222072,Google Phone,1,600,06/16/24 19:44,"458 Center St, Seattle, WA 98101"
222073,AA Batteries (4-pack),1,3.84,06/19/24 16:13,"643 2nd St, San Francisco, CA 94016"
222074,27in FHD Monitor,1,149.99,06/07/24 16:40,"292 Lake St, Los Angeles, CA 90001"
222075,34in Ultrawide Monitor,1,379.99,06/02/24 22:50,"880 Johnson St, Atlanta, GA 30301"
222076,ThinkPad Laptop,1,999.99,07/01/24 00:52,"878 Park St, Dallas, TX 75001"
222077,Wired Headphones,1,11.99,06/17/24 07:13,"61 Lincoln St, Atlanta, GA 30301"
222078,USB-C Charging Cable,1,11.95,06/05/24 13:17,"71 North St, New York City, NY 10001"
222079,ThinkPad Laptop,1,999.99,06/06/24 13:00,"839 Hill St, Austin, TX 73301"
222080,AA Batteries (4-pack),1,3.84,06/01/24 13:02,"553 8th St, Los Angeles, CA 90001"
222081,Apple Airpods Headphones,1,150,06/12/24 08:18,"846 Elm St, San Francisco, CA 94016"
222082,AAA Batteries (4-pack),3,2.99,06/18/24 07:48,"320 River St, Dallas, TX 75001"
222083,AAA Batteries (4-pack),2,2.99,06/15/24 09:07,"88 Center St, Boston, MA 02215"
222084,Apple Airpods Headphones,1,150,06/03/24 13:19,"899 1st St, New York City, NY 10001"
222085,AA Batteries (4-pack),1,3.84,06/13/24 12:39,"68 Church St, San Francisco, CA 94016"
222086,Lightning Charging Cable,1,14.95,06/11/24 21:35,"721 Lakeview St, Dallas, TX 75001"
222087,Wired Headphones,1,11.99,06/29/24 06:14,"586 West St, Portland, OR 97035"
222088,USB-C Charging Cable,3,11.95,06/24/24 21:07,"975 Pine St, Los Angeles, CA 90001"
222089,iPhone,1,700,06/19/24 23:38,"195 Madison St, Los Angeles, CA 90001"
222090,Wired Headphones,2,11.99,06/05/24 09:28,"404 7th St, Atlanta, GA 30301"
222091,AAA Batteries (4-pack),1,2.99,06/13/24 12:27,"546 Adams St, New York City, NY 10001"
222092,Wired Headphones,1,11.99,06/30/24 13:49,"424 Madison St, Seattle, WA 98101"
222093,Bose SoundSport Headphones,1,99.99,06/22/24 17:55,"639 River St, Atlanta, GA 30301"
222094,Google Phone,1,600,06/02/24 17:14,"669 13th St, Los Angeles, CA 90001"
222095,AAA Batteries (4-pack),2,2.99,06/22/24 07:10,"928 Pine St, Los Angeles, CA 90001"
222096,Wired Headphones,1,11.99,06/04/24 16:29,"10 1st St, Los Angeles, CA 90001"
222097,Bose SoundSport Headphones,1,99.99,06/01/24 11:03,"129 Walnut St, San Francisco, CA 94016"
222098,27in 4K Gaming Monitor,1,389.99,06/06/24 07:47,"890 Wilson St, New York City, NY 10001"
222099,AA Batteries (4-pack),1,3.84,06/27/24 15:29,"568 Chestnut St, Boston, MA 02215"
222100,34in Ultrawide Monitor,1,379.99,06/23/24 20:59,"624 12th St, San Francisco, CA 94016"
222101,USB-C Charging Cable,1,11.95,06/01/24 17:16,"793 Spruce St, San Francisco, CA 94016"
222102,Macbook Pro Laptop,1,1700,06/29/24 18:29,"344 Meadow St, San Francisco, CA 94016"
222103,AAA Batteries (4-pack),1,2.99,06/01/24 20:04,"783 Center St, Los Angeles, CA 90001"
222104,Lightning Charging Cable,1,14.95,06/02/24 09:07,"783 Walnut St, San Francisco, CA 94016"
222104,Bose SoundSport Headphones,1,99.99,06/02/24 09:07,"783 Walnut St, San Francisco, CA 94016"
222105,Lightning Charging Cable,1,14.95,06/28/24 16:03,"40 River St, San Francisco, CA 94016"
222106,ThinkPad Laptop,1,999.99,06/25/24 10:07,"898 Jefferson St, Portland, OR 97035"
222107,Apple Airpods Headphones,1,150,06/03/24 18:48,"983 Hill St, San Francisco, CA 94016"
222108,Flatscreen TV,1,300,06/29/24 12:10,"327 8th St, Los Angeles, CA 90001"
222109,Macbook Pro Laptop,1,1700,06/20/24 13:50,"88 Johnson St, San Francisco, CA 94016"
222110,iPhone,1,700,06/10/24 21:05,"951 Hill St, Boston, MA 02215"
222110,Wired Headphones,2,11.99,06/10/24 21:05,"951 Hill St, Boston, MA 02215"
222111,27in FHD Monitor,1,149.99,06/21/24 18:20,"431 Adams St, Seattle, WA 98101"
222112,Google Phone,1,600,06/08/24 13:50,"163 4th St, San Francisco, CA 94016"
222113,Bose SoundSport Headphones,1,99.99,06/09/24 14:05,"928 Sunset St, Seattle, WA 98101"
222114,USB-C Charging Cable,1,11.95,06/12/24 12:58,"660 Pine St, Boston, MA 02215"
222115,AA Batteries (4-pack),1,3.84,06/01/24 14:33,"366 1st St, Atlanta, GA 30301"
222116,Lightning Charging Cable,1,14.95,06/21/24 13:36,"718 12th St, Los Angeles, CA 90001"
222117,Bose SoundSport Headphones,1,99.99,06/01/24 22:12,"17 Washington St, Seattle, WA 98101"
222118,27in FHD Monitor,1,149.99,06/22/24 16:09,"40 Maple St, Los Angeles, CA 90001"
222119,iPhone,1,700,06/30/24 10:13,"21 Meadow St, Seattle, WA 98101"
222119,Lightning Charging Cable,1,14.95,06/30/24 10:13,"21 Meadow St, Seattle, WA 98101"
222120,Wired Headphones,1,11.99,06/19/24 19:41,"710 Meadow St, San Francisco, CA 94016"
222121,AAA Batteries (4-pack),2,2.99,06/24/24 21:59,"245 Chestnut St, Dallas, TX 75001"
222122,ThinkPad Laptop,1,999.99,06/14/24 09:51,"270 Cherry St, San Francisco, CA 94016"
222123,AA Batteries (4-pack),2,3.84,06/20/24 14:39,"774 Cedar St, Seattle, WA 98101"
222124,USB-C Charging Cable,1,11.95,06/18/24 08:44,"324 Willow St, Los Angeles, CA 90001"
222125,USB-C Charging Cable,1,11.95,06/12/24 17:19,"72 Jackson St, Los Angeles, CA 90001"
222126,USB-C Charging Cable,1,11.95,06/13/24 23:24,"862 Lake St, Austin, TX 73301"
222127,Wired Headphones,1,11.99,06/04/24 21:20,"938 Dogwood St, San Francisco, CA 94016"
222128,AAA Batteries (4-pack),1,2.99,06/08/24 14:42,"337 10th St, Atlanta, GA 30301"
222129,27in FHD Monitor,1,149.99,06/12/24 10:16,"311 Lincoln St, Los Angeles, CA 90001"
222130,27in 4K Gaming Monitor,1,389.99,06/03/24 15:31,"179 Elm St, San Francisco, CA 94016"
222131,iPhone,1,700,06/11/24 09:30,"701 8th St, San Francisco, CA 94016"
222132,USB-C Charging Cable,1,11.95,06/27/24 18:51,"7 2nd St, Los Angeles, CA 90001"
222133,Wired Headphones,1,11.99,06/07/24 22:43,"870 8th St, Los Angeles, CA 90001"
222134,Macbook Pro Laptop,1,1700,06/03/24 15:39,"581 Adams St, Austin, TX 73301"
222135,AAA Batteries (4-pack),1,2.99,06/12/24 06:56,"530 6th St, Los Angeles, CA 90001"
222136,Wired Headphones,1,11.99,06/06/24 11:44,"797 Maple St, Dallas, TX 75001"
222137,Apple Airpods Headphones,1,150,06/21/24 11:46,"691 Cherry St, Seattle, WA 98101"
222138,Flatscreen TV,1,300,06/07/24 20:23,"287 Walnut St, San Francisco, CA 94016"
222139,USB-C Charging Cable,1,11.95,06/24/24 20:11,"525 Park St, Portland, OR 97035"
222140,Google Phone,1,600,06/09/24 15:57,"535 14th St, San Francisco, CA 94016"
222141,AAA Batteries (4-pack),1,2.99,06/10/24 21:28,"396 South St, Dallas, TX 75001"
222142,AA Batteries (4-pack),2,3.84,06/15/24 13:40,"849 Meadow St, Boston, MA 02215"
222143,Macbook Pro Laptop,1,1700,06/18/24 18:42,"425 Elm St, San Francisco, CA 94016"
222144,AAA Batteries (4-pack),1,2.99,06/27/24 16:05,"789 Ridge St, New York City, NY 10001"
222145,AA Batteries (4-pack),1,3.84,06/05/24 13:39,"952 Lakeview St, Los Angeles, CA 90001"
222146,Lightning Charging Cable,1,14.95,06/11/24 09:55,"247 Jackson St, Los Angeles, CA 90001"
222147,Lightning Charging Cable,1,14.95,06/16/24 14:38,"849 Park St, Atlanta, GA 30301"
222148,Flatscreen TV,1,300,06/07/24 13:27,"8 North St, San Francisco, CA 94016"
222149,Lightning Charging Cable,1,14.95,06/13/24 06:45,"71 North St, Austin, TX 73301"
222150,27in FHD Monitor,1,149.99,06/28/24 15:50,"579 5th St, Boston, MA 02215"
222151,Lightning Charging Cable,1,14.95,06/03/24 18:10,"101 4th St, Atlanta, GA 30301"
222152,Wired Headphones,1,11.99,06/08/24 20:34,"244 7th St, New York City, NY 10001"
222153,27in FHD Monitor,1,149.99,06/06/24 21:37,"989 Wilson St, San Francisco, CA 94016"
222154,AA Batteries (4-pack),1,3.84,06/27/24 11:05,"718 Jefferson St, Seattle, WA 98101"
222155,Lightning Charging Cable,1,14.95,06/27/24 22:17,"874 Walnut St, Los Angeles, CA 90001"
222156,Macbook Pro Laptop,1,1700,06/06/24 21:53,"277 9th St, San Francisco, CA 94016"
222157,Lightning Charging Cable,2,14.95,06/29/24 15:16,"171 10th St, Boston, MA 02215"
222157,ThinkPad Laptop,1,999.99,06/29/24 15:16,"171 10th St, Boston, MA 02215"
222158,Lightning Charging Cable,1,14.95,06/09/24 11:47,"37 Maple St, Los Angeles, CA 90001"
222159,Apple Airpods Headphones,1,150,06/23/24 13:05,"342 11th St, Los Angeles, CA 90001"
222160,Wired Headphones,1,11.99,06/11/24 17:53,"673 Spruce St, Atlanta, GA 30301"
222161,27in FHD Monitor,1,149.99,06/16/24 09:15,"565 Hickory St, San Francisco, CA 94016"
222162,AAA Batteries (4-pack),1,2.99,06/17/24 17:37,"668 5th St, Los Angeles, CA 90001"
222163,AA Batteries (4-pack),2,3.84,06/15/24 18:18,"307 Maple St, San Francisco, CA 94016"
222164,Lightning Charging Cable,1,14.95,06/05/24 05:35,"847 West St, Los Angeles, CA 90001"
222165,LG Dryer,1,600.0,06/04/24 11:12,"970 13th St, Los Angeles, CA 90001"
222166,AAA Batteries (4-pack),3,2.99,06/11/24 21:41,"642 Elm St, Austin, TX 73301"
222167,20in Monitor,1,109.99,06/16/24 19:59,"464 11th St, San Francisco, CA 94016"
222168,USB-C Charging Cable,1,11.95,06/28/24 06:04,"897 13th St, San Francisco, CA 94016"
222169,Lightning Charging Cable,1,14.95,06/05/24 22:11,"146 Sunset St, Boston, MA 02215"
222170,iPhone,1,700,06/09/24 13:22,"142 9th St, New York City, NY 10001"
222171,27in FHD Monitor,1,149.99,06/29/24 19:18,"797 Willow St, San Francisco, CA 94016"
222172,Wired Headphones,1,11.99,06/23/24 11:13,"839 12th St, Los Angeles, CA 90001"
222173,USB-C Charging Cable,1,11.95,06/16/24 21:18,"846 Center St, San Francisco, CA 94016"
222174,Macbook Pro Laptop,1,1700,06/04/24 15:59,"576 Lincoln St, Portland, OR 97035"
222175,Lightning Charging Cable,1,14.95,06/09/24 11:53,"797 13th St, Austin, TX 73301"
222176,Lightning Charging Cable,1,14.95,06/13/24 17:47,"172 Spruce St, Los Angeles, CA 90001"
222177,AAA Batteries (4-pack),1,2.99,06/06/24 16:29,"396 Willow St, San Francisco, CA 94016"
222178,27in 4K Gaming Monitor,1,389.99,06/10/24 22:06,"642 Washington St, Boston, MA 02215"
222179,Flatscreen TV,1,300,06/14/24 18:26,"857 Park St, Dallas, TX 75001"
222180,Lightning Charging Cable,1,14.95,06/30/24 15:00,"541 Park St, San Francisco, CA 94016"
222181,Wired Headphones,1,11.99,06/23/24 14:35,"589 9th St, Los Angeles, CA 90001"
222182,Macbook Pro Laptop,1,1700,06/21/24 18:47,"344 Dogwood St, San Francisco, CA 94016"
222183,Lightning Charging Cable,1,14.95,06/12/24 21:47,"646 Meadow St, Los Angeles, CA 90001"
222184,Flatscreen TV,1,300,06/25/24 11:35,"916 Center St, Los Angeles, CA 90001"
222185,USB-C Charging Cable,1,11.95,06/10/24 19:15,"547 Cedar St, San Francisco, CA 94016"
222186,AA Batteries (4-pack),1,3.84,06/21/24 15:17,"748 10th St, San Francisco, CA 94016"
222187,Macbook Pro Laptop,1,1700,06/27/24 10:15,"700 Lincoln St, Seattle, WA 98101"
222188,AAA Batteries (4-pack),2,2.99,06/19/24 19:09,"7 Walnut St, San Francisco, CA 94016"
222189,USB-C Charging Cable,1,11.95,06/02/24 11:56,"866 Lincoln St, Austin, TX 73301"
222190,Wired Headphones,1,11.99,06/19/24 19:16,"125 Wilson St, Portland, OR 97035"
222191,Apple Airpods Headphones,1,150,06/15/24 23:41,"812 West St, Dallas, TX 75001"
222192,Apple Airpods Headphones,1,150,06/26/24 08:54,"465 Meadow St, Dallas, TX 75001"
222192,AAA Batteries (4-pack),1,2.99,06/26/24 08:54,"465 Meadow St, Dallas, TX 75001"
222193,Bose SoundSport Headphones,1,99.99,06/02/24 21:40,"981 Cedar St, Portland, ME 04101"
222194,Bose SoundSport Headphones,1,99.99,06/13/24 08:54,"112 West St, San Francisco, CA 94016"
222195,Apple Airpods Headphones,1,150,06/25/24 23:03,"916 1st St, Portland, OR 97035"
222196,ThinkPad Laptop,1,999.99,06/11/24 19:35,"781 Jackson St, Boston, MA 02215"
222197,AAA Batteries (4-pack),2,2.99,06/03/24 23:24,"275 Lincoln St, San Francisco, CA 94016"
222198,Lightning Charging Cable,1,14.95,06/20/24 15:19,"978 Cedar St, San Francisco, CA 94016"
222199,Lightning Charging Cable,1,14.95,06/07/24 03:39,"871 Hill St, Los Angeles, CA 90001"
222200,Apple Airpods Headphones,1,150,06/25/24 18:18,"218 Spruce St, Boston, MA 02215"
222201,Bose SoundSport Headphones,1,99.99,06/30/24 12:21,"350 Walnut St, New York City, NY 10001"
222202,ThinkPad Laptop,1,999.99,06/30/24 12:00,"229 Cedar St, San Francisco, CA 94016"
222203,Apple Airpods Headphones,1,150,06/21/24 16:40,"890 Willow St, Dallas, TX 75001"
222204,34in Ultrawide Monitor,1,379.99,06/15/24 18:53,"921 Maple St, San Francisco, CA 94016"
222205,USB-C Charging Cable,1,11.95,06/23/24 18:22,"413 Sunset St, Boston, MA 02215"
222205,AAA Batteries (4-pack),1,2.99,06/23/24 18:22,"413 Sunset St, Boston, MA 02215"
222206,AA Batteries (4-pack),1,3.84,06/20/24 21:48,"190 Johnson St, San Francisco, CA 94016"
222207,iPhone,1,700,06/22/24 14:35,"859 Meadow St, Austin, TX 73301"
222208,Wired Headphones,1,11.99,06/08/24 21:48,"790 10th St, New York City, NY 10001"
222209,AAA Batteries (4-pack),1,2.99,06/22/24 12:58,"131 5th St, Boston, MA 02215"
222210,USB-C Charging Cable,1,11.95,06/12/24 16:22,"615 Cedar St, New York City, NY 10001"
222211,34in Ultrawide Monitor,1,379.99,06/02/24 09:59,"163 Elm St, San Francisco, CA 94016"
222212,AA Batteries (4-pack),1,3.84,06/01/24 14:27,"428 Madison St, New York City, NY 10001"
222213,AA Batteries (4-pack),1,3.84,06/23/24 11:52,"189 Ridge St, San Francisco, CA 94016"
222214,AAA Batteries (4-pack),1,2.99,06/18/24 10:54,"795 Spruce St, New York City, NY 10001"
222215,iPhone,1,700,06/21/24 11:36,"563 4th St, Los Angeles, CA 90001"
222216,Lightning Charging Cable,1,14.95,06/28/24 16:06,"451 4th St, San Francisco, CA 94016"
222217,34in Ultrawide Monitor,1,379.99,06/04/24 20:59,"823 2nd St, Austin, TX 73301"
222218,27in 4K Gaming Monitor,1,389.99,06/15/24 17:34,"737 Meadow St, Portland, OR 97035"
222219,Wired Headphones,1,11.99,06/18/24 14:50,"394 12th St, Portland, OR 97035"
222220,Lightning Charging Cable,1,14.95,06/18/24 22:40,"744 Hill St, New York City, NY 10001"
222221,Vareebadd Phone,1,400,06/07/24 16:28,"79 Washington St, Atlanta, GA 30301"
222221,USB-C Charging Cable,1,11.95,06/07/24 16:28,"79 Washington St, Atlanta, GA 30301"
222222,20in Monitor,1,109.99,06/18/24 14:10,"685 Dogwood St, Austin, TX 73301"
222223,Wired Headphones,1,11.99,06/02/24 12:10,"194 Spruce St, Los Angeles, CA 90001"
222224,27in FHD Monitor,1,149.99,06/09/24 20:26,"142 Johnson St, Los Angeles, CA 90001"
222225,Bose SoundSport Headphones,1,99.99,06/10/24 11:57,"294 Jackson St, Dallas, TX 75001"
222226,USB-C Charging Cable,2,11.95,06/07/24 15:06,"982 River St, Boston, MA 02215"
222227,Apple Airpods Headphones,1,150,06/04/24 21:16,"969 South St, San Francisco, CA 94016"
222228,Wired Headphones,1,11.99,06/02/24 16:05,"819 Hickory St, Dallas, TX 75001"
222229,AAA Batteries (4-pack),1,2.99,06/06/24 20:50,"290 13th St, Los Angeles, CA 90001"
222230,Lightning Charging Cable,1,14.95,06/20/24 11:19,"675 West St, San Francisco, CA 94016"
222231,Google Phone,1,600,06/20/24 12:35,"336 Cedar St, Dallas, TX 75001"
222232,ThinkPad Laptop,1,999.99,06/25/24 19:10,"855 Meadow St, New York City, NY 10001"
222233,USB-C Charging Cable,1,11.95,06/01/24 12:18,"273 Maple St, Austin, TX 73301"
222234,Wired Headphones,1,11.99,06/11/24 11:07,"702 Park St, Portland, OR 97035"
222235,AA Batteries (4-pack),1,3.84,06/29/24 07:40,"671 Pine St, San Francisco, CA 94016"
222236,AA Batteries (4-pack),1,3.84,06/08/24 20:03,"359 Dogwood St, Portland, OR 97035"
222237,AA Batteries (4-pack),1,3.84,06/20/24 11:09,"925 River St, Seattle, WA 98101"
222238,AA Batteries (4-pack),1,3.84,06/06/24 11:58,"406 Church St, San Francisco, CA 94016"
222239,USB-C Charging Cable,1,11.95,06/30/24 17:48,"242 8th St, San Francisco, CA 94016"
222240,Apple Airpods Headphones,1,150,06/10/24 20:22,"980 Johnson St, Austin, TX 73301"
222241,Lightning Charging Cable,1,14.95,06/21/24 13:23,"726 Ridge St, New York City, NY 10001"
222242,27in 4K Gaming Monitor,1,389.99,06/06/24 17:09,"12 Main St, Austin, TX 73301"
222243,Flatscreen TV,1,300,06/10/24 10:55,"511 Lincoln St, Dallas, TX 75001"
222244,ThinkPad Laptop,1,999.99,06/04/24 15:55,"950 Pine St, San Francisco, CA 94016"
222245,ThinkPad Laptop,1,999.99,06/29/24 04:31,"740 9th St, San Francisco, CA 94016"
222246,Wired Headphones,1,11.99,06/24/24 12:52,"455 Elm St, New York City, NY 10001"
222247,Lightning Charging Cable,1,14.95,06/04/24 16:06,"959 Jefferson St, Dallas, TX 75001"
222248,AAA Batteries (4-pack),1,2.99,06/12/24 13:32,"465 7th St, Atlanta, GA 30301"
222249,AA Batteries (4-pack),1,3.84,06/05/24 21:13,"932 Madison St, Atlanta, GA 30301"
222250,iPhone,1,700,06/06/24 13:14,"673 Elm St, Los Angeles, CA 90001"
222251,Bose SoundSport Headphones,1,99.99,06/25/24 19:26,"129 Highland St, Los Angeles, CA 90001"
222252,27in FHD Monitor,1,149.99,06/24/24 08:47,"316 Chestnut St, Dallas, TX 75001"
222253,Bose SoundSport Headphones,1,99.99,06/18/24 16:09,"897 Main St, Boston, MA 02215"
222254,Macbook Pro Laptop,1,1700,06/15/24 11:57,"259 Pine St, Los Angeles, CA 90001"
222255,USB-C Charging Cable,1,11.95,06/23/24 11:10,"916 10th St, New York City, NY 10001"
222256,Wired Headphones,1,11.99,06/30/24 19:09,"880 North St, Los Angeles, CA 90001"
222257,AA Batteries (4-pack),1,3.84,06/15/24 20:15,"929 Jackson St, Atlanta, GA 30301"
222258,Bose SoundSport Headphones,1,99.99,06/08/24 12:07,"466 Ridge St, New York City, NY 10001"
222259,27in 4K Gaming Monitor,1,389.99,06/06/24 15:30,"800 13th St, Atlanta, GA 30301"
222260,AAA Batteries (4-pack),3,2.99,06/17/24 11:07,"57 Wilson St, Los Angeles, CA 90001"
222261,Wired Headphones,1,11.99,06/30/24 14:42,"436 Highland St, New York City, NY 10001"
222262,34in Ultrawide Monitor,1,379.99,06/02/24 15:09,"218 Madison St, New York City, NY 10001"
222263,Bose SoundSport Headphones,1,99.99,06/27/24 14:23,"992 11th St, Atlanta, GA 30301"
222264,Lightning Charging Cable,1,14.95,06/30/24 16:26,"961 Church St, Seattle, WA 98101"
222265,Wired Headphones,2,11.99,06/16/24 16:45,"248 Lincoln St, New York City, NY 10001"
222266,USB-C Charging Cable,1,11.95,06/07/24 10:37,"857 Lincoln St, Boston, MA 02215"
222267,Wired Headphones,1,11.99,06/09/24 06:25,"19 Spruce St, San Francisco, CA 94016"
222268,Apple Airpods Headphones,1,150,06/14/24 18:47,"801 Sunset St, San Francisco, CA 94016"
222269,AA Batteries (4-pack),2,3.84,06/25/24 18:43,"407 Pine St, Los Angeles, CA 90001"
222270,USB-C Charging Cable,1,11.95,06/03/24 08:52,"988 Washington St, New York City, NY 10001"
222271,Lightning Charging Cable,1,14.95,06/25/24 12:48,"988 2nd St, Los Angeles, CA 90001"
222272,Apple Airpods Headphones,1,150,06/19/24 19:35,"529 Main St, Boston, MA 02215"
222273,27in FHD Monitor,1,149.99,06/27/24 16:48,"737 Jefferson St, Austin, TX 73301"
222274,Macbook Pro Laptop,1,1700,06/15/24 13:41,"95 12th St, New York City, NY 10001"
222275,Lightning Charging Cable,1,14.95,06/20/24 20:33,"837 Cherry St, San Francisco, CA 94016"
222276,Flatscreen TV,1,300,06/26/24 21:29,"567 Lincoln St, New York City, NY 10001"
222277,USB-C Charging Cable,1,11.95,06/23/24 09:10,"704 Jackson St, Portland, OR 97035"
222278,34in Ultrawide Monitor,1,379.99,06/08/24 18:45,"911 Dogwood St, Dallas, TX 75001"
222279,AA Batteries (4-pack),1,3.84,06/04/24 08:32,"875 Forest St, Boston, MA 02215"
222280,Apple Airpods Headphones,1,150,06/11/24 15:11,"78 Pine St, Los Angeles, CA 90001"
222281,AAA Batteries (4-pack),1,2.99,06/15/24 19:47,"226 Park St, Los Angeles, CA 90001"
222282,USB-C Charging Cable,1,11.95,06/29/24 21:03,"204 14th St, Boston, MA 02215"
222283,Bose SoundSport Headphones,1,99.99,06/22/24 20:39,"998 Sunset St, San Francisco, CA 94016"
222284,AA Batteries (4-pack),1,3.84,06/08/24 18:50,"36 Jefferson St, San Francisco, CA 94016"
222285,USB-C Charging Cable,1,11.95,06/07/24 10:36,"645 Sunset St, Portland, ME 04101"
222286,Apple Airpods Headphones,1,150,06/28/24 18:29,"63 Sunset St, Portland, OR 97035"
222287,Lightning Charging Cable,1,14.95,06/05/24 00:12,"387 Willow St, San Francisco, CA 94016"
222288,AAA Batteries (4-pack),3,2.99,06/28/24 19:35,"466 Lincoln St, San Francisco, CA 94016"
222289,Lightning Charging Cable,2,14.95,06/06/24 20:57,"481 Meadow St, Boston, MA 02215"
222290,Google Phone,1,600,06/20/24 17:40,"627 Highland St, San Francisco, CA 94016"
222291,iPhone,1,700,06/14/24 10:31,"848 7th St, San Francisco, CA 94016"
222292,Lightning Charging Cable,1,14.95,06/06/24 08:00,"364 Cedar St, Los Angeles, CA 90001"
222293,AAA Batteries (4-pack),1,2.99,06/05/24 21:28,"750 Chestnut St, San Francisco, CA 94016"
222294,Apple Airpods Headphones,1,150,06/18/24 00:34,"299 Jackson St, Dallas, TX 75001"
222295,Wired Headphones,2,11.99,06/04/24 18:16,"922 West St, Boston, MA 02215"
222296,34in Ultrawide Monitor,1,379.99,06/09/24 23:14,"688 Wilson St, San Francisco, CA 94016"
222297,27in FHD Monitor,1,149.99,06/16/24 12:57,"925 Maple St, San Francisco, CA 94016"
222298,Wired Headphones,1,11.99,06/07/24 20:26,"487 Sunset St, Seattle, WA 98101"
222299,AAA Batteries (4-pack),1,2.99,06/24/24 22:28,"152 13th St, San Francisco, CA 94016"
222300,Lightning Charging Cable,1,14.95,06/08/24 12:50,"122 8th St, Boston, MA 02215"
222301,ThinkPad Laptop,1,999.99,06/03/24 11:57,"906 Jackson St, Portland, OR 97035"
222302,AAA Batteries (4-pack),1,2.99,06/07/24 23:03,"912 Sunset St, Atlanta, GA 30301"
222303,Flatscreen TV,1,300,06/19/24 18:21,"586 Church St, Atlanta, GA 30301"
222304,USB-C Charging Cable,2,11.95,06/09/24 01:21,"643 Lake St, New York City, NY 10001"
222305,AAA Batteries (4-pack),1,2.99,06/11/24 21:50,"293 Lake St, Atlanta, GA 30301"
222306,AAA Batteries (4-pack),3,2.99,06/20/24 22:06,"427 14th St, San Francisco, CA 94016"
222307,Google Phone,1,600,06/05/24 14:30,"75 North St, San Francisco, CA 94016"
222308,USB-C Charging Cable,1,11.95,06/22/24 00:00,"573 8th St, San Francisco, CA 94016"
222309,Lightning Charging Cable,2,14.95,06/15/24 18:28,"288 South St, Austin, TX 73301"
222310,Lightning Charging Cable,1,14.95,06/29/24 15:46,"812 Park St, New York City, NY 10001"
222311,USB-C Charging Cable,1,11.95,06/05/24 15:12,"333 Center St, San Francisco, CA 94016"
222312,USB-C Charging Cable,1,11.95,06/08/24 09:04,"873 10th St, Los Angeles, CA 90001"
222313,Lightning Charging Cable,1,14.95,06/21/24 12:08,"658 Wilson St, Boston, MA 02215"
222314,Bose SoundSport Headphones,1,99.99,06/21/24 18:47,"317 Sunset St, New York City, NY 10001"
222315,Wired Headphones,1,11.99,06/09/24 12:32,"666 Adams St, New York City, NY 10001"
222316,iPhone,1,700,06/25/24 08:38,"456 5th St, Atlanta, GA 30301"
222317,AA Batteries (4-pack),1,3.84,06/14/24 21:58,"12 Highland St, New York City, NY 10001"
222318,Wired Headphones,1,11.99,06/03/24 14:41,"183 Park St, Boston, MA 02215"
222319,34in Ultrawide Monitor,1,379.99,06/28/24 16:29,"565 Forest St, Los Angeles, CA 90001"
222320,Bose SoundSport Headphones,1,99.99,06/11/24 18:14,"255 4th St, San Francisco, CA 94016"
222321,Lightning Charging Cable,1,14.95,06/04/24 20:27,"157 Washington St, San Francisco, CA 94016"
222322,AA Batteries (4-pack),1,3.84,06/27/24 21:33,"648 Wilson St, San Francisco, CA 94016"
222323,Bose SoundSport Headphones,1,99.99,06/24/24 19:51,"82 Jackson St, Boston, MA 02215"
222324,Bose SoundSport Headphones,1,99.99,06/20/24 22:16,"825 5th St, Dallas, TX 75001"
222325,USB-C Charging Cable,1,11.95,06/21/24 03:16,"71 Pine St, San Francisco, CA 94016"
222326,Google Phone,1,600,06/29/24 17:45,"393 2nd St, San Francisco, CA 94016"
222327,AA Batteries (4-pack),1,3.84,06/23/24 19:56,"347 North St, Seattle, WA 98101"
222328,Apple Airpods Headphones,1,150,06/15/24 14:50,"249 West St, Los Angeles, CA 90001"
222329,AAA Batteries (4-pack),1,2.99,06/12/24 12:52,"727 Jefferson St, Seattle, WA 98101"
222330,Apple Airpods Headphones,1,150,06/16/24 23:07,"25 14th St, San Francisco, CA 94016"
222331,Wired Headphones,1,11.99,06/14/24 08:25,"486 Sunset St, Dallas, TX 75001"
222332,27in FHD Monitor,1,149.99,06/04/24 14:22,"182 Lake St, Los Angeles, CA 90001"
222332,34in Ultrawide Monitor,1,379.99,06/04/24 14:22,"182 Lake St, Los Angeles, CA 90001"
222333,AA Batteries (4-pack),1,3.84,06/25/24 15:10,"578 Meadow St, Portland, OR 97035"
222334,USB-C Charging Cable,1,11.95,06/05/24 15:47,"610 Adams St, New York City, NY 10001"
222335,Wired Headphones,1,11.99,06/04/24 09:21,"225 8th St, Boston, MA 02215"
222336,USB-C Charging Cable,1,11.95,06/20/24 17:34,"732 River St, Portland, ME 04101"
222337,ThinkPad Laptop,1,999.99,06/09/24 15:07,"796 Center St, Atlanta, GA 30301"
222338,27in 4K Gaming Monitor,1,389.99,06/12/24 10:15,"857 Wilson St, San Francisco, CA 94016"
222339,27in 4K Gaming Monitor,1,389.99,06/20/24 11:21,"143 6th St, San Francisco, CA 94016"
222340,iPhone,1,700,06/28/24 00:32,"940 Hickory St, New York City, NY 10001"
222341,Lightning Charging Cable,2,14.95,06/02/24 19:08,"57 Highland St, Los Angeles, CA 90001"
222342,AAA Batteries (4-pack),2,2.99,06/13/24 09:58,"67 Lincoln St, Los Angeles, CA 90001"
222343,Lightning Charging Cable,1,14.95,06/03/24 20:13,"841 10th St, Seattle, WA 98101"
222344,27in FHD Monitor,1,149.99,06/17/24 12:04,"893 Lake St, Los Angeles, CA 90001"
222344,AAA Batteries (4-pack),2,2.99,06/17/24 12:04,"893 Lake St, Los Angeles, CA 90001"
222345,Bose SoundSport Headphones,1,99.99,06/14/24 14:36,"984 Hickory St, Seattle, WA 98101"
222346,Lightning Charging Cable,1,14.95,06/10/24 20:01,"357 Elm St, New York City, NY 10001"
222347,Apple Airpods Headphones,1,150,06/30/24 03:47,"549 Sunset St, Los Angeles, CA 90001"
222348,AA Batteries (4-pack),1,3.84,06/14/24 15:52,"225 Johnson St, Los Angeles, CA 90001"
222349,AAA Batteries (4-pack),3,2.99,06/10/24 17:47,"806 Pine St, San Francisco, CA 94016"
222350,27in 4K Gaming Monitor,1,389.99,06/06/24 17:44,"185 West St, Los Angeles, CA 90001"
222351,Apple Airpods Headphones,1,150,06/20/24 14:46,"314 Washington St, Austin, TX 73301"
222352,27in FHD Monitor,1,149.99,06/03/24 08:36,"421 12th St, San Francisco, CA 94016"
222353,LG Dryer,1,600.0,06/03/24 21:05,"834 6th St, San Francisco, CA 94016"
222354,USB-C Charging Cable,1,11.95,06/04/24 12:47,"48 1st St, Dallas, TX 75001"
222355,Google Phone,1,600,06/22/24 19:30,"804 9th St, San Francisco, CA 94016"
222355,Bose SoundSport Headphones,1,99.99,06/22/24 19:30,"804 9th St, San Francisco, CA 94016"
222356,Wired Headphones,1,11.99,06/12/24 17:02,"704 North St, Seattle, WA 98101"
222357,Lightning Charging Cable,1,14.95,06/22/24 06:59,"594 Willow St, New York City, NY 10001"
222358,Wired Headphones,1,11.99,06/09/24 07:33,"884 Walnut St, New York City, NY 10001"
222359,Bose SoundSport Headphones,1,99.99,06/06/24 11:55,"115 12th St, San Francisco, CA 94016"
222360,Wired Headphones,3,11.99,06/10/24 13:21,"569 4th St, Portland, OR 97035"
222361,27in 4K Gaming Monitor,1,389.99,06/05/24 18:54,"528 13th St, Los Angeles, CA 90001"
222362,27in 4K Gaming Monitor,1,389.99,06/02/24 09:54,"710 12th St, San Francisco, CA 94016"
222363,AAA Batteries (4-pack),3,2.99,06/14/24 10:16,"99 Walnut St, Portland, OR 97035"
222364,USB-C Charging Cable,1,11.95,06/30/24 18:12,"434 Dogwood St, Atlanta, GA 30301"
222365,AAA Batteries (4-pack),2,2.99,06/10/24 16:57,"225 Sunset St, Atlanta, GA 30301"
222366,AA Batteries (4-pack),1,3.84,06/22/24 13:48,"573 Washington St, San Francisco, CA 94016"
222367,ThinkPad Laptop,1,999.99,06/12/24 19:48,"958 Lincoln St, Portland, OR 97035"
222368,27in 4K Gaming Monitor,1,389.99,06/20/24 22:37,"744 Highland St, Boston, MA 02215"
222369,Lightning Charging Cable,1,14.95,06/01/24 15:35,"129 11th St, San Francisco, CA 94016"
222370,Apple Airpods Headphones,1,150,06/03/24 19:03,"704 4th St, Boston, MA 02215"
222371,34in Ultrawide Monitor,1,379.99,06/03/24 23:24,"164 14th St, Austin, TX 73301"
222372,Vareebadd Phone,1,400,06/28/24 19:42,"557 South St, San Francisco, CA 94016"
222373,USB-C Charging Cable,1,11.95,06/10/24 11:28,"107 9th St, Boston, MA 02215"
222374,27in FHD Monitor,1,149.99,06/21/24 14:50,"558 Lincoln St, New York City, NY 10001"
222375,27in 4K Gaming Monitor,1,389.99,06/13/24 20:52,"288 Dogwood St, Dallas, TX 75001"
222375,Wired Headphones,1,11.99,06/13/24 20:52,"288 Dogwood St, Dallas, TX 75001"
222376,Macbook Pro Laptop,1,1700,06/24/24 17:07,"729 Ridge St, Los Angeles, CA 90001"
222377,USB-C Charging Cable,2,11.95,06/29/24 17:04,"526 Johnson St, San Francisco, CA 94016"
222378,Macbook Pro Laptop,1,1700,06/21/24 17:20,"930 Ridge St, San Francisco, CA 94016"
222379,Lightning Charging Cable,1,14.95,06/18/24 14:35,"842 Ridge St, New York City, NY 10001"
222379,Wired Headphones,1,11.99,06/18/24 14:35,"842 Ridge St, New York City, NY 10001"
222380,Google Phone,1,600,06/26/24 22:17,"808 11th St, San Francisco, CA 94016"
222381,Lightning Charging Cable,1,14.95,06/02/24 15:35,"493 Jackson St, San Francisco, CA 94016"
222382,AAA Batteries (4-pack),1,2.99,06/12/24 14:57,"591 South St, Dallas, TX 75001"
222383,ThinkPad Laptop,1,999.99,06/06/24 09:09,"365 Chestnut St, New York City, NY 10001"
222384,Macbook Pro Laptop,1,1700,06/05/24 11:59,"74 8th St, San Francisco, CA 94016"
222385,ThinkPad Laptop,1,999.99,06/12/24 20:10,"110 North St, New York City, NY 10001"
222386,Wired Headphones,1,11.99,06/01/24 11:21,"898 Willow St, San Francisco, CA 94016"
222387,Apple Airpods Headphones,1,150,06/26/24 10:58,"163 10th St, Portland, OR 97035"
222388,USB-C Charging Cable,1,11.95,06/21/24 16:07,"377 Jefferson St, Atlanta, GA 30301"
222389,iPhone,1,700,06/04/24 11:43,"450 12th St, Los Angeles, CA 90001"
222390,Wired Headphones,1,11.99,06/12/24 11:16,"7 Highland St, Boston, MA 02215"
222390,20in Monitor,1,109.99,06/12/24 11:16,"7 Highland St, Boston, MA 02215"
222391,Bose SoundSport Headphones,1,99.99,06/03/24 03:41,"303 Highland St, Boston, MA 02215"
222392,Macbook Pro Laptop,1,1700,06/25/24 10:41,"76 Pine St, Dallas, TX 75001"
222393,Wired Headphones,1,11.99,06/06/24 07:54,"648 8th St, Boston, MA 02215"
222394,Bose SoundSport Headphones,1,99.99,06/16/24 18:00,"621 Jackson St, Seattle, WA 98101"
222395,AAA Batteries (4-pack),1,2.99,06/22/24 19:30,"711 Lakeview St, Seattle, WA 98101"
222396,AAA Batteries (4-pack),1,2.99,06/30/24 15:49,"944 13th St, Dallas, TX 75001"
222397,Lightning Charging Cable,1,14.95,06/22/24 19:37,"504 4th St, Los Angeles, CA 90001"
222398,LG Washing Machine,1,600.0,06/18/24 20:41,"705 Wilson St, Los Angeles, CA 90001"
222399,Lightning Charging Cable,1,14.95,06/24/24 13:27,"753 Cedar St, Seattle, WA 98101"
222400,20in Monitor,1,109.99,06/13/24 14:08,"320 River St, Los Angeles, CA 90001"
222401,Macbook Pro Laptop,1,1700,06/22/24 11:43,"167 4th St, San Francisco, CA 94016"
222402,Lightning Charging Cable,1,14.95,06/03/24 21:14,"301 Ridge St, Dallas, TX 75001"
222403,27in 4K Gaming Monitor,1,389.99,06/27/24 20:34,"449 14th St, San Francisco, CA 94016"
222404,20in Monitor,1,109.99,06/05/24 17:48,"157 Chestnut St, Dallas, TX 75001"
222405,AA Batteries (4-pack),2,3.84,06/17/24 21:48,"901 Meadow St, San Francisco, CA 94016"
222406,AAA Batteries (4-pack),1,2.99,06/21/24 01:46,"481 13th St, Atlanta, GA 30301"
222407,Wired Headphones,1,11.99,06/20/24 08:05,"415 Walnut St, Dallas, TX 75001"
222408,Macbook Pro Laptop,1,1700,06/04/24 11:40,"413 Elm St, San Francisco, CA 94016"
222409,AAA Batteries (4-pack),1,2.99,06/10/24 20:24,"78 Chestnut St, San Francisco, CA 94016"
222410,AA Batteries (4-pack),1,3.84,06/04/24 13:34,"543 Cherry St, Boston, MA 02215"
222411,Lightning Charging Cable,2,14.95,06/29/24 00:51,"148 Highland St, New York City, NY 10001"
222412,AAA Batteries (4-pack),1,2.99,06/26/24 20:11,"643 Hickory St, Portland, OR 97035"
222413,Lightning Charging Cable,1,14.95,06/03/24 16:45,"191 Ridge St, San Francisco, CA 94016"
222414,Wired Headphones,1,11.99,06/24/24 19:32,"407 Sunset St, Dallas, TX 75001"
222415,Google Phone,1,600,06/06/24 10:45,"463 7th St, Seattle, WA 98101"
222415,USB-C Charging Cable,1,11.95,06/06/24 10:45,"463 7th St, Seattle, WA 98101"
222415,Wired Headphones,1,11.99,06/06/24 10:45,"463 7th St, Seattle, WA 98101"
222416,Lightning Charging Cable,1,14.95,06/14/24 15:45,"460 Hickory St, Dallas, TX 75001"
222417,27in FHD Monitor,1,149.99,06/24/24 21:56,"960 Washington St, Portland, OR 97035"
222418,AA Batteries (4-pack),1,3.84,06/17/24 12:38,"438 Wilson St, San Francisco, CA 94016"
222419,AAA Batteries (4-pack),2,2.99,06/23/24 19:11,"257 Hill St, Portland, ME 04101"
222420,27in FHD Monitor,1,149.99,06/16/24 01:20,"21 Lincoln St, San Francisco, CA 94016"
222421,Apple Airpods Headphones,1,150,06/14/24 01:05,"990 Jackson St, San Francisco, CA 94016"
222422,AAA Batteries (4-pack),2,2.99,06/01/24 14:11,"689 4th St, San Francisco, CA 94016"
222423,Flatscreen TV,1,300,06/08/24 15:31,"655 Highland St, San Francisco, CA 94016"
222424,27in FHD Monitor,1,149.99,06/05/24 16:01,"903 Wilson St, Boston, MA 02215"
222425,34in Ultrawide Monitor,1,379.99,06/07/24 13:22,"209 2nd St, San Francisco, CA 94016"
222426,USB-C Charging Cable,1,11.95,06/01/24 16:17,"409 Cherry St, Los Angeles, CA 90001"
222427,Apple Airpods Headphones,1,150,06/14/24 12:49,"304 Chestnut St, New York City, NY 10001"
222428,Apple Airpods Headphones,1,150,06/26/24 13:08,"135 Maple St, Portland, OR 97035"
222429,Lightning Charging Cable,1,14.95,06/14/24 01:17,"49 Chestnut St, New York City, NY 10001"
222430,USB-C Charging Cable,1,11.95,06/01/24 19:08,"479 Park St, New York City, NY 10001"
222431,AA Batteries (4-pack),1,3.84,06/07/24 12:30,"668 Adams St, New York City, NY 10001"
222432,Lightning Charging Cable,1,14.95,06/20/24 00:26,"378 Center St, New York City, NY 10001"
222433,AA Batteries (4-pack),2,3.84,06/26/24 22:25,"690 North St, Seattle, WA 98101"
222434,Macbook Pro Laptop,1,1700,06/02/24 22:59,"749 Dogwood St, San Francisco, CA 94016"
222435,USB-C Charging Cable,1,11.95,06/17/24 12:39,"588 5th St, San Francisco, CA 94016"
222435,AAA Batteries (4-pack),1,2.99,06/17/24 12:39,"588 5th St, San Francisco, CA 94016"
222436,Bose SoundSport Headphones,1,99.99,06/23/24 09:34,"841 Lakeview St, Atlanta, GA 30301"
222437,AAA Batteries (4-pack),1,2.99,06/26/24 13:20,"554 2nd St, Boston, MA 02215"
222438,Lightning Charging Cable,1,14.95,06/30/24 18:24,"773 Forest St, Atlanta, GA 30301"
222438,Macbook Pro Laptop,1,1700,06/30/24 18:24,"773 Forest St, Atlanta, GA 30301"
222439,27in FHD Monitor,1,149.99,06/29/24 15:20,"896 Pine St, San Francisco, CA 94016"
222440,Apple Airpods Headphones,1,150,06/18/24 22:05,"575 Church St, New York City, NY 10001"
222441,Apple Airpods Headphones,1,150,06/11/24 03:55,"149 1st St, San Francisco, CA 94016"
222442,iPhone,1,700,06/11/24 10:55,"352 4th St, Boston, MA 02215"
222442,Lightning Charging Cable,1,14.95,06/11/24 10:55,"352 4th St, Boston, MA 02215"
222443,USB-C Charging Cable,1,11.95,06/05/24 15:07,"243 Chestnut St, New York City, NY 10001"
222444,AAA Batteries (4-pack),1,2.99,06/01/24 11:11,"352 Hickory St, Los Angeles, CA 90001"
222445,Bose SoundSport Headphones,1,99.99,06/27/24 12:53,"772 Hill St, Dallas, TX 75001"
222446,AAA Batteries (4-pack),1,2.99,06/19/24 10:11,"831 1st St, San Francisco, CA 94016"
222447,LG Dryer,1,600.0,06/20/24 13:02,"338 Willow St, Seattle, WA 98101"
222448,Lightning Charging Cable,1,14.95,06/18/24 06:10,"679 Lincoln St, San Francisco, CA 94016"
222449,Lightning Charging Cable,1,14.95,06/09/24 11:05,"323 5th St, Boston, MA 02215"
222450,27in FHD Monitor,1,149.99,06/01/24 20:53,"801 Washington St, Atlanta, GA 30301"
222451,iPhone,1,700,06/14/24 21:34,"465 12th St, Atlanta, GA 30301"
222451,Lightning Charging Cable,1,14.95,06/14/24 21:34,"465 12th St, Atlanta, GA 30301"
222452,AA Batteries (4-pack),1,3.84,06/10/24 08:44,"522 9th St, Los Angeles, CA 90001"
222453,Lightning Charging Cable,2,14.95,06/08/24 11:11,"976 Hill St, New York City, NY 10001"
222454,USB-C Charging Cable,1,11.95,06/30/24 09:51,"427 North St, San Francisco, CA 94016"
222455,Flatscreen TV,1,300,06/17/24 00:13,"308 Lake St, Seattle, WA 98101"
222456,USB-C Charging Cable,1,11.95,06/08/24 07:00,"248 5th St, Seattle, WA 98101"
222456,27in FHD Monitor,1,149.99,06/08/24 07:00,"248 5th St, Seattle, WA 98101"
222457,USB-C Charging Cable,1,11.95,06/09/24 17:58,"485 Spruce St, Austin, TX 73301"
222458,USB-C Charging Cable,1,11.95,06/09/24 20:11,"565 Sunset St, San Francisco, CA 94016"
222459,Wired Headphones,2,11.99,06/19/24 17:05,"15 Lakeview St, San Francisco, CA 94016"
222460,27in FHD Monitor,1,149.99,06/05/24 16:20,"271 Center St, Boston, MA 02215"
222461,Lightning Charging Cable,1,14.95,06/13/24 22:18,"449 Elm St, San Francisco, CA 94016"
222462,USB-C Charging Cable,1,11.95,06/13/24 21:25,"572 Park St, San Francisco, CA 94016"
222463,Apple Airpods Headphones,1,150,06/22/24 20:03,"897 Ridge St, Los Angeles, CA 90001"
222464,USB-C Charging Cable,1,11.95,06/04/24 21:56,"680 Walnut St, San Francisco, CA 94016"
222464,34in Ultrawide Monitor,1,379.99,06/04/24 21:56,"680 Walnut St, San Francisco, CA 94016"
222465,AAA Batteries (4-pack),1,2.99,06/14/24 15:59,"407 Center St, Seattle, WA 98101"
222466,Flatscreen TV,1,300,06/19/24 07:33,"118 14th St, Dallas, TX 75001"
222467,Lightning Charging Cable,1,14.95,06/19/24 02:08,"192 8th St, Portland, OR 97035"
222468,AAA Batteries (4-pack),1,2.99,06/29/24 18:18,"764 5th St, Atlanta, GA 30301"
222469,iPhone,1,700,06/01/24 06:37,"633 Center St, New York City, NY 10001"
222469,Lightning Charging Cable,1,14.95,06/01/24 06:37,"633 Center St, New York City, NY 10001"
222470,Lightning Charging Cable,1,14.95,06/14/24 19:34,"302 Jefferson St, New York City, NY 10001"
222471,Flatscreen TV,1,300,06/04/24 19:19,"549 10th St, Atlanta, GA 30301"
222472,Flatscreen TV,1,300,06/20/24 18:36,"897 Adams St, San Francisco, CA 94016"
222473,Google Phone,1,600,06/14/24 13:25,"983 North St, Seattle, WA 98101"
222473,USB-C Charging Cable,2,11.95,06/14/24 13:25,"983 North St, Seattle, WA 98101"
222474,27in 4K Gaming Monitor,1,389.99,06/11/24 19:13,"452 10th St, New York City, NY 10001"
222475,Wired Headphones,1,11.99,06/12/24 10:50,"199 Main St, Boston, MA 02215"
222476,Google Phone,1,600,06/19/24 18:18,"479 6th St, Los Angeles, CA 90001"
222477,AA Batteries (4-pack),1,3.84,06/24/24 18:48,"615 South St, Los Angeles, CA 90001"
222478,USB-C Charging Cable,1,11.95,06/16/24 13:04,"736 Madison St, New York City, NY 10001"
222479,Lightning Charging Cable,1,14.95,06/05/24 11:45,"918 Washington St, San Francisco, CA 94016"
222480,27in 4K Gaming Monitor,1,389.99,06/28/24 19:28,"218 Center St, Boston, MA 02215"
222481,AA Batteries (4-pack),1,3.84,06/04/24 21:03,"920 Center St, Boston, MA 02215"
222482,LG Dryer,1,600.0,06/28/24 14:24,"390 Spruce St, Austin, TX 73301"
222483,Flatscreen TV,1,300,06/08/24 21:46,"362 2nd St, Portland, ME 04101"
222484,AA Batteries (4-pack),1,3.84,06/15/24 09:28,"375 Forest St, San Francisco, CA 94016"
222485,Wired Headphones,1,11.99,06/06/24 00:53,"359 6th St, Portland, OR 97035"
222486,AAA Batteries (4-pack),1,2.99,06/14/24 16:50,"683 2nd St, Portland, OR 97035"
222487,Lightning Charging Cable,1,14.95,06/18/24 20:06,"368 Center St, Austin, TX 73301"
222488,Macbook Pro Laptop,1,1700,06/08/24 17:58,"63 River St, Boston, MA 02215"
222489,Wired Headphones,1,11.99,06/10/24 15:14,"68 Jefferson St, Portland, ME 04101"
222490,Macbook Pro Laptop,1,1700,06/08/24 00:17,"673 South St, New York City, NY 10001"
222491,Flatscreen TV,1,300,06/18/24 08:38,"746 Lakeview St, New York City, NY 10001"
222492,USB-C Charging Cable,1,11.95,06/19/24 21:44,"286 12th St, Los Angeles, CA 90001"
222493,ThinkPad Laptop,1,999.99,06/25/24 21:15,"273 11th St, Portland, OR 97035"
222494,27in FHD Monitor,1,149.99,06/02/24 19:23,"990 South St, Dallas, TX 75001"
222495,Bose SoundSport Headphones,1,99.99,06/24/24 08:28,"967 Spruce St, Los Angeles, CA 90001"
222496,iPhone,1,700,06/17/24 18:38,"721 5th St, Boston, MA 02215"
222496,Apple Airpods Headphones,1,150,06/17/24 18:38,"721 5th St, Boston, MA 02215"
222497,Lightning Charging Cable,1,14.95,06/30/24 15:24,"823 Lakeview St, Dallas, TX 75001"
222498,LG Washing Machine,1,600.0,06/24/24 01:15,"949 Willow St, Atlanta, GA 30301"
222499,27in 4K Gaming Monitor,1,389.99,06/24/24 22:43,"685 14th St, Los Angeles, CA 90001"
222500,Lightning Charging Cable,1,14.95,06/10/24 09:58,"716 Main St, New York City, NY 10001"
222501,Wired Headphones,1,11.99,06/02/24 11:44,"886 Walnut St, Atlanta, GA 30301"
222502,USB-C Charging Cable,2,11.95,06/09/24 22:10,"892 Dogwood St, New York City, NY 10001"
222503,27in FHD Monitor,1,149.99,06/02/24 11:42,"796 4th St, San Francisco, CA 94016"
222504,Bose SoundSport Headphones,1,99.99,06/21/24 15:12,"822 12th St, Los Angeles, CA 90001"
222505,AAA Batteries (4-pack),2,2.99,06/24/24 18:38,"573 13th St, Portland, OR 97035"
222506,Lightning Charging Cable,1,14.95,06/30/24 22:41,"982 Main St, San Francisco, CA 94016"
222507,Lightning Charging Cable,1,14.95,06/20/24 12:54,"815 North St, Atlanta, GA 30301"
222508,Wired Headphones,1,11.99,06/18/24 20:20,"366 11th St, San Francisco, CA 94016"
222509,AA Batteries (4-pack),2,3.84,06/20/24 09:01,"826 Pine St, San Francisco, CA 94016"
222510,Apple Airpods Headphones,1,150,06/01/24 13:50,"951 Elm St, San Francisco, CA 94016"
222511,iPhone,1,700,06/30/24 19:53,"412 Willow St, San Francisco, CA 94016"
222512,27in FHD Monitor,1,149.99,06/18/24 09:50,"482 14th St, Seattle, WA 98101"
222513,USB-C Charging Cable,1,11.95,06/14/24 13:49,"119 14th St, Portland, OR 97035"
222514,34in Ultrawide Monitor,1,379.99,06/28/24 14:42,"558 Highland St, San Francisco, CA 94016"
222515,20in Monitor,1,109.99,06/18/24 21:46,"936 9th St, San Francisco, CA 94016"
222516,Wired Headphones,1,11.99,06/25/24 14:43,"429 South St, Boston, MA 02215"
222517,Google Phone,1,600,06/30/24 20:37,"525 9th St, Austin, TX 73301"
222517,USB-C Charging Cable,1,11.95,06/30/24 20:37,"525 9th St, Austin, TX 73301"
222518,27in FHD Monitor,1,149.99,06/18/24 22:22,"642 Hickory St, Portland, OR 97035"
222519,USB-C Charging Cable,1,11.95,06/25/24 13:22,"997 River St, Austin, TX 73301"
222520,AAA Batteries (4-pack),2,2.99,06/12/24 13:38,"632 Walnut St, New York City, NY 10001"
222521,AAA Batteries (4-pack),1,2.99,06/09/24 17:43,"842 Jackson St, Austin, TX 73301"
222522,Wired Headphones,1,11.99,06/12/24 14:41,"306 South St, San Francisco, CA 94016"
222523,AAA Batteries (4-pack),2,2.99,06/22/24 13:18,"538 Pine St, New York City, NY 10001"
222524,27in FHD Monitor,1,149.99,06/08/24 15:05,"908 8th St, Dallas, TX 75001"
222525,Wired Headphones,1,11.99,06/25/24 09:58,"688 10th St, Los Angeles, CA 90001"
222526,27in FHD Monitor,1,149.99,06/04/24 12:32,"270 Meadow St, Los Angeles, CA 90001"
222527,Google Phone,1,600,06/05/24 13:47,"477 Jackson St, Seattle, WA 98101"
222527,USB-C Charging Cable,1,11.95,06/05/24 13:47,"477 Jackson St, Seattle, WA 98101"
222527,Bose SoundSport Headphones,1,99.99,06/05/24 13:47,"477 Jackson St, Seattle, WA 98101"
222528,AA Batteries (4-pack),1,3.84,06/12/24 15:26,"385 Main St, Los Angeles, CA 90001"
222529,Wired Headphones,1,11.99,06/18/24 09:09,"179 6th St, Austin, TX 73301"
222530,Bose SoundSport Headphones,1,99.99,06/29/24 09:53,"695 Sunset St, Austin, TX 73301"
222531,Vareebadd Phone,1,400,06/19/24 21:57,"896 1st St, Atlanta, GA 30301"
222531,USB-C Charging Cable,1,11.95,06/19/24 21:57,"896 1st St, Atlanta, GA 30301"
222532,27in FHD Monitor,1,149.99,06/18/24 20:27,"552 River St, Portland, OR 97035"
222533,AAA Batteries (4-pack),2,2.99,06/24/24 15:42,"734 Lake St, San Francisco, CA 94016"
222534,27in 4K Gaming Monitor,1,389.99,06/02/24 23:54,"780 Sunset St, Boston, MA 02215"
222535,AA Batteries (4-pack),1,3.84,06/14/24 20:16,"700 Park St, Los Angeles, CA 90001"
222536,Apple Airpods Headphones,1,150,06/27/24 13:45,"814 Washington St, Los Angeles, CA 90001"
222537,AA Batteries (4-pack),1,3.84,06/13/24 11:55,"830 14th St, Atlanta, GA 30301"
222538,Apple Airpods Headphones,1,150,06/14/24 09:45,"240 Cherry St, Seattle, WA 98101"
222539,Wired Headphones,1,11.99,06/10/24 13:39,"573 4th St, San Francisco, CA 94016"
222540,AA Batteries (4-pack),1,3.84,06/04/24 12:21,"479 1st St, New York City, NY 10001"
222541,27in FHD Monitor,1,149.99,06/12/24 21:17,"579 Willow St, Portland, OR 97035"
222542,Apple Airpods Headphones,1,150,06/25/24 20:35,"466 6th St, San Francisco, CA 94016"
222543,AA Batteries (4-pack),2,3.84,06/27/24 22:34,"934 Jackson St, San Francisco, CA 94016"
222544,Lightning Charging Cable,1,14.95,06/15/24 00:03,"222 Ridge St, Atlanta, GA 30301"
222545,AAA Batteries (4-pack),1,2.99,06/21/24 16:50,"808 Church St, Los Angeles, CA 90001"
222546,Lightning Charging Cable,1,14.95,06/21/24 11:26,"354 Forest St, Boston, MA 02215"
222547,Bose SoundSport Headphones,1,99.99,06/21/24 16:00,"282 Cedar St, Los Angeles, CA 90001"
222548,AA Batteries (4-pack),1,3.84,06/24/24 07:34,"631 West St, Portland, OR 97035"
222549,AA Batteries (4-pack),5,3.84,06/29/24 18:25,"555 South St, Los Angeles, CA 90001"
222550,Apple Airpods Headphones,1,150,06/03/24 09:22,"313 Cedar St, New York City, NY 10001"
222551,USB-C Charging Cable,1,11.95,06/20/24 21:30,"718 12th St, Los Angeles, CA 90001"
222552,Wired Headphones,1,11.99,06/11/24 23:08,"190 Main St, Seattle, WA 98101"
222553,20in Monitor,1,109.99,06/17/24 15:37,"473 Maple St, Los Angeles, CA 90001"
222554,Apple Airpods Headphones,1,150,06/08/24 10:26,"225 South St, San Francisco, CA 94016"
222555,Vareebadd Phone,1,400,06/20/24 12:23,"993 Cedar St, New York City, NY 10001"
222555,USB-C Charging Cable,1,11.95,06/20/24 12:23,"993 Cedar St, New York City, NY 10001"
222555,Wired Headphones,1,11.99,06/20/24 12:23,"993 Cedar St, New York City, NY 10001"
222556,27in FHD Monitor,1,149.99,06/07/24 23:46,"36 South St, Portland, OR 97035"
222557,Apple Airpods Headphones,1,150,06/07/24 11:51,"144 Forest St, San Francisco, CA 94016"
222558,34in Ultrawide Monitor,1,379.99,06/17/24 16:12,"658 8th St, Los Angeles, CA 90001"
222559,LG Washing Machine,1,600.0,06/04/24 18:59,"468 Madison St, San Francisco, CA 94016"
222560,Bose SoundSport Headphones,1,99.99,06/10/24 01:09,"2 Elm St, Boston, MA 02215"
222561,Apple Airpods Headphones,1,150,06/01/24 09:34,"377 Wilson St, Boston, MA 02215"
222562,iPhone,1,700,06/07/24 17:38,"374 Dogwood St, Atlanta, GA 30301"
222563,AAA Batteries (4-pack),1,2.99,06/09/24 00:09,"647 5th St, San Francisco, CA 94016"
222564,AA Batteries (4-pack),2,3.84,06/11/24 20:28,"675 10th St, Seattle, WA 98101"
222565,AAA Batteries (4-pack),1,2.99,06/23/24 09:55,"300 Johnson St, Boston, MA 02215"
222566,ThinkPad Laptop,1,999.99,06/20/24 02:34,"475 11th St, San Francisco, CA 94016"
222567,Wired Headphones,1,11.99,06/22/24 09:05,"375 Dogwood St, Boston, MA 02215"
222568,USB-C Charging Cable,1,11.95,06/03/24 20:53,"218 Church St, San Francisco, CA 94016"
222569,Bose SoundSport Headphones,1,99.99,06/15/24 06:46,"18 Pine St, Atlanta, GA 30301"
222570,USB-C Charging Cable,1,11.95,06/30/24 21:04,"213 Adams St, Los Angeles, CA 90001"
222571,Macbook Pro Laptop,1,1700,06/19/24 16:33,"501 2nd St, Seattle, WA 98101"
222572,Lightning Charging Cable,2,14.95,06/08/24 16:28,"624 Willow St, Seattle, WA 98101"
222573,34in Ultrawide Monitor,1,379.99,06/27/24 13:20,"408 Center St, New York City, NY 10001"
222574,Lightning Charging Cable,1,14.95,06/30/24 19:24,"804 Jackson St, Portland, OR 97035"
222575,USB-C Charging Cable,1,11.95,06/05/24 15:18,"920 Johnson St, Portland, ME 04101"
222576,AA Batteries (4-pack),1,3.84,06/05/24 00:12,"39 6th St, San Francisco, CA 94016"
222577,20in Monitor,1,109.99,06/11/24 08:18,"857 Jackson St, Atlanta, GA 30301"
222578,Apple Airpods Headphones,1,150,06/06/24 13:36,"735 Main St, New York City, NY 10001"
222579,Vareebadd Phone,1,400,06/14/24 22:43,"426 1st St, Seattle, WA 98101"
222580,AA Batteries (4-pack),3,3.84,06/05/24 18:41,"54 Hill St, Los Angeles, CA 90001"
222581,Bose SoundSport Headphones,1,99.99,06/20/24 23:20,"562 Main St, San Francisco, CA 94016"
222582,USB-C Charging Cable,1,11.95,06/07/24 16:04,"949 Church St, San Francisco, CA 94016"
222583,Bose SoundSport Headphones,1,99.99,06/14/24 07:39,"768 South St, New York City, NY 10001"
222584,Lightning Charging Cable,1,14.95,06/03/24 22:24,"595 Sunset St, Dallas, TX 75001"
222585,USB-C Charging Cable,1,11.95,06/06/24 10:50,"885 Walnut St, New York City, NY 10001"
222586,Wired Headphones,1,11.99,06/07/24 09:12,"342 Maple St, New York City, NY 10001"
222587,Bose SoundSport Headphones,1,99.99,06/22/24 13:36,"491 13th St, San Francisco, CA 94016"
222588,Lightning Charging Cable,1,14.95,06/02/24 23:29,"175 7th St, Los Angeles, CA 90001"
222589,Lightning Charging Cable,2,14.95,06/01/24 16:13,"567 12th St, San Francisco, CA 94016"
222590,AAA Batteries (4-pack),2,2.99,06/09/24 12:56,"484 5th St, San Francisco, CA 94016"
222591,34in Ultrawide Monitor,1,379.99,06/08/24 08:37,"853 7th St, New York City, NY 10001"
222592,Lightning Charging Cable,1,14.95,06/10/24 20:39,"608 Dogwood St, Atlanta, GA 30301"
222593,USB-C Charging Cable,1,11.95,06/16/24 13:14,"165 Dogwood St, San Francisco, CA 94016"
222594,Apple Airpods Headphones,1,150,06/04/24 12:15,"852 Forest St, Seattle, WA 98101"
222595,27in FHD Monitor,1,149.99,06/08/24 14:10,"607 7th St, Dallas, TX 75001"
222596,34in Ultrawide Monitor,1,379.99,06/05/24 14:41,"105 Jefferson St, Atlanta, GA 30301"
222597,iPhone,1,700,06/21/24 01:36,"496 10th St, New York City, NY 10001"
222598,AA Batteries (4-pack),1,3.84,06/26/24 12:39,"78 Forest St, Atlanta, GA 30301"
222599,USB-C Charging Cable,1,11.95,06/20/24 14:20,"405 14th St, San Francisco, CA 94016"
222600,Flatscreen TV,1,300,06/28/24 20:02,"985 10th St, San Francisco, CA 94016"
222601,Lightning Charging Cable,1,14.95,06/15/24 07:12,"547 Lincoln St, Boston, MA 02215"
222602,Lightning Charging Cable,1,14.95,06/14/24 13:31,"241 Johnson St, San Francisco, CA 94016"
222603,20in Monitor,1,109.99,06/22/24 12:46,"184 Adams St, San Francisco, CA 94016"
222604,Bose SoundSport Headphones,1,99.99,06/15/24 18:07,"43 Highland St, Boston, MA 02215"
222605,27in FHD Monitor,1,149.99,06/23/24 11:02,"73 11th St, Boston, MA 02215"
222606,USB-C Charging Cable,1,11.95,06/12/24 04:44,"558 8th St, Dallas, TX 75001"
222607,34in Ultrawide Monitor,1,379.99,06/10/24 22:02,"871 Spruce St, San Francisco, CA 94016"
Order ID,Product,Quantity Ordered,Price Each,Order Date,Purchase Address
222608,USB-C Charging Cable,1,11.95,06/02/24 17:05,"339 7th St, San Francisco, CA 94016"
222609,Lightning Charging Cable,1,14.95,06/25/24 21:32,"669 Washington St, San Francisco, CA 94016"
222610,Lightning Charging Cable,2,14.95,06/08/24 21:34,"501 Dogwood St, New York City, NY 10001"
222611,20in Monitor,1,109.99,06/03/24 16:40,"105 Highland St, New York City, NY 10001"
222612,Lightning Charging Cable,1,14.95,06/10/24 08:44,"668 Forest St, Portland, OR 97035"
222613,AAA Batteries (4-pack),1,2.99,06/25/24 13:10,"159 Hill St, Portland, OR 97035"
222614,Apple Airpods Headphones,1,150,06/18/24 10:34,"924 Maple St, New York City, NY 10001"
222615,Vareebadd Phone,1,400,06/28/24 21:20,"229 North St, Seattle, WA 98101"
222616,AAA Batteries (4-pack),3,2.99,06/08/24 14:00,"96 Forest St, San Francisco, CA 94016"
222617,ThinkPad Laptop,1,999.99,06/18/24 10:53,"761 10th St, Atlanta, GA 30301"
222618,Wired Headphones,1,11.99,06/16/24 19:46,"130 5th St, Seattle, WA 98101"
222619,Bose SoundSport Headphones,1,99.99,06/12/24 14:57,"563 Sunset St, Portland, OR 97035"
222620,AAA Batteries (4-pack),1,2.99,06/26/24 19:11,"591 Jefferson St, Atlanta, GA 30301"
222621,Wired Headphones,1,11.99,06/19/24 21:46,"188 6th St, San Francisco, CA 94016"
222622,AA Batteries (4-pack),2,3.84,06/27/24 08:25,"282 14th St, Seattle, WA 98101"
222623,AAA Batteries (4-pack),1,2.99,06/15/24 11:54,"111 West St, Boston, MA 02215"
222624,Apple Airpods Headphones,1,150,06/30/24 01:49,"966 Main St, Los Angeles, CA 90001"
222625,iPhone,1,700,06/02/24 11:20,"510 Center St, Dallas, TX 75001"
222626,Google Phone,1,600,06/26/24 15:25,"79 2nd St, Atlanta, GA 30301"
222627,Apple Airpods Headphones,1,150,06/04/24 15:07,"54 Willow St, Atlanta, GA 30301"
222628,AAA Batteries (4-pack),1,2.99,06/01/24 21:19,"303 Pine St, New York City, NY 10001"
222629,27in FHD Monitor,1,149.99,06/21/24 09:00,"748 13th St, Los Angeles, CA 90001"
222630,AAA Batteries (4-pack),2,2.99,06/11/24 14:03,"935 1st St, Boston, MA 02215"
222631,Google Phone,1,600,06/07/24 15:24,"512 Jefferson St, New York City, NY 10001"
222632,Lightning Charging Cable,2,14.95,06/27/24 16:26,"904 Chestnut St, Dallas, TX 75001"
222633,Bose SoundSport Headphones,1,99.99,06/04/24 10:52,"405 Forest St, San Francisco, CA 94016"
222634,LG Dryer,1,600.0,06/27/24 23:47,"892 West St, Seattle, WA 98101"
222635,iPhone,1,700,06/06/24 21:53,"890 Ridge St, New York City, NY 10001"
222635,Lightning Charging Cable,1,14.95,06/06/24 21:53,"890 Ridge St, New York City, NY 10001"
222636,Apple Airpods Headphones,1,150,06/07/24 21:50,"368 8th St, New York City, NY 10001"
222637,Bose SoundSport Headphones,1,99.99,06/25/24 14:23,"801 Johnson St, Boston, MA 02215"
222638,ThinkPad Laptop,1,999.99,06/20/24 11:14,"833 14th St, New York City, NY 10001"
222639,Wired Headphones,1,11.99,06/19/24 09:21,"2 Lake St, Atlanta, GA 30301"
222640,Flatscreen TV,1,300,06/08/24 10:35,"60 Hill St, Boston, MA 02215"
222641,AA Batteries (4-pack),2,3.84,06/18/24 10:55,"813 River St, Austin, TX 73301"
222642,Wired Headphones,1,11.99,06/28/24 16:04,"169 9th St, Dallas, TX 75001"
222643,Macbook Pro Laptop,1,1700,06/04/24 20:24,"226 Pine St, San Francisco, CA 94016"
222644,Bose SoundSport Headphones,1,99.99,06/09/24 18:09,"162 Lake St, Seattle, WA 98101"
222645,Apple Airpods Headphones,1,150,06/30/24 12:24,"11 11th St, New York City, NY 10001"
222646,iPhone,1,700,06/05/24 11:49,"865 Church St, New York City, NY 10001"
222647,Lightning Charging Cable,1,14.95,06/28/24 11:03,"655 Park St, Dallas, TX 75001"
222648,20in Monitor,1,109.99,06/06/24 20:50,"731 Meadow St, Los Angeles, CA 90001"
222649,AAA Batteries (4-pack),1,2.99,06/01/24 20:49,"782 2nd St, Los Angeles, CA 90001"
222650,AA Batteries (4-pack),1,3.84,06/22/24 11:45,"465 Forest St, Portland, OR 97035"
222651,Wired Headphones,1,11.99,06/06/24 14:25,"369 11th St, Dallas, TX 75001"
222652,USB-C Charging Cable,1,11.95,06/13/24 18:58,"365 Highland St, Austin, TX 73301"
222653,Macbook Pro Laptop,1,1700,06/19/24 23:42,"869 Meadow St, San Francisco, CA 94016"
,,,,,
222654,Apple Airpods Headphones,1,150,06/03/24 13:50,"96 Cedar St, San Francisco, CA 94016"
222655,USB-C Charging Cable,1,11.95,06/24/24 07:26,"214 Hill St, San Francisco, CA 94016"
222656,Bose SoundSport Headphones,1,99.99,06/23/24 17:01,"304 Sunset St, San Francisco, CA 94016"
222657,AAA Batteries (4-pack),2,2.99,06/26/24 13:02,"780 Sunset St, Portland, OR 97035"
222658,AAA Batteries (4-pack),2,2.99,06/23/24 08:12,"93 5th St, Austin, TX 73301"
222659,AAA Batteries (4-pack),1,2.99,06/19/24 14:57,"619 10th St, Austin, TX 73301"
222660,Apple Airpods Headphones,1,150,06/25/24 17:54,"944 8th St, Dallas, TX 75001"
222661,Apple Airpods Headphones,1,150,06/26/24 11:38,"383 Ridge St, Los Angeles, CA 90001"
222662,Lightning Charging Cable,1,14.95,06/11/24 13:49,"806 Jefferson St, Boston, MA 02215"
222663,AAA Batteries (4-pack),2,2.99,06/20/24 12:06,"551 Wilson St, Dallas, TX 75001"
222664,27in FHD Monitor,1,149.99,06/07/24 20:24,"904 Maple St, San Francisco, CA 94016"
222665,27in FHD Monitor,1,149.99,06/08/24 12:14,"303 Cherry St, Boston, MA 02215"
222666,USB-C Charging Cable,1,11.95,06/19/24 15:16,"524 Pine St, San Francisco, CA 94016"
222667,Vareebadd Phone,1,400,06/13/24 09:13,"749 Meadow St, Dallas, TX 75001"
222668,ThinkPad Laptop,1,999.99,06/20/24 14:18,"730 Chestnut St, New York City, NY 10001"
222669,Apple Airpods Headphones,1,150,06/14/24 23:30,"259 Dogwood St, Los Angeles, CA 90001"
222670,USB-C Charging Cable,1,11.95,06/27/24 04:38,"959 Maple St, Seattle, WA 98101"
222671,Apple Airpods Headphones,1,150,06/17/24 15:26,"27 Walnut St, Los Angeles, CA 90001"
222672,AA Batteries (4-pack),1,3.84,06/05/24 18:52,"106 Pine St, San Francisco, CA 94016"
222673,Apple Airpods Headphones,1,150,06/13/24 14:01,"946 5th St, San Francisco, CA 94016"
222674,AAA Batteries (4-pack),4,2.99,06/08/24 19:42,"220 Elm St, San Francisco, CA 94016"
222675,Lightning Charging Cable,1,14.95,06/22/24 23:28,"389 Jackson St, Los Angeles, CA 90001"
222676,AAA Batteries (4-pack),2,2.99,06/06/24 16:41,"343 2nd St, Los Angeles, CA 90001"
222677,AAA Batteries (4-pack),1,2.99,06/24/24 22:55,"636 10th St, Boston, MA 02215"
222678,AA Batteries (4-pack),3,3.84,06/07/24 18:51,"116 14th St, New York City, NY 10001"
222679,Lightning Charging Cable,1,14.95,06/08/24 12:34,"448 Park St, Seattle, WA 98101"
222680,Bose SoundSport Headphones,1,99.99,06/25/24 20:03,"129 Chestnut St, San Francisco, CA 94016"
222681,Google Phone,1,600,06/22/24 19:27,"731 Willow St, Dallas, TX 75001"
222682,iPhone,1,700,06/14/24 20:27,"235 Lakeview St, Los Angeles, CA 90001"
222683,Google Phone,1,600,06/27/24 20:56,"152 Church St, Portland, OR 97035"
222684,AAA Batteries (4-pack),1,2.99,06/02/24 13:55,"275 Forest St, Boston, MA 02215"
222685,AA Batteries (4-pack),1,3.84,06/26/24 10:45,"926 Highland St, San Francisco, CA 94016"
222686,Wired Headphones,1,11.99,06/22/24 16:50,"718 Madison St, New York City, NY 10001"
222687,27in FHD Monitor,1,149.99,06/21/24 18:21,"900 Wilson St, Boston, MA 02215"
222688,iPhone,1,700,06/29/24 09:05,"150 Chestnut St, Austin, TX 73301"
222688,Lightning Charging Cable,1,14.95,06/29/24 09:05,"150 Chestnut St, Austin, TX 73301"
222689,Wired Headphones,1,11.99,06/21/24 19:43,"498 1st St, Boston, MA 02215"
222690,Lightning Charging Cable,1,14.95,06/20/24 17:04,"43 Church St, San Francisco, CA 94016"
222691,iPhone,1,700,06/19/24 19:46,"423 Lakeview St, Portland, OR 97035"
222692,Google Phone,1,600,06/19/24 20:17,"436 Washington St, Los Angeles, CA 90001"
222693,27in 4K Gaming Monitor,1,389.99,06/06/24 14:24,"796 Willow St, San Francisco, CA 94016"
222694,AA Batteries (4-pack),1,3.84,06/29/24 09:16,"975 1st St, San Francisco, CA 94016"
222695,USB-C Charging Cable,1,11.95,06/14/24 08:48,"730 Johnson St, Los Angeles, CA 90001"
222696,Wired Headphones,1,11.99,06/12/24 20:21,"942 11th St, Boston, MA 02215"
222697,Vareebadd Phone,1,400,06/12/24 11:04,"725 Ridge St, Austin, TX 73301"
222697,USB-C Charging Cable,1,11.95,06/12/24 11:04,"725 Ridge St, Austin, TX 73301"
222698,AA Batteries (4-pack),1,3.84,06/28/24 17:35,"75 Jackson St, Seattle, WA 98101"
222699,Apple Airpods Headphones,1,150,06/11/24 20:22,"502 Church St, San Francisco, CA 94016"
222700,USB-C Charging Cable,1,11.95,06/17/24 13:35,"488 Jackson St, Seattle, WA 98101"
222701,Lightning Charging Cable,1,14.95,06/12/24 23:17,"290 Main St, Dallas, TX 75001"
222702,Lightning Charging Cable,1,14.95,06/12/24 12:43,"147 Madison St, Seattle, WA 98101"
222703,Flatscreen TV,1,300,06/05/24 00:26,"483 Hickory St, New York City, NY 10001"
222704,Wired Headphones,2,11.99,06/26/24 09:52,"652 14th St, Boston, MA 02215"
222705,USB-C Charging Cable,1,11.95,06/30/24 07:45,"627 11th St, New York City, NY 10001"
222706,Macbook Pro Laptop,1,1700,06/11/24 21:30,"374 Dogwood St, New York City, NY 10001"
222707,27in FHD Monitor,1,149.99,06/15/24 21:02,"769 Hill St, San Francisco, CA 94016"
222708,27in 4K Gaming Monitor,1,389.99,06/29/24 23:35,"692 Walnut St, Dallas, TX 75001"
222709,USB-C Charging Cable,1,11.95,06/20/24 22:53,"113 Willow St, Seattle, WA 98101"
222710,Macbook Pro Laptop,1,1700,06/29/24 19:23,"136 Spruce St, Los Angeles, CA 90001"
222711,AAA Batteries (4-pack),1,2.99,06/07/24 21:21,"743 Walnut St, New York City, NY 10001"
222712,AAA Batteries (4-pack),4,2.99,06/25/24 09:13,"936 Jackson St, Dallas, TX 75001"
222713,USB-C Charging Cable,1,11.95,06/03/24 18:23,"64 Forest St, San Francisco, CA 94016"
222714,27in 4K Gaming Monitor,1,389.99,06/20/24 12:39,"883 Main St, Los Angeles, CA 90001"
222715,AAA Batteries (4-pack),1,2.99,06/30/24 19:22,"864 Forest St, Los Angeles, CA 90001"
222716,Bose SoundSport Headphones,1,99.99,06/30/24 16:42,"739 Willow St, New York City, NY 10001"
222717,AA Batteries (4-pack),1,3.84,06/22/24 21:38,"879 2nd St, Austin, TX 73301"
222718,Wired Headphones,1,11.99,06/18/24 15:30,"30 Elm St, Atlanta, GA 30301"
222719,ThinkPad Laptop,1,999.99,06/29/24 13:43,"740 Meadow St, Atlanta, GA 30301"
222720,Flatscreen TV,1,300,06/30/24 21:17,"875 Lakeview St, New York City, NY 10001"
222721,USB-C Charging Cable,2,11.95,06/29/24 20:56,"948 Johnson St, Atlanta, GA 30301"
222722,Macbook Pro Laptop,1,1700,06/11/24 11:45,"379 Church St, Austin, TX 73301"
222723,ThinkPad Laptop,1,999.99,06/08/24 08:28,"506 South St, Los Angeles, CA 90001"
222724,AAA Batteries (4-pack),2,2.99,06/17/24 22:00,"41 Lake St, New York City, NY 10001"
222725,Macbook Pro Laptop,1,1700,06/19/24 02:17,"812 Sunset St, Atlanta, GA 30301"
222726,AAA Batteries (4-pack),2,2.99,06/30/24 23:07,"673 Sunset St, Atlanta, GA 30301"
222727,AA Batteries (4-pack),1,3.84,06/11/24 17:41,"129 Hill St, Seattle, WA 98101"
222728,Macbook Pro Laptop,1,1700,06/13/24 21:29,"657 River St, Los Angeles, CA 90001"
222729,AA Batteries (4-pack),1,3.84,06/21/24 15:24,"81 West St, San Francisco, CA 94016"
222730,Apple Airpods Headphones,1,150,06/12/24 11:31,"10 Walnut St, San Francisco, CA 94016"
222731,USB-C Charging Cable,1,11.95,06/28/24 21:35,"824 5th St, Portland, OR 97035"
222732,USB-C Charging Cable,1,11.95,06/06/24 10:56,"551 Spruce St, Seattle, WA 98101"
222733,AAA Batteries (4-pack),2,2.99,06/07/24 08:29,"469 Park St, Dallas, TX 75001"
222734,27in 4K Gaming Monitor,1,389.99,06/16/24 21:08,"759 Park St, Los Angeles, CA 90001"
222735,Google Phone,1,600,06/07/24 18:18,"274 Maple St, San Francisco, CA 94016"
222736,USB-C Charging Cable,1,11.95,06/11/24 17:03,"166 North St, San Francisco, CA 94016"
222737,Apple Airpods Headphones,1,150,06/10/24 11:39,"739 2nd St, Portland, OR 97035"
222738,ThinkPad Laptop,1,999.99,06/28/24 23:17,"821 Main St, Los Angeles, CA 90001"
222739,Vareebadd Phone,1,400,06/09/24 22:14,"736 Meadow St, Los Angeles, CA 90001"
222740,Wired Headphones,1,11.99,07/01/24 01:35,"804 Walnut St, New York City, NY 10001"
222741,27in 4K Gaming Monitor,1,389.99,06/28/24 11:36,"940 Jackson St, San Francisco, CA 94016"
222741,AAA Batteries (4-pack),1,2.99,06/28/24 11:36,"940 Jackson St, San Francisco, CA 94016"
222742,Lightning Charging Cable,2,14.95,06/11/24 22:11,"552 West St, San Francisco, CA 94016"
222743,Google Phone,1,600,06/02/24 11:21,"479 Lakeview St, Boston, MA 02215"
222743,USB-C Charging Cable,1,11.95,06/02/24 11:21,"479 Lakeview St, Boston, MA 02215"
222744,Macbook Pro Laptop,1,1700,06/11/24 07:38,"775 11th St, Los Angeles, CA 90001"
222745,Apple Airpods Headphones,1,150,06/08/24 16:12,"261 Sunset St, New York City, NY 10001"
222746,Google Phone,1,600,06/13/24 10:37,"2 2nd St, Boston, MA 02215"
222747,Lightning Charging Cable,1,14.95,06/05/24 15:29,"355 Church St, New York City, NY 10001"
222748,LG Dryer,1,600.0,06/15/24 10:14,"487 Johnson St, New York City, NY 10001"
222749,27in 4K Gaming Monitor,1,389.99,06/16/24 08:17,"634 Jackson St, Boston, MA 02215"
222750,Lightning Charging Cable,2,14.95,06/06/24 11:46,"894 Wilson St, Dallas, TX 75001"
222751,AA Batteries (4-pack),1,3.84,06/01/24 11:14,"24 12th St, Los Angeles, CA 90001"
222752,Lightning Charging Cable,1,14.95,06/15/24 19:59,"605 Pine St, Seattle, WA 98101"
222753,Google Phone,1,600,06/05/24 18:37,"38 2nd St, Dallas, TX 75001"
222754,20in Monitor,1,109.99,06/04/24 13:02,"228 2nd St, New York City, NY 10001"
222755,Flatscreen TV,1,300,06/26/24 14:24,"489 7th St, San Francisco, CA 94016"
222756,AA Batteries (4-pack),1,3.84,06/16/24 11:57,"803 6th St, Atlanta, GA 30301"
222757,AA Batteries (4-pack),1,3.84,06/11/24 23:35,"885 Elm St, New York City, NY 10001"
222758,Lightning Charging Cable,2,14.95,06/25/24 00:02,"181 North St, Dallas, TX 75001"
222759,Wired Headphones,1,11.99,06/27/24 15:48,"428 North St, New York City, NY 10001"
222760,Wired Headphones,2,11.99,06/11/24 13:58,"129 Chestnut St, Los Angeles, CA 90001"
222761,34in Ultrawide Monitor,1,379.99,06/17/24 09:45,"288 7th St, New York City, NY 10001"
222762,AA Batteries (4-pack),3,3.84,06/21/24 15:59,"204 Spruce St, Boston, MA 02215"
222763,AAA Batteries (4-pack),1,2.99,06/08/24 19:39,"159 4th St, Atlanta, GA 30301"
222764,AA Batteries (4-pack),1,3.84,06/08/24 20:19,"989 Lakeview St, Dallas, TX 75001"
222765,Macbook Pro Laptop,1,1700,06/14/24 21:33,"319 6th St, Portland, OR 97035"
222766,USB-C Charging Cable,1,11.95,06/26/24 19:26,"722 9th St, San Francisco, CA 94016"
222767,Lightning Charging Cable,1,14.95,06/26/24 13:57,"425 Willow St, Seattle, WA 98101"
222768,AA Batteries (4-pack),1,3.84,06/06/24 16:18,"493 13th St, Los Angeles, CA 90001"
222769,Apple Airpods Headphones,1,150,06/18/24 18:35,"913 Wilson St, Atlanta, GA 30301"
222770,34in Ultrawide Monitor,1,379.99,06/27/24 14:55,"34 Sunset St, San Francisco, CA 94016"
222771,20in Monitor,1,109.99,06/23/24 19:55,"512 Sunset St, Dallas, TX 75001"
222772,27in FHD Monitor,1,149.99,06/26/24 19:17,"186 North St, Portland, OR 97035"
222773,34in Ultrawide Monitor,1,379.99,06/23/24 14:35,"904 Walnut St, New York City, NY 10001"
222774,iPhone,1,700,06/17/24 19:56,"788 Madison St, Boston, MA 02215"
222775,AA Batteries (4-pack),1,3.84,06/19/24 17:30,"731 Adams St, Boston, MA 02215"
222776,Lightning Charging Cable,2,14.95,06/17/24 15:45,"380 Park St, San Francisco, CA 94016"
222777,ThinkPad Laptop,1,999.99,06/06/24 11:14,"42 Hickory St, Portland, ME 04101"
222778,USB-C Charging Cable,1,11.95,06/13/24 17:06,"9 Spruce St, New York City, NY 10001"
222779,Apple Airpods Headphones,1,150,06/14/24 11:04,"176 Ridge St, Dallas, TX 75001"
222780,20in Monitor,1,109.99,06/27/24 05:31,"66 Ridge St, Portland, OR 97035"
222781,AA Batteries (4-pack),1,3.84,06/04/24 14:43,"949 Wilson St, Austin, TX 73301"
222782,Vareebadd Phone,1,400,06/05/24 18:23,"417 Elm St, Los Angeles, CA 90001"
222783,AA Batteries (4-pack),2,3.84,06/11/24 17:30,"680 Main St, Atlanta, GA 30301"
222784,Apple Airpods Headphones,1,150,06/10/24 22:45,"230 12th St, Los Angeles, CA 90001"
222785,Wired Headphones,1,11.99,06/02/24 07:35,"247 Center St, San Francisco, CA 94016"
222786,34in Ultrawide Monitor,1,379.99,06/21/24 13:20,"875 Johnson St, New York City, NY 10001"
222787,AA Batteries (4-pack),1,3.84,06/03/24 02:22,"799 Spruce St, Seattle, WA 98101"
222787,27in 4K Gaming Monitor,1,389.99,06/03/24 02:22,"799 Spruce St, Seattle, WA 98101"
222788,27in 4K Gaming Monitor,1,389.99,06/01/24 22:08,"494 Jefferson St, Portland, ME 04101"
222789,Google Phone,1,600,06/01/24 09:23,"407 River St, New York City, NY 10001"
222790,AA Batteries (4-pack),1,3.84,06/01/24 18:11,"933 Chestnut St, Boston, MA 02215"
222791,ThinkPad Laptop,1,999.99,06/09/24 12:54,"284 Cedar St, Portland, ME 04101"
222792,USB-C Charging Cable,2,11.95,06/22/24 14:35,"703 Sunset St, Austin, TX 73301"
222793,Bose SoundSport Headphones,1,99.99,06/28/24 19:56,"132 5th St, Portland, OR 97035"
222794,Bose SoundSport Headphones,1,99.99,06/07/24 19:27,"590 Cedar St, Los Angeles, CA 90001"
222795,Lightning Charging Cable,1,14.95,06/18/24 18:55,"64 11th St, Atlanta, GA 30301"
222796,Apple Airpods Headphones,1,150,06/07/24 10:14,"200 Maple St, Seattle, WA 98101"
222797,20in Monitor,1,109.99,06/12/24 09:38,"609 Lakeview St, Boston, MA 02215"
222798,Apple Airpods Headphones,1,150,06/06/24 10:12,"47 Chestnut St, Atlanta, GA 30301"
222799,Wired Headphones,1,11.99,06/15/24 22:28,"80 Madison St, New York City, NY 10001"
222800,AA Batteries (4-pack),1,3.84,06/30/24 15:21,"220 Cedar St, Portland, OR 97035"
222801,Wired Headphones,1,11.99,06/27/24 12:13,"717 Spruce St, San Francisco, CA 94016"
222802,Bose SoundSport Headphones,1,99.99,06/27/24 10:14,"243 West St, New York City, NY 10001"
222803,Bose SoundSport Headphones,1,99.99,06/12/24 23:44,"284 Lake St, New York City, NY 10001"
222804,27in 4K Gaming Monitor,1,389.99,06/08/24 13:15,"637 Main St, Boston, MA 02215"
222805,Bose SoundSport Headphones,1,99.99,06/10/24 11:50,"701 Cedar St, San Francisco, CA 94016"
222806,AAA Batteries (4-pack),1,2.99,06/11/24 18:22,"781 Main St, San Francisco, CA 94016"
222807,34in Ultrawide Monitor,1,379.99,06/26/24 22:28,"924 Pine St, New York City, NY 10001"
222808,USB-C Charging Cable,1,11.95,06/21/24 19:20,"863 Dogwood St, Dallas, TX 75001"
222809,Wired Headphones,1,11.99,06/25/24 11:14,"371 Maple St, Portland, OR 97035"
222810,20in Monitor,1,109.99,06/15/24 10:23,"347 Adams St, San Francisco, CA 94016"
222811,Wired Headphones,1,11.99,06/04/24 18:48,"507 Johnson St, Portland, OR 97035"
222812,Vareebadd Phone,1,400,06/16/24 13:13,"567 Meadow St, Los Angeles, CA 90001"
222812,USB-C Charging Cable,1,11.95,06/16/24 13:13,"567 Meadow St, Los Angeles, CA 90001"
222812,Wired Headphones,1,11.99,06/16/24 13:13,"567 Meadow St, Los Angeles, CA 90001"
222813,AAA Batteries (4-pack),1,2.99,06/30/24 23:36,"825 7th St, Los Angeles, CA 90001"
222814,Wired Headphones,2,11.99,06/06/24 10:49,"244 Lakeview St, New York City, NY 10001"
222815,Lightning Charging Cable,2,14.95,06/06/24 23:07,"315 9th St, Boston, MA 02215"
222816,Flatscreen TV,1,300,06/27/24 21:52,"65 8th St, San Francisco, CA 94016"
222817,iPhone,1,700,06/21/24 10:27,"114 7th St, Los Angeles, CA 90001"
222817,Wired Headphones,1,11.99,06/21/24 10:27,"114 7th St, Los Angeles, CA 90001"
222818,Wired Headphones,1,11.99,06/22/24 02:35,"757 Willow St, New York City, NY 10001"
222819,Lightning Charging Cable,1,14.95,06/07/24 10:42,"926 4th St, Dallas, TX 75001"
222820,Google Phone,1,600,06/25/24 18:50,"764 Madison St, San Francisco, CA 94016"
222821,AAA Batteries (4-pack),2,2.99,06/12/24 22:08,"935 Forest St, Portland, OR 97035"
222822,Macbook Pro Laptop,1,1700,06/17/24 00:18,"393 Willow St, San Francisco, CA 94016"
222823,AA Batteries (4-pack),1,3.84,06/16/24 13:05,"994 Center St, Seattle, WA 98101"
222824,Apple Airpods Headphones,1,150,06/30/24 12:54,"293 Washington St, Seattle, WA 98101"
222825,USB-C Charging Cable,1,11.95,06/09/24 18:02,"228 Hill St, Atlanta, GA 30301"
222826,AAA Batteries (4-pack),2,2.99,06/25/24 08:33,"208 14th St, San Francisco, CA 94016"
222827,AA Batteries (4-pack),1,3.84,06/23/24 08:19,"588 Dogwood St, Austin, TX 73301"
222828,Apple Airpods Headphones,1,150,06/21/24 15:05,"92 West St, New York City, NY 10001"
222829,USB-C Charging Cable,1,11.95,06/27/24 09:00,"55 South St, San Francisco, CA 94016"
222830,AA Batteries (4-pack),1,3.84,06/10/24 17:25,"474 Madison St, Seattle, WA 98101"
222831,Flatscreen TV,1,300,06/01/24 18:06,"565 Madison St, Seattle, WA 98101"
222832,27in 4K Gaming Monitor,1,389.99,06/25/24 01:09,"910 4th St, New York City, NY 10001"
222833,AAA Batteries (4-pack),2,2.99,06/13/24 17:15,"126 Lake St, Austin, TX 73301"
222834,AAA Batteries (4-pack),2,2.99,06/22/24 12:34,"150 8th St, Los Angeles, CA 90001"
222835,LG Washing Machine,1,600.0,06/22/24 09:46,"473 Lincoln St, Atlanta, GA 30301"
222836,Bose SoundSport Headphones,1,99.99,06/25/24 10:11,"687 Ridge St, New York City, NY 10001"
222837,AAA Batteries (4-pack),1,2.99,06/11/24 13:59,"898 13th St, Atlanta, GA 30301"
222838,27in FHD Monitor,1,149.99,06/14/24 15:57,"473 10th St, San Francisco, CA 94016"
222839,LG Washing Machine,1,600.0,06/29/24 09:27,"592 8th St, Atlanta, GA 30301"
222840,AA Batteries (4-pack),2,3.84,06/22/24 00:34,"781 6th St, Austin, TX 73301"
222841,Wired Headphones,3,11.99,06/21/24 12:34,"602 River St, San Francisco, CA 94016"
222842,USB-C Charging Cable,1,11.95,06/16/24 16:32,"902 Cedar St, Boston, MA 02215"
222843,Google Phone,1,600,06/14/24 19:04,"845 River St, Los Angeles, CA 90001"
222844,27in FHD Monitor,1,149.99,06/14/24 00:26,"265 Adams St, San Francisco, CA 94016"
222845,AA Batteries (4-pack),3,3.84,06/29/24 08:58,"589 1st St, Atlanta, GA 30301"
222846,ThinkPad Laptop,1,999.99,06/15/24 16:19,"459 Johnson St, Dallas, TX 75001"
222847,Apple Airpods Headphones,1,150,06/30/24 08:49,"633 Main St, Boston, MA 02215"
222848,Bose SoundSport Headphones,1,99.99,06/22/24 21:41,"428 8th St, Los Angeles, CA 90001"
222849,USB-C Charging Cable,2,11.95,06/09/24 19:09,"26 9th St, Boston, MA 02215"
222850,Flatscreen TV,1,300,06/20/24 17:11,"221 Jackson St, Atlanta, GA 30301"
222851,Wired Headphones,1,11.99,06/08/24 15:33,"99 14th St, New York City, NY 10001"
222852,USB-C Charging Cable,1,11.95,06/26/24 20:03,"97 5th St, San Francisco, CA 94016"
222853,AA Batteries (4-pack),1,3.84,06/28/24 13:03,"267 5th St, Seattle, WA 98101"
222854,20in Monitor,1,109.99,06/30/24 01:06,"892 4th St, New York City, NY 10001"
222855,AA Batteries (4-pack),1,3.84,06/12/24 11:35,"735 Highland St, New York City, NY 10001"
222856,AAA Batteries (4-pack),2,2.99,06/03/24 13:53,"164 Johnson St, San Francisco, CA 94016"
222857,AA Batteries (4-pack),2,3.84,06/20/24 16:09,"36 West St, Atlanta, GA 30301"
222858,Apple Airpods Headphones,1,150,06/14/24 19:00,"656 Maple St, Boston, MA 02215"
222859,iPhone,1,700,06/04/24 19:38,"512 13th St, Atlanta, GA 30301"
222860,Flatscreen TV,1,300,06/11/24 12:14,"782 Elm St, Boston, MA 02215"
222861,Wired Headphones,2,11.99,06/26/24 22:16,"606 Pine St, Portland, OR 97035"
222862,27in FHD Monitor,1,149.99,06/21/24 07:33,"159 Maple St, San Francisco, CA 94016"
222863,27in FHD Monitor,1,149.99,06/07/24 11:05,"222 Walnut St, Austin, TX 73301"
222863,Bose SoundSport Headphones,1,99.99,06/07/24 11:05,"222 Walnut St, Austin, TX 73301"
222864,Apple Airpods Headphones,1,150,06/29/24 19:46,"382 11th St, San Francisco, CA 94016"
222865,Wired Headphones,1,11.99,06/14/24 20:01,"233 7th St, New York City, NY 10001"
222866,AA Batteries (4-pack),1,3.84,06/16/24 19:55,"583 Dogwood St, New York City, NY 10001"
222867,AA Batteries (4-pack),1,3.84,06/27/24 07:57,"408 Hickory St, San Francisco, CA 94016"
222868,iPhone,1,700,06/16/24 13:53,"505 North St, New York City, NY 10001"
222868,Apple Airpods Headphones,1,150,06/16/24 13:53,"505 North St, New York City, NY 10001"
222869,Flatscreen TV,1,300,06/30/24 21:03,"464 Ridge St, Boston, MA 02215"
222870,AA Batteries (4-pack),2,3.84,06/01/24 08:47,"697 Forest St, Dallas, TX 75001"
222871,Lightning Charging Cable,1,14.95,06/09/24 10:16,"317 Madison St, Los Angeles, CA 90001"
222872,USB-C Charging Cable,1,11.95,06/17/24 08:28,"402 11th St, Boston, MA 02215"
222873,Lightning Charging Cable,1,14.95,06/29/24 10:20,"18 Maple St, Boston, MA 02215"
222874,ThinkPad Laptop,1,999.99,06/09/24 11:14,"549 Adams St, Los Angeles, CA 90001"
222875,AA Batteries (4-pack),1,3.84,06/07/24 11:46,"829 Jackson St, New York City, NY 10001"
222876,LG Washing Machine,1,600.0,06/08/24 12:31,"749 Madison St, San Francisco, CA 94016"
222877,Wired Headphones,1,11.99,06/28/24 21:28,"745 8th St, Dallas, TX 75001"
222878,Lightning Charging Cable,1,14.95,06/18/24 18:56,"371 6th St, Los Angeles, CA 90001"
222879,AA Batteries (4-pack),1,3.84,06/07/24 19:38,"997 Meadow St, Dallas, TX 75001"
222880,Lightning Charging Cable,1,14.95,06/28/24 11:52,"787 Jackson St, San Francisco, CA 94016"
222881,AA Batteries (4-pack),1,3.84,06/05/24 16:06,"620 Park St, Atlanta, GA 30301"
222882,Apple Airpods Headphones,1,150,06/18/24 11:37,"990 Walnut St, Los Angeles, CA 90001"
222882,AA Batteries (4-pack),1,3.84,06/18/24 11:37,"990 Walnut St, Los Angeles, CA 90001"
222883,34in Ultrawide Monitor,1,379.99,06/14/24 09:12,"508 West St, San Francisco, CA 94016"
222884,Google Phone,1,600,06/04/24 12:06,"819 Pine St, New York City, NY 10001"
222884,USB-C Charging Cable,1,11.95,06/04/24 12:06,"819 Pine St, New York City, NY 10001"
222885,LG Dryer,1,600.0,06/01/24 13:22,"447 Spruce St, New York City, NY 10001"
222886,AA Batteries (4-pack),1,3.84,06/07/24 12:18,"703 14th St, Portland, ME 04101"
222887,USB-C Charging Cable,1,11.95,06/14/24 12:19,"801 9th St, Austin, TX 73301"
222888,USB-C Charging Cable,1,11.95,06/11/24 15:59,"615 Elm St, Boston, MA 02215"
222889,Bose SoundSport Headphones,1,99.99,06/05/24 06:19,"448 10th St, Los Angeles, CA 90001"
222890,AAA Batteries (4-pack),1,2.99,06/24/24 07:54,"665 South St, San Francisco, CA 94016"
222891,Lightning Charging Cable,1,14.95,06/04/24 23:55,"99 Lincoln St, New York City, NY 10001"
222892,AAA Batteries (4-pack),2,2.99,06/21/24 12:48,"23 1st St, New York City, NY 10001"
222893,USB-C Charging Cable,1,11.95,06/28/24 18:50,"802 Church St, Los Angeles, CA 90001"
222894,USB-C Charging Cable,1,11.95,06/15/24 16:56,"449 12th St, Seattle, WA 98101"
222895,34in Ultrawide Monitor,1,379.99,06/29/24 20:39,"497 1st St, San Francisco, CA 94016"
222896,Wired Headphones,1,11.99,06/13/24 19:54,"594 Meadow St, New York City, NY 10001"
222897,27in 4K Gaming Monitor,1,389.99,06/01/24 23:58,"350 10th St, San Francisco, CA 94016"
222898,20in Monitor,1,109.99,06/29/24 15:08,"798 Park St, San Francisco, CA 94016"
222899,AAA Batteries (4-pack),1,2.99,06/18/24 16:34,"688 1st St, New York City, NY 10001"
222900,Lightning Charging Cable,1,14.95,06/19/24 20:00,"590 Wilson St, Los Angeles, CA 90001"
222901,AAA Batteries (4-pack),1,2.99,06/11/24 04:00,"891 South St, Atlanta, GA 30301"
222902,Lightning Charging Cable,1,14.95,06/10/24 17:43,"847 Main St, Atlanta, GA 30301"
222903,iPhone,1,700,06/07/24 22:21,"685 Hickory St, New York City, NY 10001"
222903,Lightning Charging Cable,1,14.95,06/07/24 22:21,"685 Hickory St, New York City, NY 10001"
222904,Macbook Pro Laptop,1,1700,06/09/24 22:07,"975 2nd St, Los Angeles, CA 90001"
222905,AAA Batteries (4-pack),1,2.99,06/07/24 19:02,"795 Pine St, Boston, MA 02215"
222906,27in FHD Monitor,1,149.99,06/01/24 19:29,"495 North St, New York City, NY 10001"
222907,USB-C Charging Cable,1,11.95,06/22/24 18:57,"319 Ridge St, San Francisco, CA 94016"
222908,USB-C Charging Cable,1,11.95,06/26/24 18:35,"916 Main St, San Francisco, CA 94016"
222909,AAA Batteries (4-pack),1,2.99,06/25/24 14:33,"209 11th St, Atlanta, GA 30301"
